Created graph
[-7.0, -5, -3.0]
[-6.0, -5, -4.0]
[-5.5, -5, -4.5]
[-5.25, -5, -4.75]
[-5.125, -5, -4.875]
[-5.0625, -5, -4.9375]
1 3 250
Score: 107.25008
Signatures: [[1.2246731519699097, 1.2553209066390991, 0.4236986041069031, 0.8933371901512146, 1.0594152212142944, 1.198194980621338, 0.42660894989967346, 1.0146005153656006, 1.064415693283081, 1.1359317302703857, 0.25200334191322327, 0.9911473393440247, 1.0321706533432007, 1.4885153770446777, 0.4036828577518463, 1.3376752138137817, 0.8240594863891602, 0.6531622409820557, 0.4864501953125, 0.8358924984931946, 0.688823401927948, 0.798900306224823, 0.5307087302207947, 0.9988037347793579, 0.4271155893802643, 0.6402501463890076, 0.3118297755718231, 0.6871239542961121, 1.3192110061645508, 1.1417763233184814, 0.4891047179698944, 1.8829338550567627, 1.4865483045578003, 1.4082180261611938, 5.717111587524414, 1.2919762134552002, 1.7154916524887085, 1.4627796411514282, 4.892128944396973, 1.940094232559204, 1.855102300643921, 2.102437734603882, 5.570703506469727, 1.6593472957611084, 2.8535451889038086, 2.8252294063568115, 3.990079402923584, 2.3664886951446533, 0.32513946294784546, 0.6247579455375671, 0.49730488657951355, 0.3588443994522095, 0.1757432073354721, 0.678925096988678, 0.7077171206474304, 0.5680594444274902, 0.22667884826660156, 0.4121648073196411, 0.4300491511821747, 0.2885777950286865, 0.316608726978302, 0.3620060980319977, 0.2715977132320404, 0.38201311230659485, 0.7840396165847778, 0.6949652433395386, 1.1136646270751953, 1.0817893743515015, 0.38261130452156067, 0.8913283348083496, 0.9024747014045715, 0.8893423080444336, 1.064809799194336, 0.5467029213905334, 0.8309224843978882, 0.7066725492477417, 0.6085060834884644, 0.7449123859405518, 0.562238872051239, 0.49467018246650696, 0.17779037356376648, 0.18149031698703766, 0.3526245951652527, 0.20940543711185455, 0.17807981371879578, 0.30117061734199524, 0.5964996814727783, 0.6131083369255066, 0.17011815309524536, 0.24979275465011597, 0.4183933138847351, 0.25900304317474365, 0.23397725820541382, 0.2923673391342163, 0.32512056827545166, 0.4568565785884857], [0.0, 0.14525510370731354, 0.011270157061517239, 0.0027444646693766117, 0.012089691124856472, 0.0, 0.01920870877802372, 0.058558061718940735, 0.0, 0.0, 0.058010946959257126, 0.0, 1.5817121267318726, 0.4703536629676819, 0.16249854862689972, 0.4191770553588867, 0.06932636350393295, 0.08719875663518906, 0.09341883659362793, 0.04456811770796776, 0.15161190927028656, 0.0, 0.0, 0.18234047293663025, 0.05055724456906319, 0.0, 0.0005469484021887183, 0.06825731694698334, 9.567743301391602, 3.1149470806121826, 0.6888940930366516, 9.90272045135498, 0.13888928294181824, 0.0, 0.0, 0.03472042828798294, 0.4356760084629059, 0.02104312554001808, 0.0, 0.030516088008880615, 0.07621221989393234, 0.0, 0.0, 0.13569095730781555, 7.599923610687256, 2.124971389770508, 2.0201587677001953, 2.611480474472046, 0.0, 0.00023097207304090261, 0.045697491616010666, 0.0, 0.11034983396530151, 0.0, 0.0, 0.0, 0.0047128587029874325, 6.394221600203309e-06, 0.0, 0.004950443282723427, 0.0, 0.002399471588432789, 6.926417427166598e-06, 0.0, 0.0, 0.0, 0.042682476341724396, 0.020690424367785454, 0.0, 0.04493752866983414, 0.0, 0.0, 0.0, 0.0, 0.0, 0.05118444934487343, 0.0, 0.0010793162509799004, 0.0, 0.0, 0.0, 0.0, 0.0, 0.014989876188337803, 5.732212230213918e-05, 0.0087946318089962, 0.0, 0.08903380483388901, 0.0, 0.0, 0.0, 0.00540967658162117, 0.0, 0.0, 0.077733114361763, 0.013134194537997246], [0.0, 0.0, 0.0, 0.0, 0.0, 0.0, 0.0, 0.0, 0.0, 0.0, 0.0, 0.0, 0.5992777347564697, 0.1737014502286911, 0.1795726865530014, 0.3537448048591614, 0.0, 0.0, 0.0, 0.0, 0.0, 0.0, 0.0, 0.0, 5.971717769170937e-07, 0.0, 0.0, 0.0, 0.4159840941429138, 0.2170720100402832, 0.0, 4.046978950500488, 0.0, 0.0, 0.0, 0.008252416737377644, 0.24018752574920654, 0.019194863736629486, 0.0, 0.07521269470453262, 0.0, 0.0, 0.0, 0.0, 12.929581642150879, 2.3015384674072266, 3.2472665309906006, 7.626018524169922, 0.0, 0.0, 0.01085130125284195, 0.0, 0.0, 0.0, 0.0, 0.0, 0.0, 0.0, 0.0, 0.0, 0.0, 0.0, 0.0, 0.0, 0.0, 0.0, 0.0, 0.0, 0.0, 0.0, 0.0, 0.0, 0.0, 0.0, 0.0, 0.0, 0.0, 0.0, 0.0, 8.52175617183093e-06, 0.0, 0.0, 0.0, 0.0, 0.0, 0.0, 0.0, 0.0, 0.0, 0.01691853627562523, 0.0, 0.0, 0.0, 0.001533458475023508, 0.0, 0.0]]
Time 1798.40443110466
