Created graph
[-7.0, -5, -3.0]
[-6.0, -5, -4.0]
[-5.5, -5, -4.5]
[-5.25, -5, -4.75]
[-5.125, -5, -4.875]
[-5.0625, -5, -4.9375]
10 3 50
Score: 107.246346
Signatures: [[1.2251203060150146, 1.2557957172393799, 0.42385897040367126, 0.8936721086502075, 1.0598177909851074, 1.198632836341858, 0.4267778694629669, 1.0149425268173218, 1.0647929906845093, 1.1363178491592407, 0.25212007761001587, 0.9915206432342529, 1.032616138458252, 1.4891541004180908, 0.40387776494026184, 1.3382229804992676, 0.8243778944015503, 0.6534361839294434, 0.4866413474082947, 0.8362165093421936, 0.6890971660614014, 0.7992050051689148, 0.5309339165687561, 0.9992167353630066, 0.427293598651886, 0.640493631362915, 0.3119422197341919, 0.6874061822891235, 1.3200100660324097, 1.1423262357711792, 0.4893375337123871, 1.8841310739517212, 1.4871212244033813, 1.4087380170822144, 5.719254493713379, 1.29244863986969, 1.7161988019943237, 1.4633439779281616, 4.894114017486572, 1.9408669471740723, 1.8558226823806763, 2.10318660736084, 5.572786808013916, 1.660024642944336, 2.8556087017059326, 2.8264334201812744, 3.991827964782715, 2.3677239418029785, 0.3252568542957306, 0.6249853372573853, 0.49750426411628723, 0.35898664593696594, 0.17581433057785034, 0.6791802644729614, 0.7079946398735046, 0.5682597160339355, 0.22677211463451385, 0.4123157858848572, 0.43020638823509216, 0.2886940538883209, 0.3167259991168976, 0.3621419072151184, 0.2717076539993286, 0.3821534216403961, 0.7843353748321533, 0.695219099521637, 1.1141363382339478, 1.0822303295135498, 0.38275453448295593, 0.8916546106338501, 0.9028121829032898, 0.889674723148346, 1.065178394317627, 0.546904981136322, 0.8312267661094666, 0.7069438099861145, 0.6087029576301575, 0.7451949119567871, 0.5624398589134216, 0.49486643075942993, 0.1778663843870163, 0.18155981600284576, 0.35275664925575256, 0.20949725806713104, 0.1781487613916397, 0.30129069089889526, 0.5967255234718323, 0.6133517026901245, 0.17018675804138184, 0.2498863935470581, 0.4185512661933899, 0.2591077983379364, 0.23405930399894714, 0.2924827039241791, 0.3252590000629425, 0.45705538988113403], [0.0, 0.14534278213977814, 0.011278660036623478, 0.002749964129179716, 0.01210242509841919, 0.0, 0.01921679452061653, 0.058594875037670135, 0.0, 0.0, 0.058037806302309036, 0.0, 1.5825958251953125, 0.4705651104450226, 0.1626104861497879, 0.4193955361843109, 0.06936367601156235, 0.08723682165145874, 0.09347248822450638, 0.044591024518013, 0.15169771015644073, 0.0, 0.0, 0.18243837356567383, 0.05058053880929947, 0.0, 0.0005486426525749266, 0.06828101724386215, 9.572498321533203, 3.116506814956665, 0.6893100142478943, 9.908562660217285, 0.13897833228111267, 0.0, 0.0, 0.034742798656225204, 0.43599045276641846, 0.021052896976470947, 0.0, 0.030525950714945793, 0.07625514268875122, 0.0, 0.0, 0.13575494289398193, 7.606077671051025, 2.126485586166382, 2.0218589305877686, 2.6142001152038574, 0.0, 0.00023406188120134175, 0.04572506621479988, 0.0, 0.11041908711194992, 0.0, 0.0, 0.0, 0.00470926146954298, 6.849882538517704e-06, 0.0, 0.004950790200382471, 0.0, 0.002402795245870948, 6.555547770403791e-06, 0.0, 0.0, 0.0, 0.04269399121403694, 0.020706580951809883, 0.0, 0.0449710339307785, 0.0, 0.0, 0.0, 0.0, 0.0, 0.051213592290878296, 0.0, 0.0010829720413312316, 0.0, 0.0, 0.0, 0.0, 0.0, 0.014998694881796837, 5.7666122302180156e-05, 0.008800444193184376, 0.0, 0.08908645063638687, 0.0, 0.0, 0.0, 0.0054094260558485985, 0.0, 0.0, 0.07777631282806396, 0.013136041350662708], [0.0, 0.0, 0.0, 0.0, 0.0, 0.0, 0.0, 0.0, 0.0, 0.0, 0.0, 0.0, 0.5998236536979675, 0.17390424013137817, 0.17965398728847504, 0.3539978265762329, 0.0, 0.0, 0.0, 0.0, 0.0, 0.0, 0.0, 0.0, 1.1061191571570816e-06, 0.0, 0.0, 0.0, 0.4177692234516144, 0.21778495609760284, 0.0, 4.0501708984375, 0.0, 0.0, 0.0, 0.008278639055788517, 0.24030616879463196, 0.01922430284321308, 0.0, 0.07526795566082001, 0.0, 0.0, 0.0, 0.0, 12.935312271118164, 2.302807569503784, 3.2486987113952637, 7.6293463706970215, 0.0, 0.0, 0.0108616529032588, 0.0, 0.0, 0.0, 0.0, 0.0, 0.0, 0.0, 0.0, 0.0, 0.0, 0.0, 0.0, 0.0, 0.0, 0.0, 0.0, 0.0, 0.0, 0.0, 0.0, 0.0, 0.0, 0.0, 0.0, 0.0, 0.0, 0.0, 0.0, 9.243794011126738e-06, 0.0, 0.0, 0.0, 0.0, 0.0, 0.0, 0.0, 0.0, 0.0, 0.016934072598814964, 0.0, 0.0, 0.0, 0.0015352617483586073, 0.0, 0.0]]
Time 1800.8209118843079
