Created graph
[-7.0, -5, -3.0]
[-6.0, -5, -4.0]
[-5.5, -5, -4.5]
[-5.25, -5, -4.75]
[-5.125, -5, -4.875]
[-5.0625, -5, -4.9375]
100 4 100
Score: 103.511566
Signatures: [[0.0, 0.0, 0.0, 0.0, 0.0, 0.0, 0.0, 0.0, 0.0, 0.0, 0.0, 0.0, 0.5357288122177124, 0.2904345989227295, 0.19638068974018097, 0.4213930666446686, 0.0, 0.0, 0.0, 0.0, 0.0, 0.0, 0.0, 0.0, 0.0028997224289923906, 0.0, 0.0, 0.0, 0.0, 0.044754039496183395, 0.0, 3.0861947536468506, 0.010415883734822273, 0.0, 0.0, 0.06757353246212006, 0.3677883446216583, 0.03427783399820328, 0.0, 0.09936515241861343, 0.028813760727643967, 0.016730042174458504, 0.0, 0.0, 12.419331550598145, 2.657973051071167, 4.22269344329834, 6.884781837463379, 0.0, 0.0, 0.04129169136285782, 0.0, 0.0, 0.0, 0.0, 0.0, 0.0020753280259668827, 0.0, 0.0, 0.0, 0.0, 0.0, 0.0, 0.0, 0.0, 0.0, 0.0, 0.0, 0.0, 0.0, 0.0, 0.0, 0.0, 0.0, 0.0, 0.0, 0.0, 0.0, 0.0, 0.05610877275466919, 0.0, 0.0, 0.0, 0.0, 0.0, 0.0, 0.0, 0.0, 0.0, 0.029995622113347054, 0.0, 0.0, 0.0, 0.0, 0.0, 0.0], [0.4535907506942749, 0.84205561876297, 0.27759355306625366, 0.36565151810646057, 0.4116305410861969, 0.29384052753448486, 0.30351722240448, 0.5615556836128235, 0.07511203736066818, 0.4577770531177521, 0.1410144418478012, 0.4526595175266266, 1.7717334032058716, 0.8101708889007568, 0.11452390253543854, 1.0850011110305786, 0.44744691252708435, 0.12980838119983673, 0.2835785448551178, 0.41909027099609375, 0.3405911922454834, 0.27940070629119873, 0.1915174424648285, 0.5428587198257446, 0.10787024348974228, 0.33089277148246765, 0.05230686441063881, 0.49375826120376587, 3.242342472076416, 1.3606181144714355, 0.7235892415046692, 2.828974723815918, 0.4720372259616852, 0.14845144748687744, 2.862755537033081, 0.30978718400001526, 1.0806059837341309, 0.6913771629333496, 2.3681716918945312, 0.9433864951133728, 0.8382594585418701, 0.27748915553092957, 2.428159236907959, 0.5782626867294312, 2.1379201412200928, 1.3342901468276978, 2.4646236896514893, 4.701838493347168, 0.1229001134634018, 0.2093958556652069, 0.10087450593709946, 0.0, 0.17633260786533356, 0.20427249372005463, 0.24520054459571838, 0.1956205666065216, 0.08193542808294296, 0.22469156980514526, 0.14174018800258636, 0.17419038712978363, 0.15118816494941711, 0.09212003648281097, 0.19980353116989136, 0.0417303703725338, 0.38348451256752014, 0.0, 0.6334160566329956, 0.5546482801437378, 0.0, 0.19497302174568176, 0.22047056257724762, 0.31605851650238037, 0.18436723947525024, 0.30827558040618896, 0.06937797367572784, 0.1874421089887619, 0.04491269588470459, 0.416310578584671, 0.048120126128196716, 0.0, 0.06465360522270203, 0.12062299251556396, 0.17094722390174866, 0.16000105440616608, 0.038389477878808975, 0.11039691418409348, 0.17400069534778595, 0.2902925908565521, 0.06867029517889023, 0.05889749526977539, 0.12747696042060852, 0.16794267296791077, 0.10101567208766937, 0.15080544352531433, 0.16639456152915955, 0.21235808730125427], [1.1654201745986938, 1.0041404962539673, 0.31934359669685364, 0.8175276517868042, 1.0082818269729614, 1.2477978467941284, 0.3067283034324646, 0.8541102409362793, 1.245287299156189, 1.0553416013717651, 0.22080017626285553, 0.8871880769729614, 0.20012855529785156, 1.2718952894210815, 0.38099318742752075, 0.9366634488105774, 0.7079998254776001, 0.7312532663345337, 0.42845073342323303, 0.7457488775253296, 0.645665168762207, 0.7819138169288635, 0.5118752121925354, 0.8888349533081055, 0.4514976143836975, 0.5445380210876465, 0.34824052453041077, 0.5311133861541748, 0.28272169828414917, 0.7572574615478516, 0.18770194053649902, 1.294122338294983, 1.4927815198898315, 1.6092314720153809, 4.8365020751953125, 1.33635413646698, 1.3808382749557495, 1.260464072227478, 4.14892578125, 1.6686630249023438, 1.6485172510147095, 2.3060595989227295, 4.833967685699463, 1.6274070739746094, 1.8868792057037354, 2.4167308807373047, 2.909245729446411, 0.0, 0.3001222312450409, 0.6142608523368835, 0.5203840732574463, 0.45012521743774414, 0.12482857704162598, 0.6745575070381165, 0.6784439086914062, 0.5490316152572632, 0.21812009811401367, 0.3398902714252472, 0.41905486583709717, 0.22829410433769226, 0.2771528959274292, 0.3783242106437683, 0.18633303046226501, 0.4528927206993103, 0.6739863157272339, 0.869235098361969, 0.9105648398399353, 0.9233500957489014, 0.47485044598579407, 0.9539943933486938, 0.9518491625785828, 0.8672992587089539, 1.144533634185791, 0.43013736605644226, 0.9494849443435669, 0.748914897441864, 0.7141591310501099, 0.6079145073890686, 0.6504979133605957, 0.5913113951683044, 0.16680124402046204, 0.1341785341501236, 0.31293171644210815, 0.14494211971759796, 0.19483602046966553, 0.294388085603714, 0.6007946729660034, 0.5796949863433838, 0.1609416902065277, 0.2533583343029022, 0.42308175563812256, 0.19894802570343018, 0.21585381031036377, 0.2397436797618866, 0.29766416549682617, 0.4127938747406006], [0.0, 0.01751675084233284, 0.0, 0.0, 0.0006338243838399649, 0.0, 0.0, 0.002293863333761692, 0.0, 0.0, 0.03734326362609863, 0.0, 1.2868479490280151, 0.32048577070236206, 0.18234391510486603, 0.2304995357990265, 0.02021898701786995, 0.09027237445116043, 0.049449723213911057, 0.004225814715027809, 0.1080448254942894, 0.0, 0.0, 0.11185971647500992, 0.057456593960523605, 0.0, 0.007983757182955742, 0.0, 9.37437915802002, 3.0152485370635986, 0.5360516309738159, 10.290550231933594, 0.12905198335647583, 0.014835302717983723, 0.0, 0.03805109113454819, 0.21302933990955353, 0.0, 0.0, 0.0, 0.028127402067184448, 0.0, 0.0, 0.13561704754829407, 8.539291381835938, 1.9381260871887207, 1.3070473670959473, 2.7480883598327637, 0.0, 0.0, 0.04901767522096634, 0.0, 0.07407837361097336, 0.0, 0.0, 0.0, 0.0, 0.0, 0.0, 0.0, 0.0, 0.0045819091610610485, 0.0, 0.0, 0.0, 0.024982815608382225, 0.0, 0.0, 0.0, 0.06247507780790329, 0.0, 0.0, 0.0, 0.0, 0.0, 0.05828917771577835, 0.026931434869766235, 0.0, 0.0075995586812496185, 0.0, 0.0, 0.0, 0.0, 0.0, 0.000907985377125442, 2.8366321203066036e-05, 0.0, 0.047520242631435394, 0.0, 0.0, 0.0, 0.0, 0.0, 0.0, 0.04940479248762131, 0.0]]
Time 2735.1826782226562
