Created graph
[-7.0, -5, -3.0]
[-6.0, -5, -4.0]
[-5.5, -5, -4.5]
[-5.25, -5, -4.75]
[-5.125, -5, -4.875]
[-5.0625, -5, -4.9375]
1 4 5
Score: 103.53449
Signatures: [[0.0, 0.0, 0.0, 0.0, 0.0, 0.0, 0.0, 0.0, 0.0, 0.0, 0.0, 0.0, 0.5328741073608398, 0.2883267402648926, 0.1953326165676117, 0.4193468987941742, 0.0, 0.0, 0.0, 0.0, 0.0, 0.0, 0.0, 0.0, 0.0025195342022925615, 0.0, 0.0, 0.0, 0.0, 0.041068900376558304, 0.0, 3.0598342418670654, 0.009800270199775696, 0.0, 0.0, 0.06666496396064758, 0.3661501109600067, 0.033540572971105576, 0.0, 0.0990760549902916, 0.02816985920071602, 0.01492797676473856, 0.0, 0.0, 12.353728294372559, 2.642287015914917, 4.202140808105469, 6.855711460113525, 0.0, 0.0, 0.0408325120806694, 0.0, 0.0, 0.0, 0.0, 0.0, 0.0020346669480204582, 0.0, 0.0, 0.0, 0.0, 0.0, 0.0, 0.0, 0.0, 0.0, 0.0, 0.0, 0.0, 0.0, 0.0, 0.0, 0.0, 0.0, 0.0, 0.0, 0.0, 0.0, 0.0, 0.05520866438746452, 0.0, 0.0, 0.0, 0.0, 0.0, 0.0, 0.0, 0.0, 0.0, 0.029362009838223457, 0.0, 0.0, 0.0, 0.0, 0.0, 0.0], [0.45426398515701294, 0.8397632837295532, 0.27822238206863403, 0.36471953988075256, 0.4098780155181885, 0.2927435338497162, 0.30320701003074646, 0.5610036849975586, 0.07624232769012451, 0.45878615975379944, 0.140226811170578, 0.45134493708610535, 1.7597404718399048, 0.8015058636665344, 0.1134190633893013, 1.075310230255127, 0.44519269466400146, 0.12762825191020966, 0.28298479318618774, 0.4179355800151825, 0.3390580713748932, 0.27803316712379456, 0.19191108644008636, 0.5392779111862183, 0.10744726657867432, 0.32909703254699707, 0.052512407302856445, 0.4923616349697113, 3.2070364952087402, 1.3443806171417236, 0.7192801833152771, 2.781808376312256, 0.471049040555954, 0.15020893514156342, 2.8724217414855957, 0.3083344101905823, 1.0726430416107178, 0.6912320256233215, 2.373727321624756, 0.9372020363807678, 0.8378939628601074, 0.28068989515304565, 2.443469524383545, 0.5736839175224304, 2.089059829711914, 1.3110287189483643, 2.4445340633392334, 4.6521406173706055, 0.12345815449953079, 0.20864538848400116, 0.10086388885974884, 0.0, 0.17587502300739288, 0.2046997845172882, 0.24599501490592957, 0.19661404192447662, 0.08159644156694412, 0.22459127008914948, 0.14176923036575317, 0.17383535206317902, 0.15191620588302612, 0.09226950258016586, 0.19942176342010498, 0.04097822681069374, 0.38491472601890564, 0.0, 0.6355065107345581, 0.5547555088996887, 0.0, 0.19445063173770905, 0.21947243809700012, 0.31774774193763733, 0.18679165840148926, 0.3075920641422272, 0.07314493507146835, 0.18746286630630493, 0.04564553126692772, 0.41733652353286743, 0.04979723319411278, 0.0, 0.0645018070936203, 0.12067369371652603, 0.17122578620910645, 0.15967623889446259, 0.038166917860507965, 0.11008722335100174, 0.17571759223937988, 0.29174506664276123, 0.06818845123052597, 0.05941186472773552, 0.127730131149292, 0.16805869340896606, 0.10056354105472565, 0.15022867918014526, 0.1645279824733734, 0.21333172917366028], [1.1587460041046143, 0.9969918131828308, 0.31602057814598083, 0.8135251402854919, 1.0040467977523804, 1.243607997894287, 0.30384671688079834, 0.8484668731689453, 1.2406660318374634, 1.0489027500152588, 0.21951229870319366, 0.8826848268508911, 0.19204917550086975, 1.2676104307174683, 0.3795968294143677, 0.9317997097969055, 0.704526424407959, 0.7300503253936768, 0.42577311396598816, 0.7417460083961487, 0.6425466537475586, 0.7788464426994324, 0.5086466073989868, 0.8848453164100647, 0.44993528723716736, 0.5421760082244873, 0.347004234790802, 0.5271657109260559, 0.27073246240615845, 0.7535773515701294, 0.1837090700864792, 1.2935556173324585, 1.4864422082901, 1.6027284860610962, 4.7957377433776855, 1.3320584297180176, 1.374065637588501, 1.2520748376846313, 4.1153998374938965, 1.6614562273025513, 1.638144850730896, 2.2964835166931152, 4.790983200073242, 1.6220004558563232, 1.8852094411849976, 2.413666009902954, 2.8924825191497803, 0.0, 0.29804566502571106, 0.6116396188735962, 0.5183157920837402, 0.4490340054035187, 0.1235182136297226, 0.6709969639778137, 0.6742332577705383, 0.5456143021583557, 0.21724189817905426, 0.3374479115009308, 0.4169463515281677, 0.22661109268665314, 0.27477821707725525, 0.37657180428504944, 0.18459543585777283, 0.45214563608169556, 0.6683182120323181, 0.8674194812774658, 0.9013504385948181, 0.9164351224899292, 0.47378861904144287, 0.9508939385414124, 0.9486265182495117, 0.8616364002227783, 1.138715147972107, 0.4273640513420105, 0.9436295032501221, 0.7457629442214966, 0.7120912075042725, 0.6024284362792969, 0.6473361849784851, 0.59005206823349, 0.1659225970506668, 0.13294421136379242, 0.3107062578201294, 0.14348013699054718, 0.19428668916225433, 0.2930038273334503, 0.5967949032783508, 0.575253427028656, 0.16036099195480347, 0.2521640658378601, 0.42091745138168335, 0.19707006216049194, 0.21498075127601624, 0.2384248524904251, 0.2968319058418274, 0.40926408767700195], [0.0, 0.017770681530237198, 0.0, 0.0, 0.0006152744172140956, 0.0, 0.0, 0.0022583329118788242, 0.0, 0.0, 0.03724265098571777, 0.0, 1.2807393074035645, 0.3201807141304016, 0.18076381087303162, 0.23070597648620605, 0.020321352407336235, 0.0898878425359726, 0.04913376644253731, 0.00417564669623971, 0.10743209719657898, 0.0, 0.0, 0.11159441620111465, 0.0570966862142086, 0.0, 0.007672670762985945, 0.0, 9.324728965759277, 3.0007236003875732, 0.5339987277984619, 10.23089599609375, 0.12781673669815063, 0.013733359053730965, 0.0, 0.037691306322813034, 0.21206536889076233, 0.0, 0.0, 0.0, 0.02775813266634941, 0.0, 0.0, 0.1353207230567932, 8.468907356262207, 1.9242544174194336, 1.2933666706085205, 2.7221126556396484, 0.0, 0.0, 0.04847927391529083, 0.0, 0.07371124625205994, 0.0, 0.0, 0.0, 0.0, 0.0, 0.0, 0.0, 0.0, 0.004345017019659281, 0.0, 0.0, 0.0, 0.02415677160024643, 0.0, 0.0, 0.0, 0.061629608273506165, 0.0, 0.0, 0.0, 0.0, 0.0, 0.057535648345947266, 0.02615833468735218, 0.0, 0.006875733379274607, 0.0, 0.0, 0.0, 0.0, 0.0, 0.0008394498727284372, 1.3992986168887e-05, 0.0, 0.04663412272930145, 0.0, 0.0, 0.0, 0.0, 0.0, 0.0, 0.049346815794706345, 0.0]]
Time 1796.5183713436127
