Created graph
[-7.0, -5, -3.0]
[-6.0, -5, -4.0]
[-5.5, -5, -4.5]
[-5.25, -5, -4.75]
[-5.125, -5, -4.875]
[-5.0625, -5, -4.9375]
1 3 200
Score: 107.25031
Signatures: [[1.224674105644226, 1.2553212642669678, 0.4236987233161926, 0.8933377265930176, 1.059415578842163, 1.1981955766677856, 0.4266093075275421, 1.0146009922027588, 1.0644162893295288, 1.1359326839447021, 0.2520034909248352, 0.9911479949951172, 1.0321720838546753, 1.4885156154632568, 0.40368252992630005, 1.33767569065094, 0.8240600824356079, 0.6531627774238586, 0.486450731754303, 0.8358933329582214, 0.6888238191604614, 0.7989011406898499, 0.5307090282440186, 0.9988044500350952, 0.42711588740348816, 0.6402507424354553, 0.311830073595047, 0.687124490737915, 1.3192105293273926, 1.1417760848999023, 0.4891051650047302, 1.8829329013824463, 1.4865483045578003, 1.4082181453704834, 5.717113494873047, 1.2919763326644897, 1.7154922485351562, 1.462780237197876, 4.892129421234131, 1.9400943517684937, 1.8551020622253418, 2.102438449859619, 5.570704936981201, 1.6593481302261353, 2.8535358905792236, 2.8252294063568115, 3.9900755882263184, 2.366487503051758, 0.32513970136642456, 0.6247579455375671, 0.49730488657951355, 0.3588445782661438, 0.1757434755563736, 0.6789257526397705, 0.7077178359031677, 0.5680599808692932, 0.22667905688285828, 0.41216495633125305, 0.43004941940307617, 0.2885780334472656, 0.3166089653968811, 0.36200621724128723, 0.2715979218482971, 0.3820135295391083, 0.7840397953987122, 0.6949656009674072, 1.1136651039123535, 1.0817897319793701, 0.38261160254478455, 0.891328752040863, 0.9024751782417297, 0.8893431425094604, 1.0648101568222046, 0.5467034578323364, 0.8309226632118225, 0.7066728472709656, 0.6085060238838196, 0.7449128031730652, 0.5622391104698181, 0.4946702718734741, 0.17779043316841125, 0.1814904361963272, 0.35262489318847656, 0.20940573513507843, 0.17808011174201965, 0.3011707663536072, 0.5965000987052917, 0.6131089925765991, 0.1701182723045349, 0.24979332089424133, 0.418393611907959, 0.25900331139564514, 0.2339775413274765, 0.2923675775527954, 0.32512080669403076, 0.45685696601867676], [0.0, 0.14525602757930756, 0.011270321905612946, 0.002744628582149744, 0.01209012046456337, 0.0, 0.019208796322345734, 0.058558788150548935, 0.0, 0.0, 0.05801086872816086, 0.0, 1.5817104578018188, 0.4703519642353058, 0.16249679028987885, 0.41917628049850464, 0.06932645291090012, 0.08719877153635025, 0.09341885149478912, 0.04456818848848343, 0.15161184966564178, 0.0, 0.0, 0.18234026432037354, 0.050557468086481094, 0.0, 0.0005469380412250757, 0.06825771182775497, 9.56772232055664, 3.114938259124756, 0.68889319896698, 9.902698516845703, 0.13889005780220032, 0.0, 0.0, 0.03472072258591652, 0.435675710439682, 0.021043624728918076, 0.0, 0.030515849590301514, 0.07621247321367264, 0.0, 0.0, 0.13569128513336182, 7.599897861480713, 2.124960422515869, 2.0201520919799805, 2.611476421356201, 0.0, 0.000230997204198502, 0.045697711408138275, 0.0, 0.11034967750310898, 0.0, 0.0, 0.0, 0.00471283495426178, 6.404779014701489e-06, 0.0, 0.004950532224029303, 0.0, 0.002399588469415903, 6.936097179277567e-06, 0.0, 0.0, 0.0, 0.04268285632133484, 0.02069070190191269, 0.0, 0.04493764787912369, 0.0, 0.0, 0.0, 0.0, 0.0, 0.05118430033326149, 0.0, 0.0010793787660077214, 0.0, 0.0, 0.0, 0.0, 0.0, 0.01498981099575758, 5.730751945520751e-05, 0.00879477709531784, 0.0, 0.08903390914201736, 0.0, 0.0, 0.0, 0.005409667268395424, 0.0, 0.0, 0.07773292809724808, 0.01313426811248064], [0.0, 0.0, 0.0, 0.0, 0.0, 0.0, 0.0, 0.0, 0.0, 0.0, 0.0, 0.0, 0.5992745161056519, 0.1737031638622284, 0.17957493662834167, 0.3537450134754181, 0.0, 0.0, 0.0, 0.0, 0.0, 0.0, 0.0, 0.0, 6.082343588786898e-07, 0.0, 0.0, 0.0, 0.4159887433052063, 0.21707749366760254, 0.0, 4.046986103057861, 0.0, 0.0, 0.0, 0.008252615109086037, 0.24018751084804535, 0.019194846972823143, 0.0, 0.07521386444568634, 0.0, 0.0, 0.0, 0.0, 12.929594993591309, 2.3015434741973877, 3.2472734451293945, 7.626006603240967, 0.0, 0.0, 0.010851266793906689, 0.0, 0.0, 0.0, 0.0, 0.0, 0.0, 0.0, 0.0, 0.0, 0.0, 0.0, 0.0, 0.0, 0.0, 0.0, 0.0, 0.0, 0.0, 0.0, 0.0, 0.0, 0.0, 0.0, 0.0, 0.0, 0.0, 0.0, 0.0, 8.552487088309135e-06, 0.0, 0.0, 0.0, 0.0, 0.0, 0.0, 0.0, 0.0, 0.0, 0.016918286681175232, 0.0, 0.0, 0.0, 0.0015334761701524258, 0.0, 0.0]]
Time 1857.7411613464355
