Created graph
[-7.0, -5, -3.0]
[-6.0, -5, -4.0]
[-5.5, -5, -4.5]
[-5.25, -5, -4.75]
[-5.125, -5, -4.875]
[-5.0625, -5, -4.9375]
0 4 200
Score: 103.53515
Signatures: [[0.0, 0.0, 0.0, 0.0, 0.0, 0.0, 0.0, 0.0, 0.0, 0.0, 0.0, 0.0, 0.5328313708305359, 0.2883146405220032, 0.19532327353954315, 0.4193287491798401, 0.0, 0.0, 0.0, 0.0, 0.0, 0.0, 0.0, 0.0, 0.0025198538787662983, 0.0, 0.0, 0.0, 0.0, 0.041041381657123566, 0.0, 3.0596611499786377, 0.009798805229365826, 0.0, 0.0, 0.06666333973407745, 0.3661382496356964, 0.03353514149785042, 0.0, 0.0990789383649826, 0.028165645897388458, 0.014913312159478664, 0.0, 0.0, 12.353217124938965, 2.6421732902526855, 4.201959609985352, 6.855408668518066, 0.0, 0.0, 0.040830619633197784, 0.0, 0.0, 0.0, 0.0, 0.0, 0.002036663703620434, 0.0, 0.0, 0.0, 0.0, 0.0, 0.0, 0.0, 0.0, 0.0, 0.0, 0.0, 0.0, 0.0, 0.0, 0.0, 0.0, 0.0, 0.0, 0.0, 0.0, 0.0, 0.0, 0.0552046112716198, 0.0, 0.0, 0.0, 0.0, 0.0, 0.0, 0.0, 0.0, 0.0, 0.02935960330069065, 0.0, 0.0, 0.0, 0.0, 0.0, 0.0], [0.4542303681373596, 0.8396947979927063, 0.27821314334869385, 0.3646846115589142, 0.4098149240016937, 0.2926854193210602, 0.30319127440452576, 0.5609660744667053, 0.07623865455389023, 0.45876967906951904, 0.1402166187763214, 0.45130589604377747, 1.7596358060836792, 0.801398754119873, 0.11341210454702377, 1.075170874595642, 0.44512972235679626, 0.12757466733455658, 0.28292563557624817, 0.41786226630210876, 0.33899298310279846, 0.2779635488986969, 0.19189304113388062, 0.5391955375671387, 0.10741834342479706, 0.32904937863349915, 0.052492883056402206, 0.4922982454299927, 3.2066800594329834, 1.3441532850265503, 0.7192050814628601, 2.7813072204589844, 0.47100722789764404, 0.15021023154258728, 2.8725357055664062, 0.3083097040653229, 1.0725376605987549, 0.6912251114845276, 2.3738574981689453, 0.9371274709701538, 0.8378769159317017, 0.28074920177459717, 2.4436991214752197, 0.573588490486145, 2.0887935161590576, 1.3107638359069824, 2.444460391998291, 4.651778221130371, 0.12345621734857559, 0.20862272381782532, 0.1008632630109787, 0.0, 0.17585253715515137, 0.20467957854270935, 0.245979443192482, 0.19658289849758148, 0.08158106356859207, 0.2245795875787735, 0.14175450801849365, 0.17382702231407166, 0.15191593766212463, 0.092267245054245, 0.19941042363643646, 0.040947869420051575, 0.3849107623100281, 0.0, 0.635503351688385, 0.5547257661819458, 0.0, 0.19442474842071533, 0.2194427251815796, 0.31772956252098083, 0.18681637942790985, 0.3075803816318512, 0.0731893852353096, 0.18744149804115295, 0.0456492081284523, 0.41732943058013916, 0.04981714114546776, 0.0, 0.06449713557958603, 0.12066569924354553, 0.17121921479701996, 0.15966416895389557, 0.03815814107656479, 0.11007258296012878, 0.17570123076438904, 0.2917230427265167, 0.06817486882209778, 0.05940474197268486, 0.1277155578136444, 0.168047696352005, 0.10055112838745117, 0.15021993219852448, 0.16449213027954102, 0.21332299709320068], [1.1587201356887817, 0.9969669580459595, 0.3160046935081482, 0.8135117888450623, 1.0040487051010132, 1.2436081171035767, 0.3038332164287567, 0.8484470248222351, 1.2406337261199951, 1.0488682985305786, 0.21950405836105347, 0.8826713562011719, 0.19199329614639282, 1.2675952911376953, 0.37958231568336487, 0.9318015575408936, 0.7045273184776306, 0.7300629615783691, 0.42578473687171936, 0.7417581677436829, 0.6425560116767883, 0.7788630127906799, 0.5086348652839661, 0.8848461508750916, 0.4499366879463196, 0.5421817302703857, 0.34700772166252136, 0.5271721482276917, 0.27068862318992615, 0.7536090016365051, 0.18370430171489716, 1.2936259508132935, 1.486411213874817, 1.602676510810852, 4.795380592346191, 1.3320302963256836, 1.3740381002426147, 1.2520105838775635, 4.115056037902832, 1.6614140272140503, 1.638069748878479, 2.2963802814483643, 4.790558338165283, 1.6219916343688965, 1.885105848312378, 2.4136836528778076, 2.892285108566284, 0.0, 0.2980324923992157, 0.6116308569908142, 0.5182980298995972, 0.44902506470680237, 0.12351953983306885, 0.6709854006767273, 0.6742134690284729, 0.5456152558326721, 0.21724247932434082, 0.33743634819984436, 0.4169401228427887, 0.22660090029239655, 0.2747635543346405, 0.3765590786933899, 0.18458670377731323, 0.45215749740600586, 0.6682841181755066, 0.867411196231842, 0.9012893438339233, 0.9164007902145386, 0.4737808406352997, 0.9508833885192871, 0.948615312576294, 0.8616109490394592, 1.1386642456054688, 0.42734646797180176, 0.9435709118843079, 0.745750904083252, 0.7120770215988159, 0.60239577293396, 0.6473048329353333, 0.5900366902351379, 0.16591744124889374, 0.1329401731491089, 0.3106941878795624, 0.14347517490386963, 0.19428697228431702, 0.29300040006637573, 0.5967819094657898, 0.5752381682395935, 0.1603633016347885, 0.2521606981754303, 0.42091104388237, 0.19706380367279053, 0.21498098969459534, 0.23841698467731476, 0.29683759808540344, 0.4092458486557007], [0.0, 0.017780646681785583, 0.0, 0.0, 0.0006182342185638845, 0.0, 0.0, 0.0022616619244217873, 0.0, 0.0, 0.03724290430545807, 0.0, 1.280712366104126, 0.3201858401298523, 0.1807531714439392, 0.2307228446006775, 0.02033020183444023, 0.08989235013723373, 0.04914363473653793, 0.004185261204838753, 0.10743952542543411, 0.0, 0.0, 0.11160420626401901, 0.05709776282310486, 0.0, 0.007674801629036665, 0.0, 9.324347496032715, 3.000636100769043, 0.5339934825897217, 10.230454444885254, 0.1278119832277298, 0.013725410215556622, 0.0, 0.03768682852387428, 0.2120676040649414, 0.0, 0.0, 0.0, 0.027757465839385986, 0.0, 0.0, 0.13533303141593933, 8.468366622924805, 1.9241653680801392, 1.2932666540145874, 2.721975564956665, 0.0, 0.0, 0.048473913222551346, 0.0, 0.07371324300765991, 0.0, 0.0, 0.0, 0.0, 0.0, 0.0, 0.0, 0.0, 0.004343367647379637, 0.0, 0.0, 0.0, 0.02414943277835846, 0.0, 0.0, 0.0, 0.06162703409790993, 0.0, 0.0, 0.0, 0.0, 0.0, 0.057533979415893555, 0.026151785627007484, 0.0, 0.006868498865514994, 0.0, 0.0, 0.0, 0.0, 0.0, 0.0008398321224376559, 1.4130230738373939e-05, 0.0, 0.046634491533041, 0.0, 0.0, 0.0, 0.0, 0.0, 0.0, 0.04935120418667793, 0.0]]
Time 2852.523046731949
