Created graph
[-7.0, -5, -3.0]
[-6.0, -5, -4.0]
[-5.5, -5, -4.5]
[-5.25, -5, -4.75]
[-5.125, -5, -4.875]
[-5.0625, -5, -4.9375]
100 3 50
Score: 107.20986
Signatures: [[1.22958505153656, 1.2606663703918457, 0.4255068004131317, 0.8970544338226318, 1.0639125108718872, 1.2030800580978394, 0.42849087715148926, 1.0184446573257446, 1.0685817003250122, 1.1402174234390259, 0.2532898485660553, 0.9952913522720337, 1.0371066331863403, 1.4956122636795044, 0.40580782294273376, 1.3437367677688599, 0.8276402950286865, 0.6562079787254333, 0.48862022161483765, 0.8395101428031921, 0.6918796300888062, 0.8023055195808411, 0.5332195162773132, 1.0034359693527222, 0.4291094243526459, 0.6429600119590759, 0.31309276819229126, 0.6903056502342224, 1.3285868167877197, 1.1479713916778564, 0.4917362928390503, 1.8967567682266235, 1.4928756952285767, 1.413979411125183, 5.740775108337402, 1.2972261905670166, 1.723375678062439, 1.4690184593200684, 4.913974761962891, 1.948651909828186, 1.8631010055541992, 2.110732316970825, 5.5938496589660645, 1.6668248176574707, 2.8762238025665283, 2.838557481765747, 4.009468078613281, 2.3800809383392334, 0.3264470398426056, 0.6273049116134644, 0.49949589371681213, 0.3604123890399933, 0.17655900120735168, 0.6817601919174194, 0.7108020782470703, 0.5703032612800598, 0.2277245968580246, 0.4138531982898712, 0.4318113923072815, 0.28987640142440796, 0.31791573762893677, 0.36351579427719116, 0.27280575037002563, 0.3835746645927429, 0.7873448133468628, 0.69778972864151, 1.1188894510269165, 1.0866881608963013, 0.3842167556285858, 0.8949612379074097, 0.9062358140945435, 0.8930348753929138, 1.0689125061035156, 0.5489315986633301, 0.8342817425727844, 0.7096999883651733, 0.6107016801834106, 0.7480639219284058, 0.5644651055335999, 0.49684271216392517, 0.1786319464445114, 0.18226934969425201, 0.3541029095649719, 0.21041589975357056, 0.1788426786661148, 0.302525132894516, 0.5990144610404968, 0.6158233284950256, 0.17087718844413757, 0.25084981322288513, 0.4201428294181824, 0.2601722478866577, 0.23489439487457275, 0.29363545775413513, 0.3266604542732239, 0.45905548334121704], [0.0, 0.1461249738931656, 0.011334795504808426, 0.002785821445286274, 0.012187981978058815, 0.0, 0.019277745857834816, 0.05892670899629593, 0.0, 0.0, 0.05830463767051697, 0.0, 1.5915175676345825, 0.4725484549999237, 0.16369034349918365, 0.42143845558166504, 0.06970895081758499, 0.08759905397891998, 0.09397529810667038, 0.0447988398373127, 0.15253180265426636, 0.0, 0.0, 0.18338711559772491, 0.050792716443538666, 0.0, 0.000558800355065614, 0.06848237663507462, 9.620327949523926, 3.1319901943206787, 0.6934608221054077, 9.96742057800293, 0.13985593616962433, 0.0, 0.0, 0.034935738891363144, 0.4390517473220825, 0.021120185032486916, 0.0, 0.03052975982427597, 0.07668913900852203, 0.0, 0.0, 0.13637372851371765, 7.669720649719238, 2.1417183876037598, 2.0393903255462646, 2.6423723697662354, 0.0, 0.0002624669286888093, 0.0459941104054451, 0.0, 0.11109792441129684, 0.0, 0.0, 0.0, 0.004668239504098892, 1.0742696758825332e-05, 0.0, 0.004938716068863869, 0.0, 0.0024337824434041977, 3.619176823121961e-06, 0.0, 0.0, 0.0, 0.04278697073459625, 0.020822597667574883, 0.0, 0.0452977791428566, 0.0, 0.0, 0.0, 0.0, 0.0, 0.05147101730108261, 0.0, 0.0011091303313151002, 0.0, 0.0, 0.0, 0.0, 0.0, 0.015086782164871693, 6.05079039814882e-05, 0.008838668465614319, 0.0, 0.08958965539932251, 0.0, 0.0, 0.0, 0.0053965141996741295, 2.198545416831621e-07, 0.0, 0.07819632440805435, 0.013143546879291534], [0.0, 0.0, 0.0, 0.0, 0.0, 0.0, 0.0, 0.0, 0.0, 0.0, 0.0, 0.0, 0.6054724454879761, 0.17611415684223175, 0.18059319257736206, 0.3567931652069092, 0.0, 0.0, 0.0, 0.0, 0.0, 0.0, 0.0, 0.0, 1.4563382137566805e-05, 0.0, 0.0, 0.0, 0.4356793165206909, 0.22517049312591553, 0.0, 4.082953929901123, 0.0, 0.0, 0.0, 0.008553260006010532, 0.24161860346794128, 0.019550884142518044, 0.0, 0.07592684030532837, 0.0, 0.0, 0.0, 0.0, 12.993934631347656, 2.31612229347229, 3.2633819580078125, 7.663930892944336, 0.0, 0.0, 0.010977585799992085, 0.0, 0.0, 0.0, 0.0, 0.0, 0.0, 0.0, 0.0, 0.0, 0.0, 0.0, 0.0, 0.0, 0.0, 0.0, 0.0, 0.0, 0.0, 0.0, 0.0, 0.0, 0.0, 0.0, 0.0, 0.0, 0.0, 0.0, 0.0, 1.7840189684648067e-05, 0.0, 0.0, 0.0, 0.0, 0.0, 0.0, 0.0, 0.0, 0.0, 0.017087941989302635, 0.0, 0.0, 0.0, 0.0015625914093106985, 0.0, 0.0]]
Time 2693.0623919963837
