Created graph
[-7.0, -5, -3.0]
[-6.0, -5, -4.0]
[-5.5, -5, -4.5]
[-5.25, -5, -4.75]
[-5.125, -5, -4.875]
[-5.0625, -5, -4.9375]
100 3 200
Score: 107.2087
Signatures: [[1.230239987373352, 1.2612314224243164, 0.42568492889404297, 0.8975439071655273, 1.0644886493682861, 1.203822374343872, 0.42869213223457336, 1.019154667854309, 1.0692819356918335, 1.1410040855407715, 0.2533264458179474, 0.9958968758583069, 1.0375211238861084, 1.4959301948547363, 0.40595877170562744, 1.3442118167877197, 0.82804936170578, 0.6564444303512573, 0.4888390302658081, 0.839918851852417, 0.6922483444213867, 0.8028218150138855, 0.533435046672821, 1.00384521484375, 0.42927286028862, 0.6432821750640869, 0.31330037117004395, 0.690499484539032, 1.329304814338684, 1.148355484008789, 0.4919789731502533, 1.89849054813385, 1.4935694932937622, 1.4147875308990479, 5.743910312652588, 1.2978957891464233, 1.724010705947876, 1.469740629196167, 4.91629695892334, 1.9495936632156372, 1.8640798330307007, 2.1121537685394287, 5.597533226013184, 1.6674327850341797, 2.87774658203125, 2.8397884368896484, 4.010669708251953, 2.3812272548675537, 0.326633095741272, 0.6277602314949036, 0.4996933937072754, 0.3605990409851074, 0.17665472626686096, 0.6822170615196228, 0.7112108469009399, 0.5707153081893921, 0.22777660191059113, 0.4141482412815094, 0.4321174621582031, 0.2900114059448242, 0.31814342737197876, 0.3636970520019531, 0.2729138135910034, 0.38380691409111023, 0.7878649830818176, 0.6982176899909973, 1.1192706823349, 1.0872061252593994, 0.38444843888282776, 0.8954944610595703, 0.9067608118057251, 0.8935363292694092, 1.0696237087249756, 0.5492590069770813, 0.83486407995224, 0.7101263999938965, 0.6111767888069153, 0.7484866976737976, 0.5648427605628967, 0.49707528948783875, 0.17869693040847778, 0.1823449432849884, 0.35427722334861755, 0.2105061411857605, 0.17893294990062714, 0.30265557765960693, 0.599319338798523, 0.616074800491333, 0.17094944417476654, 0.2510263919830322, 0.42037519812583923, 0.26029208302497864, 0.2350444495677948, 0.29379305243492126, 0.32677605748176575, 0.4591471552848816], [0.0, 0.14657066762447357, 0.011498119682073593, 0.002892513992264867, 0.012314772233366966, 0.0, 0.019408665597438812, 0.05912695825099945, 0.0, 0.0, 0.058454856276512146, 0.0, 1.5924584865570068, 0.47287309169769287, 0.1636747121810913, 0.42193540930747986, 0.06994642317295074, 0.08788198977708817, 0.09419678896665573, 0.045016076415777206, 0.15276271104812622, 0.0, 0.0, 0.183791384100914, 0.05093369632959366, 0.0, 0.0005866058054380119, 0.06880100816488266, 9.623678207397461, 3.1329355239868164, 0.6940227150917053, 9.970027923583984, 0.14026160538196564, 0.0, 0.0, 0.03520192578434944, 0.43954169750213623, 0.02135835587978363, 0.0, 0.030790992081165314, 0.07705911248922348, 0.0, 0.0, 0.1369701474905014, 7.6750969886779785, 2.1425018310546875, 2.0409531593322754, 2.646122932434082, 0.0, 0.00028336464310996234, 0.046098750084638596, 0.0, 0.11119776219129562, 0.0, 0.0, 0.0, 0.004733486101031303, 1.2615608284249902e-05, 0.0, 0.005032803863286972, 0.0, 0.002503694035112858, 7.822241968824528e-06, 0.0, 0.0, 0.0, 0.04309311881661415, 0.020969852805137634, 0.0, 0.045520003885030746, 0.0, 0.0, 0.0, 0.0, 0.0, 0.05163639783859253, 0.0, 0.0012084791669622064, 0.0, 0.0, 0.0, 0.0, 0.0, 0.015152736566960812, 7.485597598133609e-05, 0.008932363241910934, 0.0, 0.0899004116654396, 0.0, 0.0, 0.0, 0.0054898373782634735, 4.942396572005237e-07, 0.0, 0.07834092527627945, 0.013315313495695591], [0.0, 0.0, 0.0, 0.0, 0.0, 0.0, 0.0, 0.0, 0.0, 0.0, 0.0, 0.0, 0.6068548560142517, 0.1768980324268341, 0.18109524250030518, 0.3574131727218628, 0.0, 0.0, 0.0, 0.0, 0.0, 0.0, 0.0, 0.0, 2.0649229554692283e-05, 0.0, 0.0, 0.0, 0.4403676986694336, 0.2273520529270172, 0.0, 4.094170570373535, 0.0, 0.0, 0.0, 0.00855649821460247, 0.2422776222229004, 0.019622627645730972, 0.0, 0.07616439461708069, 0.0, 0.0, 0.0, 0.0, 13.013117790222168, 2.3208632469177246, 3.2690885066986084, 7.673773765563965, 0.0, 0.0, 0.01104122307151556, 0.0, 0.0, 0.0, 0.0, 0.0, 0.0, 0.0, 0.0, 0.0, 0.0, 0.0, 0.0, 0.0, 0.0, 0.0, 0.0, 0.0, 0.0, 0.0, 0.0, 0.0, 0.0, 0.0, 0.0, 0.0, 0.0, 0.0, 0.0, 2.709609725570772e-05, 0.0, 0.0, 0.0, 0.0, 0.0, 0.0, 0.0, 0.0, 0.0, 0.01712147518992424, 0.0, 0.0, 0.0, 0.0015859527047723532, 0.0, 0.0]]
Time 2829.4283747673035
