Created graph
[-7.0, -5, -3.0]
[-6.0, -5, -4.0]
[-5.5, -5, -4.5]
[-5.25, -5, -4.75]
[-5.125, -5, -4.875]
[-5.0625, -5, -4.9375]
1 3 5
Score: 107.24986
Signatures: [[1.22465980052948, 1.2553099393844604, 0.4236938953399658, 0.8933269381523132, 1.059403419494629, 1.1981810331344604, 0.4266047477722168, 1.0145872831344604, 1.064402461051941, 1.135918378829956, 0.25200164318084717, 0.9911351203918457, 1.032162070274353, 1.4885048866271973, 0.4036784768104553, 1.337662935256958, 0.8240506052970886, 0.6531563997268677, 0.48644572496414185, 0.8358840346336365, 0.6888161301612854, 0.7988908886909485, 0.5307038426399231, 0.9987947344779968, 0.42711198329925537, 0.6402439475059509, 0.3118261992931366, 0.6871187090873718, 1.3191829919815063, 1.1417629718780518, 0.489099383354187, 1.8829004764556885, 1.4865318536758423, 1.4082008600234985, 5.717047214508057, 1.291960597038269, 1.7154752016067505, 1.462763786315918, 4.892079830169678, 1.9400722980499268, 1.8550809621810913, 2.1024091243743896, 5.570629119873047, 1.6593334674835205, 2.8534903526306152, 2.8252007961273193, 3.9900410175323486, 2.3664662837982178, 0.32513627409935, 0.624748706817627, 0.497300386428833, 0.3588399887084961, 0.17574211955070496, 0.678916335105896, 0.7077092528343201, 0.5680519938468933, 0.2266772836446762, 0.4121595621109009, 0.4300433099269867, 0.2885751724243164, 0.3166046440601349, 0.3620017468929291, 0.27159586548805237, 0.3820086121559143, 0.7840293645858765, 0.6949561238288879, 1.113654375076294, 1.081777811050415, 0.3826068341732025, 0.8913179039955139, 0.9024640321731567, 0.8893330693244934, 1.0647965669631958, 0.5466970205307007, 0.8309112787246704, 0.7066637873649597, 0.6084972023963928, 0.7449038624763489, 0.5622318387031555, 0.4946649670600891, 0.1777888536453247, 0.18148867785930634, 0.35262125730514526, 0.20940342545509338, 0.17807812988758087, 0.3011680543422699, 0.5964938998222351, 0.6131027340888977, 0.1701163798570633, 0.2497907131910324, 0.41838890314102173, 0.259000301361084, 0.23397424817085266, 0.2923645079135895, 0.32511845231056213, 0.4568534791469574], [0.0, 0.14524924755096436, 0.011268329806625843, 0.002743452088907361, 0.012087930925190449, 0.0, 0.01920723170042038, 0.0585566982626915, 0.0, 0.0, 0.058008309453725815, 0.0, 1.5816823244094849, 0.470344215631485, 0.1624937355518341, 0.41916999220848083, 0.06932343542575836, 0.08719491213560104, 0.09341492503881454, 0.04456506296992302, 0.151606947183609, 0.0, 0.0, 0.1823333352804184, 0.050554994493722916, 0.0, 0.000546514755114913, 0.06825309246778488, 9.567610740661621, 3.114895820617676, 0.6888791918754578, 9.902569770812988, 0.1388835608959198, 0.0, 0.0, 0.034717246890068054, 0.4356611967086792, 0.021040091291069984, 0.0, 0.03051372990012169, 0.07620619237422943, 0.0, 0.0, 0.13568110764026642, 7.599740982055664, 2.1249239444732666, 2.0201053619384766, 2.61137318611145, 0.0, 0.0002306853566551581, 0.04569542035460472, 0.0, 0.11034693568944931, 0.0, 0.0, 0.0, 0.00471197534352541, 6.372961706802016e-06, 0.0, 0.004949253983795643, 0.0, 0.002398901851847768, 6.857438165752683e-06, 0.0, 0.0, 0.0, 0.04267920181155205, 0.02068844623863697, 0.0, 0.0449337475001812, 0.0, 0.0, 0.0, 0.0, 0.0, 0.051181498914957047, 0.0, 0.0010782491881400347, 0.0, 0.0, 0.0, 0.0, 0.0, 0.01498895138502121, 5.713788414141163e-05, 0.008793104439973831, 0.0, 0.08902941644191742, 0.0, 0.0, 0.0, 0.005408769007772207, 0.0, 0.0, 0.0777297168970108, 0.013132079504430294], [0.0, 0.0, 0.0, 0.0, 0.0, 0.0, 0.0, 0.0, 0.0, 0.0, 0.0, 0.0, 0.5992506742477417, 0.17368972301483154, 0.17956885695457458, 0.3537304997444153, 0.0, 0.0, 0.0, 0.0, 0.0, 0.0, 0.0, 0.0, 5.821704576192133e-07, 0.0, 0.0, 0.0, 0.41589733958244324, 0.21704205870628357, 0.0, 4.04679536819458, 0.0, 0.0, 0.0, 0.00825231522321701, 0.2401803433895111, 0.019193051382899284, 0.0, 0.07520934194326401, 0.0, 0.0, 0.0, 0.0, 12.92928695678711, 2.301469326019287, 3.2471814155578613, 7.625856399536133, 0.0, 0.0, 0.01085073221474886, 0.0, 0.0, 0.0, 0.0, 0.0, 0.0, 0.0, 0.0, 0.0, 0.0, 0.0, 0.0, 0.0, 0.0, 0.0, 0.0, 0.0, 0.0, 0.0, 0.0, 0.0, 0.0, 0.0, 0.0, 0.0, 0.0, 0.0, 0.0, 8.46689181344118e-06, 0.0, 0.0, 0.0, 0.0, 0.0, 0.0, 0.0, 0.0, 0.0, 0.016917269676923752, 0.0, 0.0, 0.0, 0.001533006434328854, 0.0, 0.0]]
Time 1783.1453394889832
