Created graph
[-7.0, -5, -3.0]
[-6.0, -5, -4.0]
[-5.5, -5, -4.5]
[-5.25, -5, -4.75]
[-4.875, -4.75, -4.625]
[-4.9375, -4.875, -4.8125]
5000 3 250
Score: 105.73005
Signatures: [[0.029872030019760132, 0.3626611828804016, 0.0778660848736763, 0.10212904959917068, 0.12729868292808533, 0.0, 0.07211209088563919, 0.17284710705280304, 0.0, 0.0, 0.11595708876848221, 0.033572617918252945, 1.9720182418823242, 0.7118839621543884, 0.2319391518831253, 0.7179746031761169, 0.21734900772571564, 0.21857863664627075, 0.2132805436849594, 0.16859747469425201, 0.32332637906074524, 0.03511163592338562, 4.053749216836877e-05, 0.43046775460243225, 0.12376293540000916, 0.06493818759918213, 0.035897620022296906, 0.2152348905801773, 12.265350341796875, 4.326004981994629, 0.9474431872367859, 12.929506301879883, 0.34057310223579407, 0.018494030460715294, 0.0, 0.13554935157299042, 0.6599922180175781, 0.13859152793884277, 0.0, 0.13383956253528595, 0.24154138565063477, 0.0, 0.0, 0.37402188777923584, 10.757919311523438, 3.097726821899414, 2.664883852005005, 3.4800076484680176, 0.0, 0.04553183540701866, 0.09371694177389145, 0.0, 0.18126961588859558, 0.0, 0.0008207951323129237, 0.0, 0.03117723949253559, 0.028920140117406845, 0.018413837999105453, 0.038245588541030884, 8.51395213885553e-07, 0.03463376313447952, 0.019378893077373505, 0.005033740308135748, 0.03344249725341797, 0.03817090764641762, 0.15455107390880585, 0.13882993161678314, 0.0, 0.1668739914894104, 0.007170795928686857, 0.049736663699150085, 0.0, 0.0017638663994148374, 0.0, 0.15807388722896576, 0.027992255985736847, 0.06450212746858597, 0.0, 0.0, 0.0, 0.0037764389999210835, 0.020304221659898758, 0.05083177238702774, 0.018782963976264, 0.05473214015364647, 0.0, 0.22106386721134186, 0.02008884772658348, 0.0, 0.01367875188589096, 0.04673599824309349, 0.02035795897245407, 0.0, 0.16755411028862, 0.06668614596128464], [0.0, 0.0, 0.0, 0.0, 0.0, 0.0, 0.0, 0.0, 0.0, 0.0, 0.0, 0.0, 1.4094740152359009, 0.4222568869590759, 0.29686522483825684, 0.5847554802894592, 0.0, 0.0, 0.0, 0.0, 0.0, 0.0, 0.0, 0.0, 0.00018577981973066926, 0.0, 0.0, 0.0, 2.8564538955688477, 0.8849077224731445, 0.12208940088748932, 7.9915242195129395, 0.0, 0.0, 0.042093515396118164, 0.051776815205812454, 0.5335459113121033, 0.0717325285077095, 0.13343703746795654, 0.21124562621116638, 0.027898816391825676, 0.0, 0.0, 0.0, 18.727001190185547, 3.6237826347351074, 5.176107883453369, 11.00739574432373, 0.0, 0.0, 0.04296958073973656, 0.0, 0.0, 0.0, 0.0, 0.0, 0.0, 0.0, 0.0, 0.0, 0.0, 0.0, 0.0, 0.0, 0.0, 0.0, 0.0, 0.0, 0.0, 0.0, 0.0, 0.0, 0.0, 0.0, 0.0, 0.0, 0.0, 0.0, 0.0, 0.02321983128786087, 0.0, 0.0, 0.0, 0.0, 0.0, 0.0, 0.0, 0.0, 0.0, 0.038333699107170105, 0.0, 0.0, 0.0, 0.015842312946915627, 0.0, 0.0], [1.5432217121124268, 1.5223439931869507, 0.5139886140823364, 1.077891230583191, 1.3026918172836304, 1.5076979398727417, 0.522598922252655, 1.2493820190429688, 1.3588744401931763, 1.4513094425201416, 0.30451998114585876, 1.2329998016357422, 1.070692777633667, 1.7558989524841309, 0.4703403115272522, 1.5390007495880127, 0.9799338579177856, 0.7912631034851074, 0.5792823433876038, 1.0160881280899048, 0.8299039602279663, 0.9996664524078369, 0.6829760670661926, 1.1912038326263428, 0.5146929621696472, 0.7817922830581665, 0.3812384605407715, 0.8256152272224426, 1.081496000289917, 1.163581132888794, 0.572815477848053, 1.3938777446746826, 1.815211296081543, 1.7941285371780396, 7.361013889312744, 1.5831270217895508, 2.017164468765259, 1.7878849506378174, 6.199108600616455, 2.3580453395843506, 2.3028430938720703, 2.6648757457733154, 7.150976181030273, 2.0316240787506104, 2.050297260284424, 3.1194345951080322, 4.5472588539123535, 2.3902735710144043, 0.42073673009872437, 0.7849282622337341, 0.6015456318855286, 0.4580053389072418, 0.21383701264858246, 0.8520585298538208, 0.8892519474029541, 0.7206928133964539, 0.2725117802619934, 0.5095898509025574, 0.5334020853042603, 0.3541904389858246, 0.40630558133125305, 0.44932419061660767, 0.33546823263168335, 0.4821745753288269, 0.9929953813552856, 0.8847676515579224, 1.3904396295547485, 1.3473695516586304, 0.49182042479515076, 1.0950055122375488, 1.1535741090774536, 1.1227257251739502, 1.362612247467041, 0.6903635859489441, 1.0824164152145386, 0.8717634081840515, 0.7680783271789551, 0.9404920935630798, 0.7294372320175171, 0.6196498274803162, 0.22773350775241852, 0.22722215950489044, 0.43952876329421997, 0.2583143413066864, 0.2183455377817154, 0.3712138831615448, 0.7538551092147827, 0.7515074014663696, 0.21171826124191284, 0.30782249569892883, 0.526430606842041, 0.3142291009426117, 0.29277974367141724, 0.36860018968582153, 0.3851620852947235, 0.5703549385070801]]
Time 4105.716359376907
