Created graph
[-7.0, -5, -3.0]
[-6.0, -5, -4.0]
[-5.5, -5, -4.5]
[-5.25, -5, -4.75]
[-4.875, -4.75, -4.625]
[-4.8125, -4.75, -4.6875]
5000 3 50
Score: 108.21433
Signatures: [[1.673879623413086, 1.6266875267028809, 0.5529881715774536, 1.1491729021072388, 1.3933112621307373, 1.6177635192871094, 0.55108243227005, 1.3343559503555298, 1.4692507982254028, 1.574716567993164, 0.3245615065097809, 1.309338092803955, 1.0767383575439453, 1.8323123455047607, 0.4752753674983978, 1.5922573804855347, 1.0356786251068115, 0.8451367020606995, 0.6274459958076477, 1.0855551958084106, 0.8880454301834106, 1.0768364667892456, 0.7352023124694824, 1.2658236026763916, 0.5449785590171814, 0.8344736099243164, 0.40716084837913513, 0.8897073864936829, 1.1859933137893677, 1.1919434070587158, 0.5998122096061707, 1.1000605821609497, 1.9402481317520142, 1.9255212545394897, 7.8478851318359375, 1.6799075603485107, 2.104259729385376, 1.8889870643615723, 6.5378947257995605, 2.471045970916748, 2.4303414821624756, 2.844622850418091, 7.6422014236450195, 2.1600308418273926, 1.1472704410552979, 3.0635781288146973, 4.478747844696045, 1.9665615558624268, 0.4569038450717926, 0.840957760810852, 0.6321353316307068, 0.4921947121620178, 0.2329791784286499, 0.90834641456604, 0.9508903622627258, 0.7774320244789124, 0.28787505626678467, 0.5381115078926086, 0.5639269351959229, 0.378356397151947, 0.4372822642326355, 0.4846598505973816, 0.3561524748802185, 0.5220798254013062, 1.0665926933288574, 0.9552642107009888, 1.4930678606033325, 1.438076376914978, 0.5298202037811279, 1.176405668258667, 1.2405372858047485, 1.2172785997390747, 1.471289038658142, 0.7442828416824341, 1.1707686185836792, 0.9290575385093689, 0.8304600715637207, 1.0125612020492554, 0.7908481359481812, 0.6500721573829651, 0.24356845021247864, 0.2458011955022812, 0.4754540026187897, 0.2772457003593445, 0.23635956645011902, 0.4015922248363495, 0.8097803592681885, 0.8141920566558838, 0.2282361537218094, 0.32168519496917725, 0.5640451908111572, 0.33719050884246826, 0.31603917479515076, 0.38846150040626526, 0.4130074977874756, 0.6194269061088562], [0.02671279013156891, 0.3599649667739868, 0.07291218638420105, 0.10319733619689941, 0.13815729320049286, 0.0, 0.08932480216026306, 0.18444447219371796, 0.0, 0.0, 0.11925671994686127, 0.048295553773641586, 2.3087940216064453, 0.7596858143806458, 0.22625519335269928, 0.6386814713478088, 0.2340926229953766, 0.22184984385967255, 0.19973856210708618, 0.18210630118846893, 0.3277044892311096, 0.02879795804619789, 0.0020359824411571026, 0.4486893117427826, 0.10079953074455261, 0.07494136691093445, 0.039190251380205154, 0.20345450937747955, 14.210240364074707, 4.696745872497559, 1.0592535734176636, 15.149045944213867, 0.3435309827327728, 0.02184230275452137, 0.0, 0.09117304533720016, 0.6070360541343689, 0.07785691320896149, 0.0, 0.06516608595848083, 0.23760883510112762, 0.0, 0.0, 0.4111562669277191, 11.634238243103027, 3.2636194229125977, 2.7449870109558105, 4.303287982940674, 0.0, 0.05215972661972046, 0.049403347074985504, 0.0, 0.17706425487995148, 0.0, 0.001174024771898985, 0.0, 0.03636390343308449, 0.044652439653873444, 0.02673867531120777, 0.038313742727041245, 0.0007739549619145691, 0.034422870725393295, 0.03102024272084236, 2.539724448524794e-07, 0.030555013567209244, 0.036097705364227295, 0.15675516426563263, 0.1649179905653, 0.0, 0.16502264142036438, 0.01196614746004343, 0.044152479618787766, 0.0, 0.00014461429964285344, 0.0, 0.16861945390701294, 0.023131437599658966, 0.07110220193862915, 0.0006885438342578709, 0.0, 0.0, 0.0037193703465163708, 0.018331555649638176, 0.05058254674077034, 0.01762259565293789, 0.05050335451960564, 0.0, 0.2121211290359497, 0.021052507683634758, 0.0, 0.015060033649206161, 0.04450741037726402, 0.02428341843187809, 0.0, 0.16381391882896423, 0.05981770157814026], [0.0, 0.0, 0.0, 0.0, 0.0, 0.0, 0.0, 0.0, 0.0, 0.0, 0.0, 0.01774190180003643, 1.1262086629867554, 0.4425280690193176, 0.347411572933197, 0.7223811149597168, 0.0, 0.0, 0.0, 0.0, 0.0, 0.0, 0.0, 0.0, 0.03570762649178505, 0.0, 0.0, 0.0, 0.5490609407424927, 0.4140022397041321, 0.0, 5.701284408569336, 0.027880366891622543, 0.0, 0.3018018305301666, 0.13673096895217896, 0.6595988869667053, 0.183396577835083, 0.3960646092891693, 0.38740038871765137, 0.1007087230682373, 0.026449136435985565, 0.0007649074541404843, 0.0, 18.755718231201172, 3.768784523010254, 5.635461807250977, 10.956534385681152, 0.0, 0.0, 0.1036578118801117, 0.0, 0.0, 0.0, 0.0, 0.0, 0.0, 0.0, 0.0, 0.0, 0.0, 0.0, 0.0, 0.0, 0.0, 0.0, 0.0, 0.0, 0.0, 0.0, 0.0, 0.0, 0.0, 0.0, 0.0, 0.0, 0.0, 0.0, 0.0, 0.053865864872932434, 0.0, 0.0, 0.0, 0.0, 0.0, 0.0, 0.0, 0.0, 0.0, 0.05219836160540581, 0.0, 0.0, 0.0, 0.03186926245689392, 0.0, 0.0]]
Time 4109.970577001572
