Created graph
[-7.0, -5, -3.0]
[-6.0, -5, -4.0]
[-5.5, -5, -4.5]
[-5.25, -5, -4.75]
[-4.875, -4.75, -4.625]
[-4.9375, -4.875, -4.8125]
5000 3 200
Score: 106.0954
Signatures: [[0.02834203839302063, 0.36068350076675415, 0.07670120149850845, 0.1013655886054039, 0.1258065551519394, 0.0, 0.07094706594944, 0.17183628678321838, 0.0, 0.0, 0.11422155052423477, 0.0339176245033741, 1.9699985980987549, 0.7056892514228821, 0.2247750461101532, 0.715606689453125, 0.21325352787971497, 0.21551698446273804, 0.21107834577560425, 0.16609247028827667, 0.3187769949436188, 0.03348284214735031, 9.237082849722356e-05, 0.4241566061973572, 0.12214498966932297, 0.06357835233211517, 0.035016752779483795, 0.2133941799402237, 12.200339317321777, 4.284764766693115, 0.9461062550544739, 12.854119300842285, 0.34081241488456726, 0.01772843860089779, 0.0, 0.13772572576999664, 0.6640506982803345, 0.14065152406692505, 0.0, 0.1313001960515976, 0.23529312014579773, 0.0, 0.0, 0.3701072633266449, 10.747099876403809, 3.0677647590637207, 2.697417736053467, 3.5090010166168213, 0.0, 0.04482285678386688, 0.09655468165874481, 0.0, 0.1802058219909668, 0.0, 0.0004540946101769805, 0.0, 0.030159421265125275, 0.029356295242905617, 0.018544679507613182, 0.03723108768463135, 0.0, 0.03496890515089035, 0.019699877128005028, 0.0039914571680128574, 0.03358196094632149, 0.03878067061305046, 0.15356579422950745, 0.1357177048921585, 0.0, 0.16380435228347778, 0.006363683380186558, 0.04831886291503906, 0.0, 0.0015575848519802094, 0.0, 0.15443472564220428, 0.027746576815843582, 0.06329108774662018, 0.0, 0.0, 0.0, 0.003589669009670615, 0.019234303385019302, 0.049892377108335495, 0.018176456913352013, 0.05401725694537163, 0.0, 0.2185991406440735, 0.0190680343657732, 0.0, 0.012910760939121246, 0.044940851628780365, 0.01977560482919216, 0.0, 0.1651804894208908, 0.06601035594940186], [0.0, 0.0, 0.0, 0.0, 0.0, 0.0, 0.0, 0.0, 0.0, 0.0, 0.0, 0.0, 1.393574595451355, 0.42448481917381287, 0.3042684495449066, 0.5820730924606323, 0.0, 0.0, 0.0, 0.0, 0.0, 0.0, 0.0, 0.0, 0.0009320016833953559, 0.0, 0.0, 0.0, 2.8577020168304443, 0.9039310216903687, 0.11797129362821579, 8.013782501220703, 0.0, 0.0, 0.03987547755241394, 0.04856768250465393, 0.5233503580093384, 0.06700090318918228, 0.13666538894176483, 0.21249571442604065, 0.030935851857066154, 0.0, 0.0, 0.0, 18.737548828125, 3.624690294265747, 5.143744945526123, 10.960002899169922, 0.0, 0.0, 0.039825767278671265, 0.0, 0.0, 0.0, 0.0, 0.0, 0.0, 0.0, 0.0, 0.0, 0.0, 0.0, 0.0, 0.0, 0.0, 0.0, 0.0, 0.0, 0.0, 0.0, 0.0, 0.0, 0.0, 0.0, 0.0, 0.0, 0.0, 0.0, 0.0, 0.02447567880153656, 0.0, 0.0, 0.0, 0.0, 0.0, 0.0, 0.0, 0.0, 0.0, 0.03690410777926445, 0.0, 0.0, 0.0, 0.015198098495602608, 0.0, 0.0], [1.5464686155319214, 1.5245875120162964, 0.5145626664161682, 1.0794018507003784, 1.304370641708374, 1.5094490051269531, 0.5237499475479126, 1.250780701637268, 1.360397219657898, 1.4530720710754395, 0.305704802274704, 1.2339040040969849, 1.0783617496490479, 1.7587908506393433, 0.4708293080329895, 1.5426403284072876, 0.9825536012649536, 0.7928423285484314, 0.5808257460594177, 1.018594741821289, 0.8320069313049316, 1.001977801322937, 0.6839488744735718, 1.1951559782028198, 0.5163389444351196, 0.7837738394737244, 0.38211435079574585, 0.8273054957389832, 1.089337944984436, 1.170167326927185, 0.5747277140617371, 1.4065096378326416, 1.8161044120788574, 1.7946624755859375, 7.365776538848877, 1.583915114402771, 2.022636651992798, 1.791778326034546, 6.203216075897217, 2.3607051372528076, 2.3047540187835693, 2.6671152114868164, 7.152200222015381, 2.035651683807373, 2.0561282634735107, 3.133462429046631, 4.549414157867432, 2.4004008769989014, 0.4210553765296936, 0.785258412361145, 0.602451741695404, 0.4587489366531372, 0.21443845331668854, 0.8534649014472961, 0.8911313414573669, 0.7209256887435913, 0.2732628881931305, 0.5095534920692444, 0.5340131521224976, 0.35547515749931335, 0.4066266417503357, 0.44937461614608765, 0.3361597955226898, 0.4831900894641876, 0.9935086369514465, 0.8847244381904602, 1.3914995193481445, 1.3504202365875244, 0.4924063980579376, 1.09679114818573, 1.1547706127166748, 1.1245522499084473, 1.3634438514709473, 0.6914224624633789, 1.0826332569122314, 0.8731239438056946, 0.7673295140266418, 0.9412184357643127, 0.7299197316169739, 0.6198569536209106, 0.22792333364486694, 0.2277335524559021, 0.4408825933933258, 0.2589865028858185, 0.2191438376903534, 0.3716138005256653, 0.7549409866333008, 0.7529645562171936, 0.21239657700061798, 0.309828519821167, 0.5273892879486084, 0.31553810834884644, 0.2935153543949127, 0.3698406219482422, 0.38642463088035583, 0.571868896484375]]
Time 4114.044499635696
