Created graph
[-7.0, -5, -3.0]
[-6.0, -5, -4.0]
[-5.5, -5, -4.5]
[-5.25, -5, -4.75]
[-4.875, -4.75, -4.625]
[-4.9375, -4.875, -4.8125]
5000 4 100
Score: 103.83045
Signatures: [[0.8395426869392395, 1.5056020021438599, 0.4292159974575043, 0.7999466061592102, 1.006547451019287, 0.8770241141319275, 0.41637343168258667, 0.8223488330841064, 0.38862940669059753, 0.7488533854484558, 0.301069438457489, 0.9732895493507385, 2.615342855453491, 1.9452311992645264, 0.2871454358100891, 2.301299810409546, 1.0132097005844116, 0.8047754168510437, 0.8392558097839355, 1.143180251121521, 1.168524980545044, 0.8388381004333496, 0.3945201635360718, 1.5720759630203247, 0.5006398558616638, 0.7939534783363342, 0.31908851861953735, 1.1015957593917847, 6.934788227081299, 3.433868646621704, 1.0946040153503418, 6.917204856872559, 1.2883332967758179, 0.4669637382030487, 1.3566186428070068, 0.7601822018623352, 1.7439777851104736, 0.8414714932441711, 0.0, 1.1984227895736694, 0.7477887868881226, 0.0034195417538285255, 0.0, 1.4237662553787231, 3.6545121669769287, 3.052737236022949, 1.6693366765975952, 3.370593547821045, 0.09315329790115356, 0.43527138233184814, 0.3529582619667053, 0.07005967944860458, 0.34755805134773254, 0.49242037534713745, 0.5024212598800659, 0.5644814968109131, 0.24140849709510803, 0.3234013020992279, 0.30565449595451355, 0.2249399572610855, 0.15310439467430115, 0.19934014976024628, 0.2552492618560791, 0.298078715801239, 0.33604687452316284, 0.44795286655426025, 0.6062654852867126, 0.8143714070320129, 0.13342952728271484, 0.49263665080070496, 0.5425933003425598, 0.5503820776939392, 0.0028770766220986843, 0.28091904520988464, 0.0, 0.5219666361808777, 0.12688909471035004, 0.38765478134155273, 0.020495379343628883, 0.2206374555826187, 0.06765542924404144, 0.16369840502738953, 0.3694068491458893, 0.222723126411438, 0.12045546621084213, 0.2951897084712982, 0.4627070426940918, 0.7502922415733337, 0.16617673635482788, 0.18773239850997925, 0.357452392578125, 0.2924259305000305, 0.15128059685230255, 0.10841283947229385, 0.4491157531738281, 0.38610002398490906], [0.0, 0.0, 0.0, 0.0, 0.0, 0.0, 0.0, 0.0, 0.0, 0.0, 0.0, 0.0, 1.1821447610855103, 0.0, 0.152718648314476, 0.0, 0.0, 0.0, 0.0, 0.0, 0.0, 0.0, 0.0, 0.0, 0.0, 0.0, 0.0, 0.0, 10.951669692993164, 3.2342476844787598, 0.5565791130065918, 13.221199035644531, 0.0, 0.0, 0.11031387001276016, 0.0, 0.0, 0.0, 0.5645642280578613, 0.0, 0.07806014269590378, 0.0443936362862587, 0.5513729453086853, 0.0, 12.682944297790527, 2.4143571853637695, 2.959425210952759, 4.056939125061035, 0.0, 0.0, 0.0, 0.0, 0.03318043425679207, 0.0, 0.0, 0.0, 0.0, 0.0, 0.0, 0.0, 0.0, 0.0, 0.0, 0.0, 0.0, 0.0, 0.0, 0.0, 0.0, 0.01476443000137806, 0.0, 0.0, 0.04707830399274826, 0.0, 2.540404602768831e-05, 0.0, 0.028692146763205528, 0.0, 0.04760315641760826, 0.0, 0.0, 0.0, 0.0, 0.0, 0.0, 0.0, 0.0, 0.0, 0.0, 0.0, 0.0, 0.0, 0.0, 0.0, 0.0, 0.0], [0.0, 0.0, 0.0, 0.0, 0.0, 0.0, 0.0, 0.0, 0.0, 0.0, 0.010034233331680298, 0.0, 1.2275311946868896, 0.5286075472831726, 0.3433062434196472, 0.6770794987678528, 0.0, 0.0, 0.0, 0.0, 0.0, 0.0, 0.0, 0.0, 0.00027706698165275156, 0.0, 0.0, 0.0, 0.7989310622215271, 0.4821043610572815, 0.04873114451766014, 4.72509241104126, 0.02201894298195839, 0.0, 0.17807264626026154, 0.0667508989572525, 0.7198242545127869, 0.11967214941978455, 0.23451335728168488, 0.21088910102844238, 0.10089589655399323, 0.0749458596110344, 0.0, 0.0, 16.67884063720703, 3.6176764965057373, 5.17736291885376, 10.244475364685059, 0.0, 0.0, 0.07644882053136826, 0.0, 0.0, 0.0, 0.0, 0.0, 0.0, 0.0, 0.0, 0.0, 0.0, 0.0, 0.0, 0.0, 0.0, 0.0, 0.0, 0.0, 0.0, 0.0, 0.0, 0.0, 0.0, 0.0, 0.0, 0.0, 0.0, 0.0, 0.0, 0.03249188885092735, 0.0, 0.0, 0.0, 0.0, 0.0, 0.0, 0.0, 0.0, 0.0, 0.032197315245866776, 0.0, 0.0, 0.0, 0.02011803165078163, 0.0, 0.0], [1.2372331619262695, 1.029292106628418, 0.3645782172679901, 0.7780771851539612, 0.9517325162887573, 1.1582618951797485, 0.3729863464832306, 0.956820547580719, 1.2479461431503296, 1.152342677116394, 0.21792607009410858, 0.8567715287208557, 0.4100205898284912, 1.143293857574463, 0.36494648456573486, 0.7833721041679382, 0.6152750253677368, 0.5346364378929138, 0.3024727702140808, 0.5912898778915405, 0.39429011940956116, 0.6635963320732117, 0.5253291130065918, 0.6720660924911499, 0.34470468759536743, 0.46690645813941956, 0.26235347986221313, 0.4306207001209259, 0.0, 0.34968987107276917, 0.2837167978286743, 0.0, 1.394608497619629, 1.6786993741989136, 7.062293529510498, 1.3228062391281128, 1.465087890625, 1.4923582077026367, 6.28652811050415, 1.942517638206482, 2.095714807510376, 2.7386317253112793, 7.4416823387146, 1.6083539724349976, 0.8575927019119263, 2.1532297134399414, 3.9121053218841553, 1.0751909017562866, 0.4051419496536255, 0.6158120632171631, 0.48225343227386475, 0.4472368359565735, 0.11431776732206345, 0.6510961651802063, 0.696112334728241, 0.5029700994491577, 0.18356120586395264, 0.388537734746933, 0.40857216715812683, 0.27432045340538025, 0.35366395115852356, 0.38820698857307434, 0.24053321778774261, 0.36279296875, 0.8911375999450684, 0.7213504910469055, 1.2364212274551392, 1.0835959911346436, 0.4547526240348816, 0.9789333939552307, 0.947870135307312, 0.9470398426055908, 1.4229850769042969, 0.5889855027198792, 1.1690171957015991, 0.716673731803894, 0.7512281537055969, 0.83481365442276, 0.753899872303009, 0.5388832092285156, 0.2056552618741989, 0.16517925262451172, 0.283466100692749, 0.18529991805553436, 0.1776556372642517, 0.2730593979358673, 0.5709001421928406, 0.5170453786849976, 0.1504109650850296, 0.2354707270860672, 0.3892388641834259, 0.20891083776950836, 0.2454628348350525, 0.33513450622558594, 0.2580924332141876, 0.44002997875213623]]
Time 4111.540193557739
