Created graph
[-7.0, -5, -3.0]
[-6.0, -5, -4.0]
[-5.5, -5, -4.5]
[-5.25, -5, -4.75]
[-4.875, -4.75, -4.625]
[-4.6875, -4.625, -4.5625]
100 3 5
Score: 110.83167
Signatures: [[1.3227295875549316, 1.2249594926834106, 0.420046329498291, 0.8753332495689392, 1.0618417263031006, 1.2658939361572266, 0.41413605213165283, 1.0460641384124756, 1.1856147050857544, 1.272522211074829, 0.2381400614976883, 0.9921867847442627, 0.7252175211906433, 1.3330047130584717, 0.33848267793655396, 1.153002381324768, 0.7840715050697327, 0.6349177956581116, 0.4794190227985382, 0.8273962140083313, 0.6746814250946045, 0.8280881643295288, 0.5582666397094727, 0.9476549625396729, 0.40492790937423706, 0.6298514008522034, 0.31309083104133606, 0.6665677428245544, 0.4531537592411041, 0.7350172400474548, 0.4142727255821228, 0.11363153159618378, 1.4930552244186401, 1.512519121170044, 6.109742641448975, 1.3072878122329712, 1.5625956058502197, 1.429465889930725, 4.975449562072754, 1.8706846237182617, 1.8609442710876465, 2.2377514839172363, 5.95845890045166, 1.6380282640457153, 0.0, 2.1330668926239014, 3.188687324523926, 1.1468188762664795, 0.3721577525138855, 0.6594768166542053, 0.47213485836982727, 0.38403546810150146, 0.176726832985878, 0.7025035619735718, 0.7247698903083801, 0.623141348361969, 0.21327142417430878, 0.411821573972702, 0.4302126467227936, 0.28504130244255066, 0.3452973961830139, 0.3768245577812195, 0.26523202657699585, 0.41315194964408875, 0.8292717933654785, 0.751948893070221, 1.1321015357971191, 1.0880045890808105, 0.42346274852752686, 0.9218107461929321, 0.9727824330329895, 0.9461709856987, 1.192710518836975, 0.5815550684928894, 0.9475476145744324, 0.7212115526199341, 0.666606605052948, 0.793348491191864, 0.6313260197639465, 0.49659082293510437, 0.185732901096344, 0.18869340419769287, 0.3667849600315094, 0.20744863152503967, 0.18179821968078613, 0.3072163760662079, 0.6264272332191467, 0.6205922365188599, 0.1722317934036255, 0.24342937767505646, 0.4337139129638672, 0.25376924872398376, 0.25298216938972473, 0.298465371131897, 0.30779606103897095, 0.46734920144081116], [0.07965638488531113, 0.3380405306816101, 0.08210834115743637, 0.12107343226671219, 0.16415128111839294, 0.034953635185956955, 0.0927719995379448, 0.1797724813222885, 0.014934373088181019, 0.040818069130182266, 0.09932474046945572, 0.09150119870901108, 1.5638843774795532, 0.5694174766540527, 0.143759623169899, 0.46976447105407715, 0.2157086282968521, 0.1969641149044037, 0.16635912656784058, 0.17974478006362915, 0.2699585556983948, 0.0740293562412262, 0.0365416444838047, 0.38071849942207336, 0.08617569506168365, 0.10184778273105621, 0.048184193670749664, 0.19546762108802795, 10.277800559997559, 3.3638620376586914, 0.7631750702857971, 10.565800666809082, 0.25412362813949585, 0.0785399004817009, 0.0, 0.0676519125699997, 0.3977721035480499, 0.057592421770095825, 0.0, 0.04811219871044159, 0.18399553000926971, 0.0, 0.0, 0.39019542932510376, 7.201473236083984, 2.138986587524414, 1.48630952835083, 2.4712460041046143, 0.0, 0.06358780711889267, 0.030226359143853188, 0.005275827366858721, 0.13021241128444672, 0.013037161901593208, 0.041435111314058304, 0.0, 0.03761020302772522, 0.05034779757261276, 0.04273954778909683, 0.0451493076980114, 0.01703493855893612, 0.041350048035383224, 0.049711327999830246, 0.0197783000767231, 0.057695452123880386, 0.0577898807823658, 0.1706186980009079, 0.18257522583007812, 0.0, 0.15564973652362823, 0.050647784024477005, 0.089239202439785, 0.000620718696154654, 0.010758331045508385, 0.0, 0.1532047539949417, 0.0376737155020237, 0.08918137103319168, 0.023480528965592384, 0.0, 0.002442137338221073, 0.015166621655225754, 0.037432488054037094, 0.049548789858818054, 0.023259218782186508, 0.052903108298778534, 0.025042831897735596, 0.19143714010715485, 0.030432207509875298, 0.0, 0.03463022783398628, 0.05028010159730911, 0.027513107284903526, 0.0, 0.13395750522613525, 0.06813706457614899], [0.0, 0.0, 0.0, 0.0, 0.0, 0.0, 0.0, 0.000342954124789685, 0.0, 0.0, 0.0, 0.03865358605980873, 0.8319628834724426, 0.35893839597702026, 0.2767886519432068, 0.5707535147666931, 0.0, 0.0, 0.0, 0.0, 0.0, 0.0, 0.0, 0.0, 0.03946763277053833, 0.0, 0.0, 0.0, 0.0, 0.16767005622386932, 0.0, 3.708768606185913, 0.09152249991893768, 0.0, 0.6165620684623718, 0.16400395333766937, 0.5819433927536011, 0.22275859117507935, 0.6333307027816772, 0.39274993538856506, 0.16432233154773712, 0.1320771872997284, 0.3395591378211975, 0.001965937903150916, 13.83548355102539, 2.8238658905029297, 4.5114288330078125, 8.02721118927002, 0.0, 0.0034728036262094975, 0.1126459613442421, 0.0, 0.0, 0.01592366397380829, 0.0, 0.0, 0.007483393419533968, 0.008749895729124546, 0.002806630916893482, 0.00014717105659656227, 0.0, 0.0, 0.0, 0.0, 0.0, 0.0, 0.0, 0.0, 0.0, 0.0, 0.0, 0.0, 0.0, 0.024906866252422333, 0.0, 0.0, 0.0, 0.0, 0.0, 0.06655846536159515, 0.0046779862605035305, 0.0, 0.0, 0.0, 0.0, 0.0, 0.0, 0.0, 0.0, 0.05052446201443672, 0.0, 0.0, 0.0, 0.041321489959955215, 0.0, 0.0]]
Time 2684.666731595993
