Created graph
[-7.0, -5, -3.0]
[-6.0, -5, -4.0]
[-5.5, -5, -4.5]
[-5.25, -5, -4.75]
[-5.125, -5, -4.875]
[-5.0625, -5, -4.9375]
10 3 10
Score: 107.24577
Signatures: [[1.225097417831421, 1.2557563781738281, 0.42384520173072815, 0.8936424255371094, 1.0597879886627197, 1.1985951662063599, 0.4267641007900238, 1.0149184465408325, 1.0647729635238647, 1.1362985372543335, 0.2521105408668518, 0.9914789199829102, 1.0325937271118164, 1.4891088008880615, 0.4038761258125305, 1.3381824493408203, 0.82435142993927, 0.6534103155136108, 0.486624151468277, 0.8361859321594238, 0.6890918016433716, 0.7991745471954346, 0.5309180021286011, 0.9991846084594727, 0.42727991938591003, 0.6404774785041809, 0.31192901730537415, 0.6873893737792969, 1.3199536800384521, 1.1422847509384155, 0.4893192648887634, 1.884119987487793, 1.4870952367782593, 1.4087169170379639, 5.719175338745117, 1.2924271821975708, 1.7161509990692139, 1.4632996320724487, 4.894014835357666, 1.9408214092254639, 1.8557913303375244, 2.103153705596924, 5.572674751281738, 1.6599810123443604, 2.8556137084960938, 2.8263542652130127, 3.991731882095337, 2.3677237033843994, 0.32525351643562317, 0.6249756813049316, 0.49749037623405457, 0.3589773178100586, 0.17581482231616974, 0.6791574358940125, 0.7079738974571228, 0.5682390928268433, 0.22676511108875275, 0.41230103373527527, 0.43018993735313416, 0.28868430852890015, 0.3167199492454529, 0.36213943362236023, 0.27169957756996155, 0.3821461498737335, 0.7843173146247864, 0.6952110528945923, 1.1141165494918823, 1.0822080373764038, 0.38274991512298584, 0.8916430473327637, 0.9028002619743347, 0.88965904712677, 1.065177083015442, 0.5468953847885132, 0.8312245607376099, 0.706933319568634, 0.6086991429328918, 0.7451879382133484, 0.5624407529830933, 0.49486100673675537, 0.17786146700382233, 0.1815536767244339, 0.35275354981422424, 0.20948943495750427, 0.17814122140407562, 0.30128052830696106, 0.5967116951942444, 0.6133341789245605, 0.17018146812915802, 0.24987682700157166, 0.41854050755500793, 0.2590949535369873, 0.23405535519123077, 0.292479544878006, 0.32524964213371277, 0.4570411145687103], [0.0, 0.1453392505645752, 0.011282747611403465, 0.002750969724729657, 0.012104202061891556, 0.0, 0.019221441820263863, 0.05859511345624924, 0.0, 0.0, 0.05803946033120155, 0.0, 1.582520842552185, 0.47057411074638367, 0.16258810460567474, 0.41937583684921265, 0.06936415284872055, 0.08723943680524826, 0.09346754848957062, 0.04459245875477791, 0.15168365836143494, 0.0, 0.0, 0.18243831396102905, 0.050576891750097275, 0.0, 0.0005502432468347251, 0.06827641278505325, 9.572349548339844, 3.116377830505371, 0.6892892122268677, 9.90826416015625, 0.1389767974615097, 0.0, 0.0, 0.034741390496492386, 0.43596571683883667, 0.021050231531262398, 0.0, 0.030522625893354416, 0.07625167816877365, 0.0, 0.0, 0.1357625275850296, 7.605567455291748, 2.126373767852783, 2.021912097930908, 2.6140620708465576, 0.0, 0.0002337354962946847, 0.045726533979177475, 0.0, 0.11041352897882462, 0.0, 0.0, 0.0, 0.0047089229337871075, 6.875218787172344e-06, 0.0, 0.004948118235915899, 0.0, 0.002401540754362941, 6.671619303233456e-06, 0.0, 0.0, 0.0, 0.042696911841630936, 0.02069963701069355, 0.0, 0.04496825486421585, 0.0, 0.0, 0.0, 0.0, 0.0, 0.051207222044467926, 0.0, 0.0010835068533197045, 0.0, 0.0, 0.0, 0.0, 0.0, 0.01500147208571434, 5.7833756727632135e-05, 0.008801423013210297, 0.0, 0.08908670395612717, 0.0, 0.0, 0.0, 0.005412520375102758, 0.0, 0.0, 0.07777370512485504, 0.01313732098788023], [0.0, 0.0, 0.0, 0.0, 0.0, 0.0, 0.0, 0.0, 0.0, 0.0, 0.0, 0.0, 0.5998097062110901, 0.17387747764587402, 0.17966528236865997, 0.35399144887924194, 0.0, 0.0, 0.0, 0.0, 0.0, 0.0, 0.0, 0.0, 1.3422393294604262e-06, 0.0, 0.0, 0.0, 0.4176936149597168, 0.21778783202171326, 0.0, 4.0499267578125, 0.0, 0.0, 0.0, 0.008278579451143742, 0.24030879139900208, 0.019231703132390976, 0.0, 0.0752725899219513, 0.0, 0.0, 0.0, 0.0, 12.934946060180664, 2.302762269973755, 3.2484560012817383, 7.629112720489502, 0.0, 0.0, 0.010860132053494453, 0.0, 0.0, 0.0, 0.0, 0.0, 0.0, 0.0, 0.0, 0.0, 0.0, 0.0, 0.0, 0.0, 0.0, 0.0, 0.0, 0.0, 0.0, 0.0, 0.0, 0.0, 0.0, 0.0, 0.0, 0.0, 0.0, 0.0, 0.0, 9.245200089935679e-06, 0.0, 0.0, 0.0, 0.0, 0.0, 0.0, 0.0, 0.0, 0.0, 0.016934840008616447, 0.0, 0.0, 0.0, 0.001535305054858327, 0.0, 0.0]]
Time 1783.1705706119537
