Created graph
[-7.0, -5, -3.0]
[-6.0, -5, -4.0]
[-5.5, -5, -4.5]
[-5.25, -5, -4.75]
[-4.875, -4.75, -4.625]
[-4.9375, -4.875, -4.8125]
5000 4 50
Score: 103.82756
Signatures: [[0.8357134461402893, 1.5068856477737427, 0.42487913370132446, 0.8006200790405273, 1.0013539791107178, 0.8805221319198608, 0.41917890310287476, 0.8165031671524048, 0.3881239593029022, 0.7589976191520691, 0.3032821714878082, 0.9854722023010254, 2.6310579776763916, 1.9595633745193481, 0.27359771728515625, 2.316815137863159, 1.0048447847366333, 0.7986689805984497, 0.8181479573249817, 1.1320674419403076, 1.148405909538269, 0.8172526359558105, 0.3941149115562439, 1.5701584815979004, 0.49559345841407776, 0.7850127816200256, 0.3138018846511841, 1.0866585969924927, 6.760664939880371, 3.32177734375, 1.0471588373184204, 6.728141784667969, 1.3167117834091187, 0.4746032655239105, 1.4432514905929565, 0.7742557525634766, 1.7459014654159546, 0.8411053419113159, 0.0, 1.1913295984268188, 0.698435366153717, 0.0031208330765366554, 0.0, 1.4260209798812866, 3.6095340251922607, 3.0102152824401855, 1.7898502349853516, 3.342567205429077, 0.08940314501523972, 0.44160783290863037, 0.35288405418395996, 0.06712865084409714, 0.328693687915802, 0.4912497401237488, 0.497607558965683, 0.5538088083267212, 0.2450227588415146, 0.3252052962779999, 0.3078674376010895, 0.22000133991241455, 0.15569330751895905, 0.19687001407146454, 0.2509833872318268, 0.29109352827072144, 0.3370940089225769, 0.4462391138076782, 0.6006353497505188, 0.811270534992218, 0.12804697453975677, 0.4716877341270447, 0.5418670773506165, 0.5310301780700684, 0.00291011412627995, 0.286488801240921, 0.0, 0.5132026076316833, 0.11268249154090881, 0.37469470500946045, 0.012203099206089973, 0.22316992282867432, 0.06500644236803055, 0.1678708791732788, 0.36951979994773865, 0.2217828780412674, 0.12098062038421631, 0.2950131893157959, 0.45645588636398315, 0.7460969686508179, 0.15706945955753326, 0.18432022631168365, 0.3539343476295471, 0.2798974812030792, 0.14736327528953552, 0.11425921320915222, 0.4394897222518921, 0.38782796263694763], [0.0, 0.0, 0.0, 0.0, 0.0, 0.0, 0.0, 0.0, 0.0, 0.0, 0.0, 0.0, 1.1691981554031372, 0.0, 0.15912528336048126, 0.0, 0.0, 0.0, 0.0, 0.0, 0.0, 0.0, 0.0, 0.0, 0.0, 0.0, 0.0, 0.0, 10.934575080871582, 3.2493374347686768, 0.577530026435852, 13.095390319824219, 0.0, 0.0, 0.08714748173952103, 0.0, 0.0, 0.0, 0.5456499457359314, 0.0, 0.09957095235586166, 0.03897129371762276, 0.557878315448761, 0.0, 12.378231048583984, 2.3896968364715576, 2.8131825923919678, 3.967132091522217, 0.0, 0.0, 0.0, 0.0, 0.04206346720457077, 0.0, 0.0, 0.0, 0.0, 0.0, 0.0, 0.0, 0.0, 0.0, 0.0, 0.0, 0.0, 0.0, 0.0, 0.0, 0.0, 0.027020039036870003, 0.0, 0.0, 0.04871766269207001, 0.0, 0.0024179895408451557, 0.0, 0.037988532334566116, 0.0, 0.052236899733543396, 0.0, 0.0, 0.0, 0.0, 0.0, 0.0, 0.0, 0.0, 0.0, 0.0, 0.0, 0.0, 0.0, 0.0, 0.0, 0.0, 0.0], [0.0, 0.0, 0.0, 0.0, 0.0, 0.0, 0.0, 0.0, 0.0, 0.0, 0.009150245226919651, 0.0, 1.179326057434082, 0.5074620246887207, 0.3335530459880829, 0.6534404158592224, 0.0, 0.0, 0.0, 0.0, 0.0, 0.0, 0.0, 0.0, 0.0003592927532736212, 0.0, 0.0, 0.0, 0.7058024406433105, 0.4439568817615509, 0.039106372743844986, 4.592235088348389, 0.01793173886835575, 0.0, 0.19134573638439178, 0.06633022427558899, 0.7026121616363525, 0.11839768290519714, 0.25575464963912964, 0.2121252864599228, 0.10098793357610703, 0.08816184848546982, 0.0, 0.0, 16.412025451660156, 3.530430555343628, 5.119683265686035, 10.031713485717773, 0.0, 0.0, 0.07597146183252335, 0.0, 0.0, 0.0, 0.0, 0.0, 0.0, 0.0, 0.0, 0.0, 0.0, 0.0, 0.0, 0.0, 0.0, 0.0, 0.0, 0.0, 0.0, 0.0, 0.0, 0.0, 0.0, 0.0, 0.0, 0.0, 0.0, 0.0, 0.0, 0.03181479871273041, 0.0, 0.0, 0.0, 0.0, 0.0, 0.0, 0.0, 0.0, 0.0, 0.03113297000527382, 0.0, 0.0, 0.0, 0.01948276348412037, 0.0, 0.0], [1.243362307548523, 1.028854250907898, 0.36841124296188354, 0.7788466811180115, 0.9553793668746948, 1.1601784229278564, 0.37216025590896606, 0.9580347537994385, 1.249753713607788, 1.1464699506759644, 0.21851326525211334, 0.8507276177406311, 0.4068227708339691, 1.1430450677871704, 0.36974474787712097, 0.778489351272583, 0.618162989616394, 0.5402510166168213, 0.31171274185180664, 0.5961909890174866, 0.4024949371814728, 0.6749823689460754, 0.5285087823867798, 0.674639105796814, 0.3490605354309082, 0.47321683168411255, 0.2643362581729889, 0.4381301999092102, 0.0, 0.3812941908836365, 0.29613903164863586, 0.02334211952984333, 1.380668044090271, 1.6779086589813232, 7.040086269378662, 1.313445806503296, 1.468176007270813, 1.4961037635803223, 6.316047668457031, 1.9474759101867676, 2.1137001514434814, 2.7391843795776367, 7.470303535461426, 1.6132005453109741, 0.8375629782676697, 2.170701026916504, 3.875518321990967, 1.0720237493515015, 0.4086013436317444, 0.6115912795066833, 0.48290300369262695, 0.4509880542755127, 0.1213960349559784, 0.6523085832595825, 0.7002973556518555, 0.5068938732147217, 0.18336187303066254, 0.3876623809337616, 0.40778785943984985, 0.2779008448123932, 0.35237327218055725, 0.3905840516090393, 0.2436547428369522, 0.3667547106742859, 0.8918681144714355, 0.7228357791900635, 1.2466776371002197, 1.0883187055587769, 0.4587859809398651, 0.9848002195358276, 0.949207067489624, 0.960439920425415, 1.4254175424575806, 0.5872262716293335, 1.1723673343658447, 0.7216523885726929, 0.7534903883934021, 0.8426699042320251, 0.7572252154350281, 0.5397359132766724, 0.20883303880691528, 0.1643442064523697, 0.2839338481426239, 0.18679684400558472, 0.1787160336971283, 0.27422088384628296, 0.5763694643974304, 0.5203449726104736, 0.15578623116016388, 0.2374923825263977, 0.39264819025993347, 0.21515107154846191, 0.24833254516124725, 0.33277881145477295, 0.2634158730506897, 0.4431094825267792]]
Time 4118.482167005539
