Created graph
[-7.0, -5, -3.0]
[-6.0, -5, -4.0]
[-5.5, -5, -4.5]
[-5.25, -5, -4.75]
[-4.875, -4.75, -4.625]
[-4.9375, -4.875, -4.8125]
1000 4 200
Score: 105.00829
Signatures: [[0.7375961542129517, 1.293012022972107, 0.3762030303478241, 0.7207211256027222, 0.9066454172134399, 0.7845122218132019, 0.36225399374961853, 0.7068016529083252, 0.33516567945480347, 0.6430404782295227, 0.253788560628891, 0.8727220892906189, 2.2991113662719727, 1.6805917024612427, 0.22524292767047882, 2.069171905517578, 0.8708829879760742, 0.6927317380905151, 0.7246916890144348, 0.9923165440559387, 0.9936696290969849, 0.7474969029426575, 0.34417521953582764, 1.3409948348999023, 0.43593743443489075, 0.6981943249702454, 0.27990224957466125, 0.9563204050064087, 5.386375904083252, 2.849128007888794, 0.9655541777610779, 4.984471797943115, 1.1003063917160034, 0.3788909316062927, 0.921256959438324, 0.6549388766288757, 1.472933292388916, 0.7551766633987427, 0.0, 1.0576708316802979, 0.601767897605896, 0.017100369557738304, 0.0, 1.2221858501434326, 2.4475646018981934, 2.473708391189575, 1.0520737171173096, 2.9876463413238525, 0.08650118857622147, 0.37067922949790955, 0.298956036567688, 0.07455454021692276, 0.31559279561042786, 0.45072996616363525, 0.4801594018936157, 0.5111135244369507, 0.2129388153553009, 0.2903812825679779, 0.2578291594982147, 0.21065878868103027, 0.1298791915178299, 0.16819234192371368, 0.23671060800552368, 0.2542645037174225, 0.2776181399822235, 0.36939799785614014, 0.5237442851066589, 0.6977367401123047, 0.13518379628658295, 0.41748905181884766, 0.47444432973861694, 0.4819866716861725, 0.0006466477061621845, 0.24064011871814728, 0.0, 0.40937766432762146, 0.07792390137910843, 0.34057295322418213, 0.01852215640246868, 0.1710040271282196, 0.06804650276899338, 0.150192990899086, 0.31556591391563416, 0.18852464854717255, 0.10322878509759903, 0.248244509100914, 0.42232745885849, 0.6430573463439941, 0.14614571630954742, 0.18225641548633575, 0.3281441628932953, 0.25226882100105286, 0.1197219118475914, 0.10273842513561249, 0.3972407579421997, 0.3214578330516815], [0.0, 0.0, 0.0, 0.0, 0.0, 0.0, 0.0, 0.0, 0.0, 0.0, 0.0, 0.0, 0.8138777613639832, 0.0, 0.12044764310121536, 0.0, 0.0, 0.0, 0.0, 0.0, 0.0, 0.0, 0.0, 0.0, 0.0, 0.0, 0.0, 0.0, 9.13870906829834, 2.5689356327056885, 0.4093579053878784, 10.733274459838867, 0.0, 0.0, 0.13663148880004883, 0.0, 0.0, 0.0, 0.5079931020736694, 0.0, 0.07715464383363724, 0.022402318194508553, 0.5266139507293701, 0.0, 9.651927947998047, 1.7952539920806885, 2.264507532119751, 2.6367130279541016, 0.0, 0.0, 0.0, 0.0, 0.012583709321916103, 0.0, 0.0, 0.0, 0.0, 0.0, 0.0, 0.0, 0.0, 0.0, 0.0, 0.0, 0.0, 0.0, 0.0, 0.0, 0.0, 0.017582278698682785, 0.0, 0.0, 0.05197553336620331, 0.0, 0.009285593405365944, 0.00481631513684988, 0.043840665370225906, 0.0, 0.04398663714528084, 0.0, 0.0, 0.0, 0.0, 0.0, 0.0, 0.0, 0.0, 0.0, 0.0, 0.0, 0.0, 0.0, 0.0, 0.0, 0.0, 0.0], [0.0, 0.0, 0.0, 0.0, 0.0, 0.0, 0.0, 0.0, 0.0, 0.0, 0.006775849498808384, 0.0, 0.970292329788208, 0.3748120963573456, 0.2796497941017151, 0.4708760976791382, 0.0, 0.0, 0.0, 0.0, 0.0, 0.0, 0.0, 0.0, 0.0, 0.0, 0.0, 0.0, 0.023857569321990013, 0.2524542212486267, 0.017993172630667686, 3.390791893005371, 0.011933340691030025, 0.0, 0.27814483642578125, 0.05548856779932976, 0.5726557970046997, 0.09883274137973785, 0.2759740948677063, 0.1638990044593811, 0.09761407226324081, 0.10879502445459366, 0.0, 0.0, 13.733682632446289, 2.9362945556640625, 4.368282794952393, 8.445794105529785, 0.0, 0.0, 0.06591393798589706, 0.0, 0.0, 0.0, 0.0, 0.0, 0.0, 0.0, 0.0, 0.0, 0.0, 0.0, 0.0, 0.0, 0.0, 0.0, 0.0, 0.0, 0.0, 0.0, 0.0, 0.0, 0.0, 0.0, 0.0, 0.0, 0.0, 0.0, 0.0, 0.03556995466351509, 0.0, 0.0, 0.0, 0.0, 0.0, 0.0, 0.0, 0.0, 0.0, 0.01760258711874485, 0.0, 0.0, 0.0, 0.0169391892850399, 0.0, 0.0], [1.066506266593933, 0.8551339507102966, 0.3027186691761017, 0.6411003470420837, 0.7853330373764038, 0.9830200672149658, 0.31084492802619934, 0.825928270816803, 1.103944182395935, 1.017094612121582, 0.1785251945257187, 0.7055014967918396, 0.27213841676712036, 0.9260335564613342, 0.31145504117012024, 0.5743951797485352, 0.5060822367668152, 0.43956297636032104, 0.2379739135503769, 0.48006829619407654, 0.3030085265636444, 0.5430175065994263, 0.44098928570747375, 0.5329938530921936, 0.2792246341705322, 0.37652575969696045, 0.22021484375, 0.33055397868156433, 0.0, 0.2276063859462738, 0.2022109478712082, 0.04297799617052078, 1.1884077787399292, 1.4928938150405884, 6.313673496246338, 1.1432751417160034, 1.2217403650283813, 1.2589114904403687, 5.466940879821777, 1.6440106630325317, 1.828413724899292, 2.415780544281006, 6.545494556427002, 1.3652598857879639, 0.6091536283493042, 1.8164798021316528, 3.4235637187957764, 0.7521719932556152, 0.3570971190929413, 0.5343017578125, 0.4065329432487488, 0.3820298910140991, 0.08239412307739258, 0.5418877601623535, 0.569584846496582, 0.41814032196998596, 0.14921796321868896, 0.3269154131412506, 0.3528667390346527, 0.22234538197517395, 0.31128284335136414, 0.338514119386673, 0.1923019140958786, 0.3140633702278137, 0.7813819646835327, 0.6368770003318787, 1.0554720163345337, 0.9216443300247192, 0.38930603861808777, 0.8563355803489685, 0.8191475868225098, 0.8189026713371277, 1.2672122716903687, 0.5158377289772034, 1.040555715560913, 0.6353740096092224, 0.677238404750824, 0.7243980765342712, 0.6699886322021484, 0.4706604480743408, 0.17135730385780334, 0.13556885719299316, 0.23876319825649261, 0.1544831097126007, 0.15262886881828308, 0.23157478868961334, 0.4767441749572754, 0.42946407198905945, 0.12462189793586731, 0.19422690570354462, 0.32234758138656616, 0.172361359000206, 0.2223372608423233, 0.285703182220459, 0.20227020978927612, 0.37509864568710327]]
Time 4113.437693119049
