Created graph
[-7.0, -5, -3.0]
[-6.0, -5, -4.0]
[-5.5, -5, -4.5]
[-5.25, -5, -4.75]
[-5.125, -5, -4.875]
[-5.0625, -5, -4.9375]
10 4 50
Score: 103.5328
Signatures: [[0.0, 0.0, 0.0, 0.0, 0.0, 0.0, 0.0, 0.0, 0.0, 0.0, 0.0, 0.0, 0.5330524444580078, 0.28849074244499207, 0.19542831182479858, 0.4194837212562561, 0.0, 0.0, 0.0, 0.0, 0.0, 0.0, 0.0, 0.0, 0.0025569205172359943, 0.0, 0.0, 0.0, 0.0, 0.04134998470544815, 0.0, 3.0619938373565674, 0.009858795441687107, 0.0, 0.0, 0.06675034761428833, 0.3662634491920471, 0.0336059145629406, 0.0, 0.09908855706453323, 0.02822602540254593, 0.015110914595425129, 0.0, 0.0, 12.359222412109375, 2.6436102390289307, 4.203805446624756, 6.8579206466674805, 0.0, 0.0, 0.04087097570300102, 0.0, 0.0, 0.0, 0.0, 0.0, 0.0020361782517284155, 0.0, 0.0, 0.0, 0.0, 0.0, 0.0, 0.0, 0.0, 0.0, 0.0, 0.0, 0.0, 0.0, 0.0, 0.0, 0.0, 0.0, 0.0, 0.0, 0.0, 0.0, 0.0, 0.055287692695856094, 0.0, 0.0, 0.0, 0.0, 0.0, 0.0, 0.0, 0.0, 0.0, 0.029417723417282104, 0.0, 0.0, 0.0, 0.0, 0.0, 0.0], [0.45409345626831055, 0.8398886919021606, 0.278118371963501, 0.36472105979919434, 0.40997084975242615, 0.29269400238990784, 0.30319681763648987, 0.5609771013259888, 0.07607723772525787, 0.45859917998313904, 0.14029155671596527, 0.4513988196849823, 1.7608095407485962, 0.8022440075874329, 0.11351804435253143, 1.0762343406677246, 0.44529813528060913, 0.12778238952159882, 0.2830158472061157, 0.41797712445259094, 0.3391541838645935, 0.27809983491897583, 0.1918444186449051, 0.5394768714904785, 0.10745581239461899, 0.3292102515697479, 0.05247547850012779, 0.49241572618484497, 3.21025013923645, 1.3458210229873657, 0.7196398377418518, 2.7860655784606934, 0.4710424840450287, 0.14998233318328857, 2.8713130950927734, 0.30843764543533325, 1.0732951164245605, 0.6911308169364929, 2.373014211654663, 0.9376786351203918, 0.8378077149391174, 0.2802620530128479, 2.4416935443878174, 0.5740333199501038, 2.0935726165771484, 1.3131669759750366, 2.446410894393921, 4.656946182250977, 0.12336092442274094, 0.20867709815502167, 0.10085099935531616, 0.0, 0.17591044306755066, 0.20461691915988922, 0.24584151804447174, 0.19646666944026947, 0.08162234723567963, 0.22456037998199463, 0.1417444497346878, 0.17383374273777008, 0.15181604027748108, 0.09222367405891418, 0.19943879544734955, 0.041001446545124054, 0.38471508026123047, 0.0, 0.6352264881134033, 0.5546847581863403, 0.0, 0.19443592429161072, 0.21954849362373352, 0.3175220489501953, 0.18652307987213135, 0.30762648582458496, 0.07276081293821335, 0.18743139505386353, 0.0455545037984848, 0.41714751720428467, 0.04958745837211609, 0.0, 0.0645032450556755, 0.12065106630325317, 0.17117811739444733, 0.15968316793441772, 0.03818332403898239, 0.1100982129573822, 0.17550449073314667, 0.2915743291378021, 0.06819682568311691, 0.059364303946495056, 0.12767930328845978, 0.1680069863796234, 0.10058941692113876, 0.1502632200717926, 0.1646958589553833, 0.21323427557945251], [1.1594085693359375, 0.9976933002471924, 0.3163548707962036, 0.8139305710792542, 1.0044589042663574, 1.2440712451934814, 0.3041345477104187, 0.849010705947876, 1.2410937547683716, 1.0495312213897705, 0.219634547829628, 0.8831254839897156, 0.19284529983997345, 1.2680292129516602, 0.3797200620174408, 0.9322267174720764, 0.7048970460891724, 0.7301768660545349, 0.4260275065898895, 0.7421436309814453, 0.642850399017334, 0.7791475653648376, 0.5089570879936218, 0.8852871060371399, 0.45008841156959534, 0.5424206852912903, 0.3471188545227051, 0.5275734066963196, 0.2718775272369385, 0.7539628148078918, 0.18410955369472504, 1.2936331033706665, 1.4870562553405762, 1.603318691253662, 4.799534797668457, 1.3324297666549683, 1.3747304677963257, 1.2529009580612183, 4.118541717529297, 1.6621462106704712, 1.63913893699646, 2.2973804473876953, 4.795065879821777, 1.62251615524292, 1.8852554559707642, 2.4138951301574707, 2.893972396850586, 0.0, 0.29826465249061584, 0.6118895411491394, 0.5185061693191528, 0.44913074374198914, 0.12364202737808228, 0.671337366104126, 0.6746618747711182, 0.545952320098877, 0.21732473373413086, 0.33768901228904724, 0.4171448051929474, 0.22678698599338531, 0.27501311898231506, 0.37674835324287415, 0.18476589024066925, 0.4522342383861542, 0.6688688397407532, 0.8675804734230042, 0.9022482633590698, 0.9170935153961182, 0.4738718271255493, 0.951188325881958, 0.9489044547080994, 0.8621870875358582, 1.1392441987991333, 0.4276238977909088, 0.9441622495651245, 0.7460512518882751, 0.7122717499732971, 0.6029857993125916, 0.6476433873176575, 0.5901633501052856, 0.1660105586051941, 0.1330678015947342, 0.3109190762042999, 0.1436290591955185, 0.1943364143371582, 0.2931364178657532, 0.5971857905387878, 0.5756792426109314, 0.1604376882314682, 0.2522677183151245, 0.42112651467323303, 0.1972675323486328, 0.21506540477275848, 0.2385542094707489, 0.2969110310077667, 0.4095901548862457], [0.0, 0.017743118107318878, 0.0, 0.0, 0.0006179729243740439, 0.0, 0.0, 0.0022616323549300432, 0.0, 0.0, 0.037246134132146835, 0.0, 1.281230092048645, 0.32019633054733276, 0.18089132010936737, 0.23066043853759766, 0.0203165914863348, 0.0899251252412796, 0.049155667424201965, 0.004180544055998325, 0.10748118162155151, 0.0, 0.0, 0.1116224154829979, 0.05712949484586716, 0.0, 0.007703202310949564, 0.0, 9.328880310058594, 3.0019495487213135, 0.5341521501541138, 10.235983848571777, 0.127930149435997, 0.01383969560265541, 0.0, 0.037717971950769424, 0.21213869750499725, 0.0, 0.0, 0.0, 0.027794387191534042, 0.0, 0.0, 0.13534320890903473, 8.474928855895996, 1.9253851175308228, 1.2944844961166382, 2.724213123321533, 0.0, 0.0, 0.0485285185277462, 0.0, 0.0737382099032402, 0.0, 0.0, 0.0, 0.0, 0.0, 0.0, 0.0, 0.0, 0.0043691834434866905, 0.0, 0.0, 0.0, 0.02423030138015747, 0.0, 0.0, 0.0, 0.061709772795438766, 0.0, 0.0, 0.0, 0.0, 0.0, 0.05760294944047928, 0.026233432814478874, 0.0, 0.00695051159709692, 0.0, 0.0, 0.0, 0.0, 0.0, 0.0008445879793725908, 1.5149857063079253e-05, 0.0, 0.04670969024300575, 0.0, 0.0, 0.0, 0.0, 0.0, 0.0, 0.04934321343898773, 0.0]]
Time 1801.6490578651428
