Created graph
[-7.0, -5, -3.0]
[-6.0, -5, -4.0]
[-5.5, -5, -4.5]
[-5.25, -5, -4.75]
[-4.875, -4.75, -4.625]
[-4.6875, -4.625, -4.5625]
100 3 25
Score: 110.852844
Signatures: [[1.3226783275604248, 1.224819540977478, 0.4200638234615326, 0.8753330111503601, 1.061686396598816, 1.2657408714294434, 0.41411495208740234, 1.0459331274032593, 1.1855460405349731, 1.2724026441574097, 0.23814129829406738, 0.9921891689300537, 0.725257158279419, 1.3328971862792969, 0.33838510513305664, 1.1527609825134277, 0.7840969562530518, 0.6348876953125, 0.47934606671333313, 0.8273863196372986, 0.6745907068252563, 0.8279962539672852, 0.5582190752029419, 0.9475768804550171, 0.4048877954483032, 0.6298632025718689, 0.3131043314933777, 0.666454553604126, 0.4532533884048462, 0.7348764538764954, 0.41425639390945435, 0.11294884979724884, 1.4928795099258423, 1.512422800064087, 6.109429836273193, 1.3072558641433716, 1.5624358654022217, 1.4293476343154907, 4.97481632232666, 1.870652437210083, 1.8608812093734741, 2.237746000289917, 5.958293914794922, 1.6378849744796753, 0.0, 2.1327946186065674, 3.18847918510437, 1.146607518196106, 0.3720991313457489, 0.6594653129577637, 0.47206810116767883, 0.3839889168739319, 0.1766306757926941, 0.7024883031845093, 0.7247440218925476, 0.6231564879417419, 0.21325024962425232, 0.4118333160877228, 0.43021947145462036, 0.2849811315536499, 0.345327228307724, 0.3767803907394409, 0.2651732861995697, 0.413076251745224, 0.8292015194892883, 0.7520109415054321, 1.1319340467453003, 1.0879188776016235, 0.42344561219215393, 0.92180997133255, 0.9726361632347107, 0.9459734559059143, 1.1926343441009521, 0.58151775598526, 0.9474784135818481, 0.7212095260620117, 0.6665712594985962, 0.7932615280151367, 0.6312217712402344, 0.49661174416542053, 0.18577717244625092, 0.18866968154907227, 0.36671578884124756, 0.20743635296821594, 0.181748166680336, 0.307223916053772, 0.6263000965118408, 0.6205694675445557, 0.17224951088428497, 0.24340908229351044, 0.4336678683757782, 0.25374266505241394, 0.2529910206794739, 0.2983916699886322, 0.3077048659324646, 0.46731260418891907], [0.07973282784223557, 0.33848124742507935, 0.08223485201597214, 0.12115759402513504, 0.16433143615722656, 0.03498287498950958, 0.09284505248069763, 0.18003754317760468, 0.014914143830537796, 0.040883250534534454, 0.09947230666875839, 0.09164111316204071, 1.5670970678329468, 0.5701629519462585, 0.14427976310253143, 0.4704241156578064, 0.21591205894947052, 0.197189062833786, 0.16661138832569122, 0.17995646595954895, 0.27028200030326843, 0.07418321818113327, 0.036572445183992386, 0.3812306821346283, 0.08615204691886902, 0.1019417941570282, 0.04824557900428772, 0.19572922587394714, 10.290386199951172, 3.3691279888153076, 0.7641627192497253, 10.580965042114258, 0.2544507384300232, 0.07855134457349777, 0.0, 0.06785088032484055, 0.3984180688858032, 0.057850223034620285, 0.0, 0.04857340827584267, 0.18428806960582733, 0.0, 0.0, 0.3907219469547272, 7.213289737701416, 2.1432905197143555, 1.4889808893203735, 2.4772450923919678, 0.0, 0.06371437013149261, 0.030454477295279503, 0.005285074468702078, 0.13040776550769806, 0.013119868002831936, 0.04140561446547508, 0.0, 0.03770812228322029, 0.05034978687763214, 0.04283154383301735, 0.045229729264974594, 0.017031904309988022, 0.041404806077480316, 0.049807652831077576, 0.019798796623945236, 0.0577668622136116, 0.05777565389871597, 0.17089003324508667, 0.18278245627880096, 0.0, 0.1558283120393753, 0.05070663243532181, 0.08938460797071457, 0.0006025274051353335, 0.010820685885846615, 0.0, 0.15333962440490723, 0.03770642355084419, 0.08925358206033707, 0.023503096774220467, 0.0, 0.002395984251052141, 0.015189561061561108, 0.03745947778224945, 0.04958271607756615, 0.023310745134949684, 0.05295604094862938, 0.025032754987478256, 0.19169190526008606, 0.03041214495897293, 0.0, 0.03466051444411278, 0.050335969775915146, 0.02754521183669567, 0.0, 0.13414354622364044, 0.06819610297679901], [0.0, 0.0, 0.0, 0.0, 0.0, 0.0, 0.0, 0.00039100556750781834, 0.0, 0.0, 0.0, 0.038700416684150696, 0.8312163949012756, 0.35916760563850403, 0.27660709619522095, 0.571129322052002, 0.0, 0.0, 0.0, 0.0, 0.0, 0.0, 0.0, 0.0, 0.039634134620428085, 0.0, 0.0, 0.0, 0.0, 0.16714051365852356, 0.0, 3.710223913192749, 0.09164618700742722, 0.0, 0.6167827248573303, 0.16398923099040985, 0.5822113156318665, 0.22276362776756287, 0.6337987780570984, 0.39240023493766785, 0.1643962264060974, 0.13205508887767792, 0.3398062586784363, 0.0019686450250446796, 13.840629577636719, 2.823866605758667, 4.513627529144287, 8.02868938446045, 0.0, 0.003415950806811452, 0.11252148449420929, 0.0, 0.0, 0.01584911346435547, 0.0, 0.0, 0.00746081443503499, 0.008776463568210602, 0.0027642541099339724, 0.00014726647350471467, 0.0, 0.0, 0.0, 0.0, 0.0, 0.0, 0.0, 0.0, 0.0, 0.0, 0.0, 0.0, 0.0, 0.02486627735197544, 0.0, 0.0, 0.0, 0.0, 0.0, 0.06655476987361908, 0.004674719180911779, 0.0, 0.0, 0.0, 0.0, 0.0, 0.0, 0.0, 0.0, 0.050569478422403336, 0.0, 0.0, 0.0, 0.04138265177607536, 0.0, 0.0]]
Time 2815.3010177612305
