Created graph
[-7.0, -5, -3.0]
[-6.0, -5, -4.0]
[-5.5, -5, -4.5]
[-5.25, -5, -4.75]
[-5.125, -5, -4.875]
[-5.0625, -5, -4.9375]
1 3 10
Score: 107.250084
Signatures: [[1.2246609926223755, 1.255308747291565, 0.42369359731674194, 0.8933269381523132, 1.0594031810760498, 1.1981804370880127, 0.42660433053970337, 1.0145882368087769, 1.0644032955169678, 1.1359193325042725, 0.2520013749599457, 0.9911351203918457, 1.032161831855774, 1.4885038137435913, 0.40367886424064636, 1.3376628160476685, 0.8240501880645752, 0.6531557440757751, 0.48644551634788513, 0.8358837962150574, 0.6888176798820496, 0.7988902926445007, 0.5307036638259888, 0.9987935423851013, 0.4271111786365509, 0.6402438282966614, 0.31182578206062317, 0.6871176362037659, 1.3191826343536377, 1.1417620182037354, 0.48909902572631836, 1.8828984498977661, 1.486533761024475, 1.4082024097442627, 5.717052936553955, 1.2919628620147705, 1.7154741287231445, 1.4627631902694702, 4.892081260681152, 1.9400726556777954, 1.8550820350646973, 2.102412700653076, 5.570634365081787, 1.659332513809204, 2.853494644165039, 2.82519793510437, 3.9900403022766113, 2.3664636611938477, 0.3251363933086395, 0.6247495412826538, 0.4973001778125763, 0.35884004831314087, 0.1757419854402542, 0.678916335105896, 0.7077087759971619, 0.5680519938468933, 0.2266770899295807, 0.41215962171554565, 0.43004310131073, 0.2885746657848358, 0.31660476326942444, 0.36200225353240967, 0.27159547805786133, 0.38200876116752625, 0.7840296626091003, 0.6949574947357178, 1.1136548519134521, 1.081778645515442, 0.38260698318481445, 0.8913189172744751, 0.9024653434753418, 0.8893334865570068, 1.064798355102539, 0.5466974973678589, 0.8309135437011719, 0.7066642045974731, 0.6084983348846436, 0.7449047565460205, 0.562233030796051, 0.49466514587402344, 0.17778871953487396, 0.1814885139465332, 0.35262125730514526, 0.20940326154232025, 0.1780778169631958, 0.30116763710975647, 0.5964933633804321, 0.6131024360656738, 0.17011615633964539, 0.24979011714458466, 0.41838836669921875, 0.2590000629425049, 0.23397445678710938, 0.2923646867275238, 0.3251183331012726, 0.45685315132141113], [0.0, 0.14524979889392853, 0.011268912814557552, 0.0027434921357780695, 0.012088772840797901, 0.0, 0.019207848235964775, 0.05855680629611015, 0.0, 0.0, 0.05800875276327133, 0.0, 1.5816916227340698, 0.4703480303287506, 0.16249476373195648, 0.41917067766189575, 0.06932397186756134, 0.08719568699598312, 0.09341539442539215, 0.04456552863121033, 0.15160690248012543, 0.0, 0.0, 0.1823350191116333, 0.05055584758520126, 0.0, 0.0005467173759825528, 0.06825415045022964, 9.56765365600586, 3.114912509918213, 0.6888834238052368, 9.902626991271973, 0.13888390362262726, 0.0, 0.0, 0.03471691161394119, 0.4356646239757538, 0.02104141004383564, 0.0, 0.03051416203379631, 0.076206274330616, 0.0, 0.0, 0.135683074593544, 7.599785327911377, 2.124941825866699, 2.020127534866333, 2.611405849456787, 0.0, 0.0002306772948941216, 0.04569610580801964, 0.0, 0.11034776270389557, 0.0, 0.0, 0.0, 0.0047120884992182255, 6.370487426465843e-06, 0.0, 0.00494946027174592, 0.0, 0.002398768439888954, 6.880517048557522e-06, 0.0, 0.0, 0.0, 0.042679231613874435, 0.02068801410496235, 0.0, 0.04493435099720955, 0.0, 0.0, 0.0, 0.0, 0.0, 0.05118231102824211, 0.0, 0.0010783461621031165, 0.0, 0.0, 0.0, 0.0, 0.0, 0.014989063143730164, 5.717346357414499e-05, 0.008793436922132969, 0.0, 0.08903001993894577, 0.0, 0.0, 0.0, 0.00540902279317379, 0.0, 0.0, 0.07773014158010483, 0.013132189400494099], [0.0, 0.0, 0.0, 0.0, 0.0, 0.0, 0.0, 0.0, 0.0, 0.0, 0.0, 0.0, 0.5992532968521118, 0.17368987202644348, 0.17956967651844025, 0.353733092546463, 0.0, 0.0, 0.0, 0.0, 0.0, 0.0, 0.0, 0.0, 5.858421445736894e-07, 0.0, 0.0, 0.0, 0.41591712832450867, 0.21704813838005066, 0.0, 4.0468220710754395, 0.0, 0.0, 0.0, 0.008252170868217945, 0.24018162488937378, 0.019192997366189957, 0.0, 0.07520891726016998, 0.0, 0.0, 0.0, 0.0, 12.929330825805664, 2.30147385597229, 3.2471845149993896, 7.625869274139404, 0.0, 0.0, 0.010850518010556698, 0.0, 0.0, 0.0, 0.0, 0.0, 0.0, 0.0, 0.0, 0.0, 0.0, 0.0, 0.0, 0.0, 0.0, 0.0, 0.0, 0.0, 0.0, 0.0, 0.0, 0.0, 0.0, 0.0, 0.0, 0.0, 0.0, 0.0, 0.0, 8.47591581987217e-06, 0.0, 0.0, 0.0, 0.0, 0.0, 0.0, 0.0, 0.0, 0.0, 0.016917716711759567, 0.0, 0.0, 0.0, 0.001533015980385244, 0.0, 0.0]]
Time 1802.0605175495148
