Created graph
[-7.0, -5, -3.0]
[-6.0, -5, -4.0]
[-5.5, -5, -4.5]
[-5.25, -5, -4.75]
[-4.875, -4.75, -4.625]
[-4.9375, -4.875, -4.8125]
5000 3 10
Score: 106.09776
Signatures: [[0.022055579349398613, 0.3538348376750946, 0.07252952456474304, 0.10047691315412521, 0.12718389928340912, 0.0, 0.06977594643831253, 0.16974441707134247, 0.0, 0.0, 0.11214901506900787, 0.035673968493938446, 1.9038450717926025, 0.6768763661384583, 0.21101319789886475, 0.6655634641647339, 0.20937471091747284, 0.20894818007946014, 0.20284108817577362, 0.16318084299564362, 0.3063652813434601, 0.03366031497716904, 0.0, 0.41558876633644104, 0.1188119500875473, 0.06168201193213463, 0.03441883996129036, 0.20283882319927216, 12.06128978729248, 4.210901737213135, 0.9204831123352051, 12.657069206237793, 0.3336125612258911, 0.015516288578510284, 0.0, 0.12589797377586365, 0.6241458654403687, 0.13008856773376465, 0.0, 0.11287402361631393, 0.22268347442150116, 0.0, 0.0, 0.3580706715583801, 10.374679565429688, 2.9934535026550293, 2.63710355758667, 3.305422782897949, 0.0, 0.04478691145777702, 0.09277958422899246, 0.0, 0.17537742853164673, 0.0, 0.00019280648848507553, 0.0, 0.028008269146084785, 0.030178779736161232, 0.02000909112393856, 0.034059058874845505, 0.00016711006173864007, 0.032855696976184845, 0.0176848154515028, 0.0022569226566702127, 0.030357446521520615, 0.038542620837688446, 0.1487339287996292, 0.13659906387329102, 0.0, 0.1573711484670639, 0.00504424050450325, 0.0394543781876564, 0.0, 0.001332076732069254, 0.0, 0.1538759171962738, 0.025269631296396255, 0.05915446951985359, 0.0, 0.0, 0.0, 0.004135166760534048, 0.016053970903158188, 0.04989738017320633, 0.016868971288204193, 0.05313248932361603, 0.0, 0.21154949069023132, 0.016899937763810158, 0.0, 0.011855925433337688, 0.042295150458812714, 0.021748874336481094, 0.0, 0.16061468422412872, 0.06362631171941757], [0.0, 0.0, 0.0, 0.0, 0.0, 0.0, 0.0, 0.0, 0.0, 0.0, 0.0, 0.0, 1.333585500717163, 0.4180492162704468, 0.2963646650314331, 0.5828539729118347, 0.0, 0.0, 0.0, 0.0, 0.0, 0.0, 0.0, 0.0, 0.0028238140512257814, 0.0, 0.0, 0.0, 2.533527135848999, 0.8223408460617065, 0.11726827174425125, 7.486329078674316, 0.0003013871028088033, 0.0, 0.06760023534297943, 0.05916344001889229, 0.5273877382278442, 0.08042700588703156, 0.15148550271987915, 0.22708094120025635, 0.04637549817562103, 0.0, 0.0, 0.0, 17.834680557250977, 3.449969530105591, 4.882486343383789, 10.466712951660156, 0.0, 0.0, 0.04175399988889694, 0.0, 0.0, 0.0, 0.0, 0.0, 0.0, 0.000673352275043726, 0.0, 0.0, 0.0, 0.0, 0.0, 0.0, 0.0, 0.0, 0.0, 0.0, 0.0, 0.0, 0.0, 0.0, 0.0, 0.0, 0.0, 0.0, 0.0, 0.0, 0.0, 0.025762803852558136, 0.0, 0.0, 0.0, 0.0, 0.0, 0.0, 0.0, 0.0, 0.0, 0.03839890658855438, 0.0, 0.0, 0.0, 0.016331428661942482, 0.0, 0.0], [1.5340946912765503, 1.498761773109436, 0.508101761341095, 1.0595868825912476, 1.2851176261901855, 1.4857141971588135, 0.5156299471855164, 1.2294964790344238, 1.3455315828323364, 1.4339004755020142, 0.3017667829990387, 1.2100023031234741, 1.0595656633377075, 1.7357109785079956, 0.469422847032547, 1.5184375047683716, 0.9635130763053894, 0.7819582223892212, 0.5705901384353638, 1.0017435550689697, 0.8246957063674927, 0.9831255078315735, 0.6785884499549866, 1.1766088008880615, 0.5075042843818665, 0.7724803686141968, 0.37369784712791443, 0.8180034160614014, 1.061560034751892, 1.151860237121582, 0.5629844069480896, 1.334843397140503, 1.7967278957366943, 1.7751504182815552, 7.286763668060303, 1.5638720989227295, 1.9842349290847778, 1.7593687772750854, 6.131524562835693, 2.321800470352173, 2.268765687942505, 2.629879951477051, 7.039152145385742, 2.0142533779144287, 1.942610740661621, 3.0566282272338867, 4.466741561889648, 2.333087205886841, 0.4171062707901001, 0.7732409834861755, 0.5933683514595032, 0.4529187083244324, 0.21231620013713837, 0.836798906326294, 0.8769611716270447, 0.706308901309967, 0.27049320936203003, 0.4990921914577484, 0.5215650796890259, 0.35039061307907104, 0.4004347026348114, 0.4468868374824524, 0.3335348963737488, 0.4780219495296478, 0.9793806076049805, 0.8737285733222961, 1.378081202507019, 1.3315975666046143, 0.48563337326049805, 1.0839163064956665, 1.1428278684616089, 1.1153064966201782, 1.3488374948501587, 0.6834158897399902, 1.0719081163406372, 0.8594884276390076, 0.7590137124061584, 0.9339485764503479, 0.7261931300163269, 0.6119839549064636, 0.22535431385040283, 0.22511406242847443, 0.43876299262046814, 0.25524887442588806, 0.216690793633461, 0.3662828803062439, 0.7454550862312317, 0.742859423160553, 0.21070027351379395, 0.30099737644195557, 0.5201642513275146, 0.3104783892631531, 0.2883341312408447, 0.3667672574520111, 0.3810371458530426, 0.5677083730697632]]
Time 4107.215374708176
