Created graph
[-7.0, -5, -3.0]
[-6.0, -5, -4.0]
[-5.5, -5, -4.5]
[-5.25, -5, -4.75]
[-4.875, -4.75, -4.625]
[-4.6875, -4.625, -4.5625]
100 3 100
Score: 110.86014
Signatures: [[1.3226895332336426, 1.224795937538147, 0.4200142025947571, 0.8753447532653809, 1.061738133430481, 1.265756368637085, 0.4140900671482086, 1.046161413192749, 1.1856060028076172, 1.2724775075912476, 0.23809191584587097, 0.9922275543212891, 0.7248685359954834, 1.3327250480651855, 0.3383557200431824, 1.1526445150375366, 0.7840729355812073, 0.6348336338996887, 0.47936153411865234, 0.8273581862449646, 0.674626886844635, 0.8280091881752014, 0.5581794381141663, 0.9474447965621948, 0.4048864245414734, 0.6298314929008484, 0.31309962272644043, 0.6663815379142761, 0.45293113589286804, 0.7344043850898743, 0.41424301266670227, 0.11075904220342636, 1.4930174350738525, 1.5126153230667114, 6.110373020172119, 1.3074525594711304, 1.5623568296432495, 1.4293596744537354, 4.975183963775635, 1.8707664012908936, 1.861084222793579, 2.238088369369507, 5.959327697753906, 1.637925148010254, 0.0, 2.1322896480560303, 3.1879804134368896, 1.145546555519104, 0.37209346890449524, 0.6595669984817505, 0.4720599055290222, 0.3839832842350006, 0.17663829028606415, 0.7025102972984314, 0.7247300744056702, 0.6231825947761536, 0.2132227122783661, 0.41187089681625366, 0.4302652180194855, 0.28496989607810974, 0.3453494906425476, 0.376791387796402, 0.2651463747024536, 0.41311463713645935, 0.8292927742004395, 0.7520273923873901, 1.1319575309753418, 1.0879372358322144, 0.42346054315567017, 0.9218528270721436, 0.972761332988739, 0.945968508720398, 1.1927896738052368, 0.5815638303756714, 0.9475464820861816, 0.7213099002838135, 0.6667360663414001, 0.7933329343795776, 0.6312879920005798, 0.49662014842033386, 0.18574827909469604, 0.18864679336547852, 0.36667925119400024, 0.2074015885591507, 0.181742325425148, 0.3072003424167633, 0.626311182975769, 0.6205174922943115, 0.17220287024974823, 0.243421271443367, 0.4336543679237366, 0.2537063956260681, 0.25301000475883484, 0.298440158367157, 0.3076637089252472, 0.4672228991985321], [0.07981613278388977, 0.3390870988368988, 0.08236642181873322, 0.1213461309671402, 0.16450431942939758, 0.034966424107551575, 0.09301398694515228, 0.18025058507919312, 0.01484636776149273, 0.040865324437618256, 0.09965629130601883, 0.09179427474737167, 1.5700287818908691, 0.5712689161300659, 0.14460809528827667, 0.47176864743232727, 0.21630822122097015, 0.19751398265361786, 0.1669274866580963, 0.18024885654449463, 0.27073246240615845, 0.07424585521221161, 0.0366363488137722, 0.3819206953048706, 0.08646849542856216, 0.10214119404554367, 0.04834194481372833, 0.19611431658267975, 10.307759284973145, 3.3753364086151123, 0.7654908299446106, 10.599149703979492, 0.254999041557312, 0.07852853089570999, 0.0, 0.06797216832637787, 0.39927804470062256, 0.05816685035824776, 0.0, 0.04888436570763588, 0.1849087029695511, 0.0, 0.0, 0.3912290930747986, 7.2262372970581055, 2.1471409797668457, 1.4922869205474854, 2.48150634765625, 0.0, 0.06385942548513412, 0.03049772046506405, 0.005282609257847071, 0.1306353658437729, 0.013093391433358192, 0.04146406799554825, 0.0, 0.03790813684463501, 0.0504089891910553, 0.04288697987794876, 0.04534732922911644, 0.017029140144586563, 0.041453082114458084, 0.04990900307893753, 0.019809791818261147, 0.05778093636035919, 0.05786528065800667, 0.17103290557861328, 0.18298903107643127, 0.0, 0.15599320828914642, 0.05070103704929352, 0.0895196795463562, 0.0004946832777932286, 0.010963940992951393, 0.0, 0.15352928638458252, 0.03765008598566055, 0.08933419734239578, 0.023453475907444954, 0.0, 0.0024540999438613653, 0.015202728100121021, 0.03755753114819527, 0.049663279205560684, 0.023341834545135498, 0.05305323749780655, 0.025049155578017235, 0.19200459122657776, 0.030494719743728638, 0.0, 0.03469589352607727, 0.050453875213861465, 0.027542131021618843, 0.0, 0.1343928426504135, 0.06829964369535446], [0.0, 0.0, 0.0, 0.0, 0.0, 0.0, 0.0, 0.0003045452758669853, 0.0, 0.0, 0.0, 0.038618773221969604, 0.8331812620162964, 0.3597441017627716, 0.27707624435424805, 0.5717709064483643, 0.0, 0.0, 0.0, 0.0, 0.0, 0.0, 0.0, 0.0, 0.03950336202979088, 0.0, 0.0, 0.0, 0.0, 0.1674652397632599, 0.0, 3.7199835777282715, 0.09148681908845901, 0.0, 0.6167314648628235, 0.16410569846630096, 0.5831616520881653, 0.22286124527454376, 0.6339693069458008, 0.3927730917930603, 0.16415438055992126, 0.13186687231063843, 0.3392851948738098, 0.0018544959602877498, 13.870647430419922, 2.8302268981933594, 4.522342205047607, 8.047226905822754, 0.0, 0.003302093828096986, 0.11272560060024261, 0.0, 0.0, 0.015859585255384445, 0.0, 0.0, 0.007329487707465887, 0.008764149621129036, 0.002738365437835455, 8.433976472588256e-05, 0.0, 0.0, 0.0, 0.0, 0.0, 0.0, 0.0, 0.0, 0.0, 0.0, 0.0, 0.0, 0.0, 0.024687927216291428, 0.0, 0.0, 0.0, 0.0, 0.0, 0.06662006676197052, 0.004619040992110968, 0.0, 0.0, 0.0, 0.0, 0.0, 0.0, 0.0, 0.0, 0.05063389986753464, 0.0, 0.0, 0.0, 0.04138071462512016, 0.0, 0.0]]
Time 2721.906325817108
