Created graph
[-7.0, -5, -3.0]
[-6.0, -5, -4.0]
[-5.5, -5, -4.5]
[-5.25, -5, -4.75]
[-5.125, -5, -4.875]
[-5.0625, -5, -4.9375]
1 4 25
Score: 103.53498
Signatures: [[0.0, 0.0, 0.0, 0.0, 0.0, 0.0, 0.0, 0.0, 0.0, 0.0, 0.0, 0.0, 0.5328741669654846, 0.2883303761482239, 0.1953326016664505, 0.41935086250305176, 0.0, 0.0, 0.0, 0.0, 0.0, 0.0, 0.0, 0.0, 0.002520964713767171, 0.0, 0.0, 0.0, 0.0, 0.041078049689531326, 0.0, 3.0598764419555664, 0.009801632724702358, 0.0, 0.0, 0.06666691601276398, 0.36615321040153503, 0.03354087099432945, 0.0, 0.09907903522253036, 0.028170045465230942, 0.014925588853657246, 0.0, 0.0, 12.353784561157227, 2.6423020362854004, 4.202141284942627, 6.855712890625, 0.0, 0.0, 0.04083331674337387, 0.0, 0.0, 0.0, 0.0, 0.0, 0.0020361009519547224, 0.0, 0.0, 0.0, 0.0, 0.0, 0.0, 0.0, 0.0, 0.0, 0.0, 0.0, 0.0, 0.0, 0.0, 0.0, 0.0, 0.0, 0.0, 0.0, 0.0, 0.0, 0.0, 0.05520989000797272, 0.0, 0.0, 0.0, 0.0, 0.0, 0.0, 0.0, 0.0, 0.0, 0.029363371431827545, 0.0, 0.0, 0.0, 0.0, 0.0, 0.0], [0.4542454481124878, 0.8397387266159058, 0.278220534324646, 0.3647014796733856, 0.40985652804374695, 0.29272061586380005, 0.3031991124153137, 0.5609928369522095, 0.07624103873968124, 0.4587755799293518, 0.14022456109523773, 0.45132774114608765, 1.7597408294677734, 0.8014964461326599, 0.11342121660709381, 1.0752902030944824, 0.4451696276664734, 0.12761545181274414, 0.2829592823982239, 0.417906254529953, 0.33903175592422485, 0.27800536155700684, 0.19190281629562378, 0.5392534732818604, 0.10743329674005508, 0.3290838599205017, 0.05249999463558197, 0.4923367500305176, 3.2070400714874268, 1.3443371057510376, 0.7192559242248535, 2.781766891479492, 0.4710327088832855, 0.15020813047885895, 2.8724703788757324, 0.30833303928375244, 1.0726045370101929, 0.6912320852279663, 2.373772621154785, 0.9371918439865112, 0.8378890156745911, 0.28071707487106323, 2.44356107711792, 0.573652446269989, 2.0890815258026123, 1.310991644859314, 2.444594621658325, 4.652142524719238, 0.12345756590366364, 0.20863844454288483, 0.10086361318826675, 0.0, 0.1758687049150467, 0.20468872785568237, 0.24598076939582825, 0.19659285247325897, 0.0815877839922905, 0.22458508610725403, 0.14176242053508759, 0.1738329827785492, 0.1519143283367157, 0.09226854145526886, 0.19941751658916473, 0.04096429422497749, 0.3849080801010132, 0.0, 0.6355026364326477, 0.5547450184822083, 0.0, 0.1944446861743927, 0.21946364641189575, 0.31773850321769714, 0.18680062890052795, 0.3075934946537018, 0.07315761595964432, 0.18745462596416473, 0.04564959928393364, 0.41733404994010925, 0.049801625311374664, 0.0, 0.06450019031763077, 0.1206706091761589, 0.171221524477005, 0.1596725583076477, 0.038165003061294556, 0.1100827157497406, 0.17570334672927856, 0.29173457622528076, 0.06818485260009766, 0.05940568819642067, 0.12772110104560852, 0.1680544763803482, 0.10056053847074509, 0.1502268761396408, 0.16451968252658844, 0.21332773566246033], [1.1587626934051514, 0.997012734413147, 0.31602394580841064, 0.8135416507720947, 1.0040661096572876, 1.2436295747756958, 0.30385416746139526, 0.8484777212142944, 1.240667700767517, 1.0489137172698975, 0.21951453387737274, 0.8827033042907715, 0.19205166399478912, 1.2676209211349487, 0.3795960545539856, 0.9318184852600098, 0.7045453786849976, 0.7300618886947632, 0.4257914125919342, 0.7417705655097961, 0.6425672173500061, 0.7788690328598022, 0.5086544156074524, 0.8848650455474854, 0.4499451518058777, 0.5421892404556274, 0.3470137417316437, 0.5271872878074646, 0.27074068784713745, 0.7536095976829529, 0.18372727930545807, 1.2935837507247925, 1.4864581823349, 1.6027289628982544, 4.795713901519775, 1.3320631980895996, 1.374097466468811, 1.252079963684082, 4.115374565124512, 1.661469578742981, 1.6381531953811646, 2.296470880508423, 4.790928840637207, 1.6220251321792603, 1.885196566581726, 2.41369891166687, 2.8924522399902344, 0.0, 0.29804620146751404, 0.6116466522216797, 0.5183175802230835, 0.4490357041358948, 0.12352277338504791, 0.6710074543952942, 0.6742455363273621, 0.5456321835517883, 0.21724846959114075, 0.3374539017677307, 0.41695287823677063, 0.22661316394805908, 0.27478039264678955, 0.3765730857849121, 0.18459893763065338, 0.4521573483943939, 0.6683251857757568, 0.8674237132072449, 0.9013568758964539, 0.9164459705352783, 0.4737904965877533, 0.9509011507034302, 0.9486355781555176, 0.8616445660591125, 1.13871169090271, 0.4273640513420105, 0.9436220526695251, 0.7457700967788696, 0.7120906114578247, 0.6024317741394043, 0.6473338603973389, 0.5900509357452393, 0.16592416167259216, 0.1329469531774521, 0.31071001291275024, 0.1434837281703949, 0.19428876042366028, 0.29300808906555176, 0.5968061685562134, 0.5752630829811096, 0.1603640913963318, 0.2521688640117645, 0.4209248423576355, 0.19707375764846802, 0.21498391032218933, 0.2384268045425415, 0.29683852195739746, 0.4092680513858795], [0.0, 0.017773617058992386, 0.0, 0.0, 0.0006167900282889605, 0.0, 0.0, 0.002259503584355116, 0.0, 0.0, 0.037243254482746124, 0.0, 1.2807502746582031, 0.3201832175254822, 0.18076615035533905, 0.23070956766605377, 0.020325111225247383, 0.08989009261131287, 0.049139343202114105, 0.004179895389825106, 0.10743822902441025, 0.0, 0.0, 0.11159969121217728, 0.05709938704967499, 0.0, 0.007675311993807554, 0.0, 9.324784278869629, 3.0007476806640625, 0.5340075492858887, 10.230965614318848, 0.1278192698955536, 0.013732616789638996, 0.0, 0.037689849734306335, 0.21207542717456818, 0.0, 0.0, 0.0, 0.027759334072470665, 0.0, 0.0, 0.13532936573028564, 8.46898365020752, 1.9242758750915527, 1.293386459350586, 2.722177505493164, 0.0, 0.0, 0.048479098826646805, 0.0, 0.0737132653594017, 0.0, 0.0, 0.0, 0.0, 0.0, 0.0, 0.0, 0.0, 0.004345006309449673, 0.0, 0.0, 0.0, 0.02415645681321621, 0.0, 0.0, 0.0, 0.061630360782146454, 0.0, 0.0, 0.0, 0.0, 0.0, 0.057537347078323364, 0.02615722455084324, 0.0, 0.0068748085759580135, 0.0, 0.0, 0.0, 0.0, 0.0, 0.0008396971388719976, 1.4078916137805209e-05, 0.0, 0.04663575813174248, 0.0, 0.0, 0.0, 0.0, 0.0, 0.0, 0.04934859275817871, 0.0]]
Time 1795.0496532917023
