Created graph
[-7.0, -5, -3.0]
[-6.0, -5, -4.0]
[-5.5, -5, -4.5]
[-5.25, -5, -4.75]
[-5.125, -5, -4.875]
[-5.0625, -5, -4.9375]
1 4 10
Score: 103.53475
Signatures: [[0.0, 0.0, 0.0, 0.0, 0.0, 0.0, 0.0, 0.0, 0.0, 0.0, 0.0, 0.0, 0.5328732132911682, 0.28832802176475525, 0.19533339142799377, 0.41934967041015625, 0.0, 0.0, 0.0, 0.0, 0.0, 0.0, 0.0, 0.0, 0.002520315581932664, 0.0, 0.0, 0.0, 0.0, 0.04107527434825897, 0.0, 3.0598559379577637, 0.009801222942769527, 0.0, 0.0, 0.06666668504476547, 0.366155743598938, 0.03354194760322571, 0.0, 0.09907828271389008, 0.028170468285679817, 0.014928240329027176, 0.0, 0.0, 12.353765487670898, 2.6422975063323975, 4.2021379470825195, 6.855713844299316, 0.0, 0.0, 0.04083310067653656, 0.0, 0.0, 0.0, 0.0, 0.0, 0.002035494428128004, 0.0, 0.0, 0.0, 0.0, 0.0, 0.0, 0.0, 0.0, 0.0, 0.0, 0.0, 0.0, 0.0, 0.0, 0.0, 0.0, 0.0, 0.0, 0.0, 0.0, 0.0, 0.0, 0.05520990118384361, 0.0, 0.0, 0.0, 0.0, 0.0, 0.0, 0.0, 0.0, 0.0, 0.029362862929701805, 0.0, 0.0, 0.0, 0.0, 0.0, 0.0], [0.4542520344257355, 0.8397491574287415, 0.27822345495224, 0.3647090792655945, 0.40986549854278564, 0.29273200035095215, 0.3032001554965973, 0.5609970092773438, 0.07624051719903946, 0.4587796628475189, 0.1402239203453064, 0.4513339400291443, 1.759749174118042, 0.8015065789222717, 0.11342143267393112, 1.0753003358840942, 0.4451763331890106, 0.12761978805065155, 0.28297361731529236, 0.41792330145835876, 0.33904829621315, 0.2780173122882843, 0.1919061839580536, 0.5392636656761169, 0.10744110494852066, 0.32909250259399414, 0.05250672996044159, 0.4923498034477234, 3.2070703506469727, 1.3443719148635864, 0.7192715406417847, 2.781785011291504, 0.4710392355918884, 0.15020474791526794, 2.8724281787872314, 0.30833157896995544, 1.0726121664047241, 0.6912294626235962, 2.373732566833496, 0.9371956586837769, 0.8378915190696716, 0.28069791197776794, 2.443483829498291, 0.5736671686172485, 2.0890908241271973, 1.311006784439087, 2.4445719718933105, 4.652145862579346, 0.12345623224973679, 0.20864234864711761, 0.10086313635110855, 0.0, 0.17587178945541382, 0.20469163358211517, 0.24598823487758636, 0.1966034471988678, 0.08159181475639343, 0.22458767890930176, 0.14176565408706665, 0.17383314669132233, 0.15191370248794556, 0.0922686830163002, 0.19941848516464233, 0.040971580892801285, 0.3849112093448639, 0.0, 0.635500431060791, 0.5547460317611694, 0.0, 0.19444872438907623, 0.219466894865036, 0.31774279475212097, 0.1867906004190445, 0.30759185552597046, 0.07314980775117874, 0.18745796382427216, 0.04564777389168739, 0.41733187437057495, 0.04979880526661873, 0.0, 0.0645003542304039, 0.12067041546106339, 0.1712232530117035, 0.15967410802841187, 0.03816606476902962, 0.11008542776107788, 0.17570742964744568, 0.2917395830154419, 0.06818647682666779, 0.059409819543361664, 0.12772397696971893, 0.16805855929851532, 0.1005624309182167, 0.1502256542444229, 0.16452395915985107, 0.21332818269729614], [1.1587562561035156, 0.9970024824142456, 0.31602010130882263, 0.8135328888893127, 1.0040560960769653, 1.2436158657073975, 0.3038523495197296, 0.8484733700752258, 1.2406667470932007, 1.0489095449447632, 0.2195141315460205, 0.8826935291290283, 0.19204869866371155, 1.267609715461731, 0.37959516048431396, 0.931807816028595, 0.7045375108718872, 0.7300547957420349, 0.4257805049419403, 0.7417553067207336, 0.642555832862854, 0.7788573503494263, 0.5086503028869629, 0.8848545551300049, 0.4499381482601166, 0.5421800017356873, 0.3470073640346527, 0.5271753072738647, 0.2707253396511078, 0.7535857558250427, 0.18371759355068207, 1.293576955795288, 1.4864506721496582, 1.6027300357818604, 4.795741081237793, 1.332061529159546, 1.3740862607955933, 1.2520766258239746, 4.115396976470947, 1.6614611148834229, 1.6381489038467407, 2.296478748321533, 4.790978908538818, 1.6220110654830933, 1.8851869106292725, 2.4136760234832764, 2.89245867729187, 0.0, 0.29804712533950806, 0.6116426587104797, 0.5183154344558716, 0.4490341246128082, 0.12352070957422256, 0.6710025668144226, 0.6742376089096069, 0.545621931552887, 0.21724490821361542, 0.3374508321285248, 0.41694867610931396, 0.22661228477954865, 0.2747805714607239, 0.37657251954078674, 0.18459796905517578, 0.4521506428718567, 0.6683214902877808, 0.8674203753471375, 0.9013566970825195, 0.9164432883262634, 0.47378939390182495, 0.9508959054946899, 0.9486319422721863, 0.8616403937339783, 1.1387178897857666, 0.42736509442329407, 0.9436274170875549, 0.7457661628723145, 0.7120904326438904, 0.6024335026741028, 0.6473358273506165, 0.5900503396987915, 0.16592352092266083, 0.13294672966003418, 0.3107083737850189, 0.1434818059206009, 0.19428685307502747, 0.2930048406124115, 0.5968017578125, 0.575257420539856, 0.16036230325698853, 0.2521648406982422, 0.42092129588127136, 0.19707001745700836, 0.21498191356658936, 0.23842747509479523, 0.2968347668647766, 0.4092666804790497], [0.0, 0.01777181774377823, 0.0, 0.0, 0.0006163222133181989, 0.0, 0.0, 0.002258891938254237, 0.0, 0.0, 0.03724341839551926, 0.0, 1.2807449102401733, 0.320182204246521, 0.1807650327682495, 0.23070749640464783, 0.020324496552348137, 0.08989045023918152, 0.049136046320199966, 0.004177452996373177, 0.10743402689695358, 0.0, 0.0, 0.11159835010766983, 0.05709854140877724, 0.0, 0.0076742833480238914, 0.0, 9.324769973754883, 3.0007386207580566, 0.5340024828910828, 10.230961799621582, 0.12781886756420135, 0.013734366744756699, 0.0, 0.03769104927778244, 0.21207086741924286, 0.0, 0.0, 0.0, 0.027758372947573662, 0.0, 0.0, 0.13532641530036926, 8.46897029876709, 1.924274206161499, 1.2933852672576904, 2.7221519947052, 0.0, 0.0, 0.04848000034689903, 0.0, 0.07371236383914948, 0.0, 0.0, 0.0, 0.0, 0.0, 0.0, 0.0, 0.0, 0.004345121327787638, 0.0, 0.0, 0.0, 0.02415737695991993, 0.0, 0.0, 0.0, 0.06163053587079048, 0.0, 0.0, 0.0, 0.0, 0.0, 0.057537440210580826, 0.0261580478399992, 0.0, 0.0068756896071136, 0.0, 0.0, 0.0, 0.0, 0.0, 0.0008396739140152931, 1.403206078975927e-05, 0.0, 0.046635210514068604, 0.0, 0.0, 0.0, 0.0, 0.0, 0.0, 0.049347568303346634, 0.0]]
Time 1797.38095164299
