Created graph
[-7.0, -5, -3.0]
[-6.0, -5, -4.0]
[-5.5, -5, -4.5]
[-5.25, -5, -4.75]
[-4.875, -4.75, -4.625]
[-4.6875, -4.625, -4.5625]
1000 3 10
Score: 111.09455
Signatures: [[1.4306246042251587, 1.328136920928955, 0.4551580846309662, 0.9476498365402222, 1.1520384550094604, 1.3698102235794067, 0.4494960308074951, 1.1303471326828003, 1.280341625213623, 1.3713643550872803, 0.2597116231918335, 1.0738171339035034, 0.7844868898391724, 1.4493470191955566, 0.36993300914764404, 1.2516860961914062, 0.8492974638938904, 0.6884275078773499, 0.5187274217605591, 0.8948799967765808, 0.731963038444519, 0.8957469463348389, 0.6070516705513, 1.0278522968292236, 0.4399736523628235, 0.6823475360870361, 0.3379228115081787, 0.7246359586715698, 0.5269723534584045, 0.8071627020835876, 0.4515596926212311, 0.13509540259838104, 1.6184957027435303, 1.638580083847046, 6.622028827667236, 1.413101077079773, 1.6943273544311523, 1.5500961542129517, 5.409512042999268, 2.029263734817505, 2.017822742462158, 2.421433448791504, 6.4538493156433105, 1.7796846628189087, 0.0, 2.3040571212768555, 3.4509501457214355, 1.2229645252227783, 0.40105074644088745, 0.7134054899215698, 0.5137024521827698, 0.41719260811805725, 0.19172653555870056, 0.7608232498168945, 0.786361575126648, 0.6706293821334839, 0.23201070725917816, 0.44576725363731384, 0.46548402309417725, 0.3097357451915741, 0.37319183349609375, 0.40870627760887146, 0.28847071528434753, 0.44700556993484497, 0.8982393145561218, 0.8137765526771545, 1.231824517250061, 1.1816810369491577, 0.4573987126350403, 0.9977841973304749, 1.052944302558899, 1.0253278017044067, 1.2878389358520508, 0.6302160024642944, 1.0245383977890015, 0.7805918455123901, 0.7200468182563782, 0.8601225018501282, 0.6839373707771301, 0.5398741960525513, 0.20259083807468414, 0.20440804958343506, 0.39836356043815613, 0.22531212866306305, 0.1966371387243271, 0.33277440071105957, 0.679816484451294, 0.6719102263450623, 0.18684504926204681, 0.2637115716934204, 0.4696252942085266, 0.27550008893013, 0.27232784032821655, 0.32402750849723816, 0.33393996953964233, 0.5079208612442017], [0.08484431356191635, 0.3783346712589264, 0.0908602625131607, 0.1350269764661789, 0.1793970912694931, 0.03332558274269104, 0.10332171618938446, 0.19827762246131897, 0.01196170225739479, 0.041227806359529495, 0.11244488507509232, 0.09440289437770844, 1.8066641092300415, 0.6536487340927124, 0.17012596130371094, 0.5403209924697876, 0.24246959388256073, 0.2222544550895691, 0.18641646206378937, 0.20164382457733154, 0.30325889587402344, 0.07965755462646484, 0.03771648183465004, 0.4309282898902893, 0.09284146130084991, 0.11270847916603088, 0.05341128259897232, 0.21539340913295746, 11.721170425415039, 3.8425533771514893, 0.8691875338554382, 12.145261764526367, 0.29369068145751953, 0.08213847875595093, 0.0, 0.0839499682188034, 0.46163225173950195, 0.07048778980970383, 0.0, 0.061913833022117615, 0.2111557424068451, 0.0, 0.0, 0.43432900309562683, 8.478543281555176, 2.50970721244812, 1.8055790662765503, 2.9479169845581055, 0.0, 0.07252296060323715, 0.03528967499732971, 0.003370791906490922, 0.14739084243774414, 0.0130750248208642, 0.0437459833920002, 0.0, 0.041774068027734756, 0.05708044022321701, 0.04796764254570007, 0.04945043474435806, 0.017941240221261978, 0.045446425676345825, 0.054262690246105194, 0.01890718564391136, 0.06079583987593651, 0.06292305886745453, 0.18699724972248077, 0.20377157628536224, 0.0, 0.17251551151275635, 0.053653594106435776, 0.09425996243953705, 0.0, 0.013460731133818626, 0.0, 0.17080335319042206, 0.039265893399715424, 0.09672985970973969, 0.023343263193964958, 0.0, 0.0029180904384702444, 0.016304627060890198, 0.039759911596775055, 0.05565163493156433, 0.025461912155151367, 0.05907655134797096, 0.023333009332418442, 0.21516643464565277, 0.033254846930503845, 0.00014680811727885157, 0.03716128319501877, 0.05556248873472214, 0.03051667846739292, 0.0, 0.15153872966766357, 0.07522103935480118], [0.0, 0.0, 0.0, 0.0, 0.0, 0.0, 0.0, 0.0009994793217629194, 0.0, 0.0, 0.0, 0.04486202821135521, 0.9310500025749207, 0.3959689140319824, 0.3041774034500122, 0.6328833699226379, 0.0, 0.0, 0.0, 0.0, 0.0, 0.0, 0.0, 0.0, 0.046763453632593155, 0.0, 0.0, 0.0, 0.0, 0.19888639450073242, 0.0, 4.1657209396362305, 0.0918937623500824, 0.0, 0.6401532888412476, 0.17153190076351166, 0.6414948105812073, 0.23639486730098724, 0.6649149060249329, 0.42424267530441284, 0.17275536060333252, 0.13149921596050262, 0.333146870136261, 0.0007379136513918638, 15.404207229614258, 3.1377925872802734, 4.979353427886963, 8.97232723236084, 0.0, 0.00028884512721560895, 0.12194562703371048, 0.0, 0.0, 0.015650933608412743, 0.0, 0.0, 0.0077457670122385025, 0.007693465333431959, 0.001529778353869915, 0.0001963498943950981, 0.0, 0.0, 0.0, 0.0, 0.0, 0.0, 0.0, 0.0, 0.0, 0.0, 0.0, 0.0, 0.0, 0.02238481305539608, 0.0, 0.0, 0.0, 0.0, 0.0, 0.07047783583402634, 0.0033029611222445965, 0.0, 0.0, 0.0, 0.0, 0.0, 0.0, 0.0, 0.0, 0.055119045078754425, 0.0, 0.0, 0.0, 0.04392150044441223, 0.0, 0.0]]
Time 1787.5604906082153
