Created graph
[-7.0, -5, -3.0]
[-6.0, -5, -4.0]
[-5.5, -5, -4.5]
[-5.25, -5, -4.75]
[-5.125, -5, -4.875]
[-5.0625, -5, -4.9375]
10 3 250
Score: 107.24378
Signatures: [[1.2251622676849365, 1.255849838256836, 0.42387646436691284, 0.8937129974365234, 1.05986750125885, 1.1986945867538452, 0.4267939329147339, 1.0150060653686523, 1.064846158027649, 1.136378526687622, 0.2521214485168457, 0.9915692806243896, 1.0326404571533203, 1.4891860485076904, 0.4038911461830139, 1.338260531425476, 0.8244166374206543, 0.6534547209739685, 0.486661434173584, 0.8362492322921753, 0.6891279816627502, 0.7992465496063232, 0.5309498906135559, 0.9992528557777405, 0.4273088574409485, 0.640518069267273, 0.31195929646492004, 0.6874245405197144, 1.32009756565094, 1.142368197441101, 0.48935937881469727, 1.8843234777450562, 1.487180471420288, 1.4088079929351807, 5.719509124755859, 1.292508840560913, 1.7162607908248901, 1.4634017944335938, 4.894297122955322, 1.940953254699707, 1.8559104204177856, 2.1033077239990234, 5.573111057281494, 1.660068154335022, 2.8558201789855957, 2.826540470123291, 3.9919748306274414, 2.367821455001831, 0.32527220249176025, 0.6250262260437012, 0.4975198209285736, 0.35900047421455383, 0.17582277953624725, 0.6792169809341431, 0.7080264091491699, 0.5682947635650635, 0.22677631676197052, 0.4123415946960449, 0.4302330017089844, 0.2887042462825775, 0.316745400428772, 0.36215704679489136, 0.27171435952186584, 0.3821706175804138, 0.7843812108039856, 0.695256233215332, 1.114169955253601, 1.0822721719741821, 0.3827744722366333, 0.8916990160942078, 0.9028554558753967, 0.8897131681442261, 1.0652387142181396, 0.5469294786453247, 0.8312756419181824, 0.7069810628890991, 0.608745813369751, 0.7452306747436523, 0.5624698996543884, 0.49488604068756104, 0.17787128686904907, 0.18156588077545166, 0.3527701795101166, 0.20950214564800262, 0.17815379798412323, 0.30130288004875183, 0.5967499017715454, 0.6133724451065063, 0.17019186913967133, 0.2498992383480072, 0.4185686707496643, 0.25911661982536316, 0.2340705841779709, 0.29249307513237, 0.32526734471321106, 0.4570591151714325], [0.0, 0.14536404609680176, 0.011288275010883808, 0.002755767898634076, 0.012104743160307407, 0.0, 0.01922544650733471, 0.05860160291194916, 0.0, 0.0, 0.058051541447639465, 0.0, 1.5826947689056396, 0.4705943167209625, 0.16262014210224152, 0.4194304049015045, 0.06938023865222931, 0.08725971728563309, 0.0934881642460823, 0.044607024639844894, 0.15171656012535095, 0.0, 0.0, 0.1824718564748764, 0.05058768019080162, 0.0, 0.0005505619919858873, 0.06830081343650818, 9.572979927062988, 3.1166510581970215, 0.6893653869628906, 9.90900707244873, 0.13900472223758698, 0.0, 0.0, 0.034759655594825745, 0.4360264837741852, 0.021065182983875275, 0.0, 0.030541352927684784, 0.0762830600142479, 0.0, 0.0, 0.13580094277858734, 7.6069207191467285, 2.126655101776123, 2.0221025943756104, 2.614619255065918, 0.0, 0.00023523406707681715, 0.04573051258921623, 0.0, 0.11042748391628265, 0.0, 0.0, 0.0, 0.004714848939329386, 6.77741536492249e-06, 0.0, 0.004957129713147879, 0.0, 0.002407388761639595, 6.938390470168088e-06, 0.0, 0.0, 0.0, 0.04271317645907402, 0.020712213590741158, 0.0, 0.044988106936216354, 0.0, 0.0, 0.0, 0.0, 0.0, 0.051225390285253525, 0.0, 0.0010893307626247406, 0.0, 0.0, 0.0, 0.0, 0.0, 0.015004942193627357, 5.8923542383126915e-05, 0.00880591943860054, 0.0, 0.08910995721817017, 0.0, 0.0, 0.0, 0.005416445434093475, 0.0, 0.0, 0.07778942584991455, 0.013149353675544262], [0.0, 0.0, 0.0, 0.0, 0.0, 0.0, 0.0, 0.0, 0.0, 0.0, 0.0, 0.0, 0.5999981164932251, 0.17397087812423706, 0.1796898990869522, 0.3540748655796051, 0.0, 0.0, 0.0, 0.0, 0.0, 0.0, 0.0, 0.0, 1.120147771871416e-06, 0.0, 0.0, 0.0, 0.41815415024757385, 0.21794721484184265, 0.0, 4.051163673400879, 0.0, 0.0, 0.0, 0.008277651853859425, 0.24037235975265503, 0.019233353435993195, 0.0, 0.07528474181890488, 0.0, 0.0, 0.0, 0.0, 12.937058448791504, 2.303250312805176, 3.2491703033447266, 7.630494594573975, 0.0, 0.0, 0.010869010351598263, 0.0, 0.0, 0.0, 0.0, 0.0, 0.0, 0.0, 0.0, 0.0, 0.0, 0.0, 0.0, 0.0, 0.0, 0.0, 0.0, 0.0, 0.0, 0.0, 0.0, 0.0, 0.0, 0.0, 0.0, 0.0, 0.0, 0.0, 0.0, 9.471986231801566e-06, 0.0, 0.0, 0.0, 0.0, 0.0, 0.0, 0.0, 0.0, 0.0, 0.016938496381044388, 0.0, 0.0, 0.0, 0.0015377920353785157, 0.0, 0.0]]
Time 1793.2832939624786
