Created graph
[-7.0, -5, -3.0]
[-6.0, -5, -4.0]
[-5.5, -5, -4.5]
[-5.25, -5, -4.75]
[-5.125, -5, -4.875]
[-5.0625, -5, -4.9375]
1 3 100
Score: 107.25027
Signatures: [[1.224666714668274, 1.2553141117095947, 0.4236964285373688, 0.8933327198028564, 1.0594093799591064, 1.1981875896453857, 0.42660701274871826, 1.0145944356918335, 1.0644092559814453, 1.1359248161315918, 0.25200241804122925, 0.9911420941352844, 1.0321662425994873, 1.4885098934173584, 0.4036807417869568, 1.3376694917678833, 0.8240553736686707, 0.6531596183776855, 0.4864477515220642, 0.8358886241912842, 0.688819169998169, 0.798895537853241, 0.5307060480117798, 0.9987988471984863, 0.4271135926246643, 0.6402469277381897, 0.31182795763015747, 0.6871212720870972, 1.3191934823989868, 1.1417672634124756, 0.4891016483306885, 1.8829059600830078, 1.4865407943725586, 1.4082095623016357, 5.717079162597656, 1.2919694185256958, 1.715483546257019, 1.4627721309661865, 4.892101764678955, 1.9400839805603027, 1.8550918102264404, 2.102424383163452, 5.5706682205200195, 1.659340262413025, 2.853520393371582, 2.8252129554748535, 3.990060329437256, 2.3664779663085938, 0.3251376152038574, 0.6247535943984985, 0.4973025321960449, 0.3588424026966095, 0.17574219405651093, 0.6789209246635437, 0.7077131867408752, 0.5680559873580933, 0.22667790949344635, 0.41216227412223816, 0.43004634976387024, 0.28857627511024475, 0.31660667061805725, 0.36200404167175293, 0.2715964913368225, 0.38201096653938293, 0.7840344309806824, 0.6949609518051147, 1.1136595010757446, 1.081783413887024, 0.3826090395450592, 0.8913231492042542, 0.902469277381897, 0.8893373608589172, 1.0648030042648315, 0.546700119972229, 0.8309170007705688, 0.7066680788993835, 0.6085017323493958, 0.7449080348014832, 0.5622351169586182, 0.4946674704551697, 0.17778947949409485, 0.18148939311504364, 0.3526225984096527, 0.2094046175479889, 0.1780790090560913, 0.3011692762374878, 0.5964965224266052, 0.6131056547164917, 0.17011725902557373, 0.2497914433479309, 0.41839098930358887, 0.25900164246559143, 0.23397590219974518, 0.2923658490180969, 0.32511892914772034, 0.45685502886772156], [0.0, 0.14525310695171356, 0.011269119568169117, 0.0027435990050435066, 0.012088778428733349, 0.0, 0.019207773730158806, 0.05855672061443329, 0.0, 0.0, 0.05800985172390938, 0.0, 1.5817064046859741, 0.47034990787506104, 0.1624968945980072, 0.41917580366134644, 0.069324791431427, 0.08719667792320251, 0.09341762214899063, 0.044566407799720764, 0.15161049365997314, 0.0, 0.0, 0.18233785033226013, 0.05055645853281021, 0.0, 0.0005467431619763374, 0.0682554617524147, 9.567712783813477, 3.114938974380493, 0.6888905763626099, 9.902693748474121, 0.13888604938983917, 0.0, 0.0, 0.03471793234348297, 0.4356729984283447, 0.02104179747402668, 0.0, 0.03051452338695526, 0.0762084573507309, 0.0, 0.0, 0.1356855034828186, 7.599861145019531, 2.1249613761901855, 2.020143985748291, 2.611450433731079, 0.0, 0.00023073231568560004, 0.04569682478904724, 0.0, 0.11034924536943436, 0.0, 0.0, 0.0, 0.004712474066764116, 6.385903361660894e-06, 0.0, 0.0049499995075166225, 0.0, 0.002398989163339138, 6.907224815222435e-06, 0.0, 0.0, 0.0, 0.04267985746264458, 0.020689483731985092, 0.0, 0.04493569955229759, 0.0, 0.0, 0.0, 0.0, 0.0, 0.05118301138281822, 0.0, 0.001078573171980679, 0.0, 0.0, 0.0, 0.0, 0.0, 0.014989239163696766, 5.7213223044527695e-05, 0.008794053457677364, 0.0, 0.08903160691261292, 0.0, 0.0, 0.0, 0.0054092202335596085, 0.0, 0.0, 0.0777321606874466, 0.013132869265973568], [0.0, 0.0, 0.0, 0.0, 0.0, 0.0, 0.0, 0.0, 0.0, 0.0, 0.0, 0.0, 0.5992652177810669, 0.1736965775489807, 0.17957116663455963, 0.3537372052669525, 0.0, 0.0, 0.0, 0.0, 0.0, 0.0, 0.0, 0.0, 5.919265504417126e-07, 0.0, 0.0, 0.0, 0.41596028208732605, 0.217061385512352, 0.0, 4.046911716461182, 0.0, 0.0, 0.0, 0.008252179250121117, 0.24018171429634094, 0.019193405285477638, 0.0, 0.07520978897809982, 0.0, 0.0, 0.0, 0.0, 12.92945384979248, 2.3015055656433105, 3.247224807739258, 7.6259331703186035, 0.0, 0.0, 0.010850646533071995, 0.0, 0.0, 0.0, 0.0, 0.0, 0.0, 0.0, 0.0, 0.0, 0.0, 0.0, 0.0, 0.0, 0.0, 0.0, 0.0, 0.0, 0.0, 0.0, 0.0, 0.0, 0.0, 0.0, 0.0, 0.0, 0.0, 0.0, 0.0, 8.495535439578816e-06, 0.0, 0.0, 0.0, 0.0, 0.0, 0.0, 0.0, 0.0, 0.0, 0.016918092966079712, 0.0, 0.0, 0.0, 0.0015332559123635292, 0.0, 0.0]]
Time 1803.853614807129
