Created graph
[-7.0, -5, -3.0]
[-6.0, -5, -4.0]
[-5.5, -5, -4.5]
[-5.25, -5, -4.75]
[-5.125, -5, -4.875]
[-5.0625, -5, -4.9375]
100 4 200
Score: 103.51807
Signatures: [[0.0, 0.0, 0.0, 0.0, 0.0, 0.0, 0.0, 0.0, 0.0, 0.0, 0.0, 0.0, 0.5365052223205566, 0.29068830609321594, 0.19662609696388245, 0.42188137769699097, 0.0, 0.0, 0.0, 0.0, 0.0, 0.0, 0.0, 0.0, 0.0029696570709347725, 0.0, 0.0, 0.0, 0.0, 0.04587262123823166, 0.0, 3.093968391418457, 0.010255804285407066, 0.0, 0.0, 0.06745711714029312, 0.3676453232765198, 0.03407909348607063, 0.0, 0.09935034811496735, 0.02863115444779396, 0.016669772565364838, 0.0, 0.0, 12.432974815368652, 2.661391258239746, 4.226808547973633, 6.890466213226318, 0.0, 0.0, 0.04131628945469856, 0.0, 0.0, 0.0, 0.0, 0.0, 0.002140259835869074, 0.0, 0.0, 0.0, 0.0, 0.0, 0.0, 0.0, 0.0, 0.0, 0.0, 0.0, 0.0, 0.0, 0.0, 0.0, 0.0, 0.0, 0.0, 0.0, 0.0, 0.0, 0.0, 0.05620354413986206, 0.0, 0.0, 0.0, 0.0, 0.0, 0.0, 0.0, 0.0, 0.0, 0.029926994815468788, 0.0, 0.0, 0.0, 0.0, 0.0, 0.0], [0.4543018341064453, 0.8428506255149841, 0.27776604890823364, 0.366632878780365, 0.41211074590682983, 0.29461631178855896, 0.3037389814853668, 0.5615202784538269, 0.07512625306844711, 0.4579521715641022, 0.14095968008041382, 0.45281389355659485, 1.7721129655838013, 0.8101796507835388, 0.11504985392093658, 1.0842697620391846, 0.4484144449234009, 0.13010446727275848, 0.28348737955093384, 0.41979852318763733, 0.34109777212142944, 0.27993151545524597, 0.19144168496131897, 0.5433866381645203, 0.10821729898452759, 0.3312191665172577, 0.05248996615409851, 0.494457870721817, 3.240171194076538, 1.3611537218093872, 0.7239887118339539, 2.828599214553833, 0.472541868686676, 0.14896740019321442, 2.8610622882843018, 0.3101121783256531, 1.0827375650405884, 0.6924325227737427, 2.370339870452881, 0.9443783760070801, 0.8394242525100708, 0.2780803143978119, 2.427586555480957, 0.5789110660552979, 2.144306182861328, 1.3341896533966064, 2.4611170291900635, 4.7050957679748535, 0.1228754073381424, 0.20933116972446442, 0.10102709382772446, 0.0, 0.17649176716804504, 0.20483699440956116, 0.2461365908384323, 0.1958339512348175, 0.08186306804418564, 0.22494958341121674, 0.14172415435314178, 0.17475588619709015, 0.15109503269195557, 0.09233061224222183, 0.20002137124538422, 0.04191148653626442, 0.3835597336292267, 0.0, 0.6337779760360718, 0.5549276471138, 0.0, 0.19546455144882202, 0.22044174373149872, 0.31627020239830017, 0.18435367941856384, 0.30874136090278625, 0.06928733736276627, 0.1871708631515503, 0.04484453424811363, 0.4166370928287506, 0.0484878309071064, 0.0, 0.0646386444568634, 0.12078091502189636, 0.17152343690395355, 0.1600317806005478, 0.038541898131370544, 0.11062481999397278, 0.1743936687707901, 0.2903576195240021, 0.06888402253389359, 0.05925186350941658, 0.1276632398366928, 0.1682257503271103, 0.10099373757839203, 0.1510421484708786, 0.16640090942382812, 0.21231763064861298], [1.1652172803878784, 1.0040405988693237, 0.3193407654762268, 0.8170902729034424, 1.0081963539123535, 1.2475523948669434, 0.3067249357700348, 0.8546125292778015, 1.2455121278762817, 1.0556080341339111, 0.22084489464759827, 0.8873486518859863, 0.20041948556900024, 1.2720205783843994, 0.3807598054409027, 0.9375703930854797, 0.7076542377471924, 0.7310962080955505, 0.4286358654499054, 0.745477557182312, 0.6455324292182922, 0.781785249710083, 0.5120552182197571, 0.8887643814086914, 0.4513547718524933, 0.5444697141647339, 0.3482133746147156, 0.5307940244674683, 0.28478315472602844, 0.7570948004722595, 0.1876724809408188, 1.2945343255996704, 1.4927455186843872, 1.6091241836547852, 4.839382648468018, 1.336419701576233, 1.3799364566802979, 1.260250210762024, 4.148838520050049, 1.6685670614242554, 1.6483336687088013, 2.306218147277832, 4.836455821990967, 1.627211332321167, 1.8841814994812012, 2.417593479156494, 2.912388801574707, 0.0, 0.3002423346042633, 0.6144993305206299, 0.5204103589057922, 0.45014822483062744, 0.1247740089893341, 0.6743457913398743, 0.6779924035072327, 0.5490582585334778, 0.21819239854812622, 0.3398635983467102, 0.41922125220298767, 0.22798341512680054, 0.27733150124549866, 0.3782395124435425, 0.18624545633792877, 0.45284155011177063, 0.6742178797721863, 0.8694857954978943, 0.9105661511421204, 0.9235004186630249, 0.4749292731285095, 0.9538593292236328, 0.95209801197052, 0.8673574328422546, 1.1448179483413696, 0.4299603998661041, 0.9497736096382141, 0.7493136525154114, 0.7143353819847107, 0.6079035401344299, 0.6504040360450745, 0.5913317203521729, 0.16685262322425842, 0.13410122692584991, 0.3126036524772644, 0.14497259259223938, 0.19474460184574127, 0.2942879796028137, 0.600648820400238, 0.5797556042671204, 0.16081520915031433, 0.2532431483268738, 0.423054039478302, 0.19882340729236603, 0.21594558656215668, 0.23966072499752045, 0.2977416217327118, 0.41290152072906494], [0.0, 0.017605585977435112, 0.0, 0.0, 0.0006160601042211056, 0.0, 0.0, 0.00236498867161572, 0.0, 0.0, 0.037426553666591644, 0.0, 1.2870126962661743, 0.3208114504814148, 0.1821862757205963, 0.2306944876909256, 0.020083405077457428, 0.09033336490392685, 0.04955755174160004, 0.00417513819411397, 0.10798417776823044, 0.0, 0.0, 0.11185245215892792, 0.05736143887042999, 0.0, 0.007946765050292015, 0.0, 9.376813888549805, 3.015177011489868, 0.5361973643302917, 10.289663314819336, 0.12918542325496674, 0.01479017548263073, 0.0, 0.03819624334573746, 0.21314042806625366, 0.0, 0.0, 0.0, 0.02811696194112301, 0.0, 0.0, 0.13574248552322388, 8.539806365966797, 1.9378695487976074, 1.3086844682693481, 2.7486329078674316, 0.0, 0.0, 0.04898334667086601, 0.0, 0.07408365607261658, 0.0, 0.0, 0.0, 0.0, 0.0, 0.0, 0.0, 0.0, 0.00456376513466239, 0.0, 0.0, 0.0, 0.02500123903155327, 0.0, 0.0, 0.0, 0.06241581588983536, 0.0, 0.0, 0.0, 0.0, 0.0, 0.058400679379701614, 0.02698194980621338, 0.0, 0.007520134095102549, 0.0, 0.0, 0.0, 0.0, 0.0, 0.0009004076709970832, 2.9542485208366998e-05, 0.0, 0.04765888676047325, 0.0, 0.0, 0.0, 0.0, 0.0, 0.0, 0.04947928711771965, 0.0]]
Time 2720.4452228546143
