Created graph
[-7.0, -5, -3.0]
[-6.0, -5, -4.0]
[-5.5, -5, -4.5]
[-5.25, -5, -4.75]
[-4.875, -4.75, -4.625]
[-4.9375, -4.875, -4.8125]
1000 4 10
Score: 104.81014
Signatures: [[0.0, 0.0, 0.0, 0.0, 0.0, 0.0, 0.0, 0.0, 0.0, 0.0, 0.0, 0.0, 0.5852375626564026, 0.30223968625068665, 0.2539187967777252, 0.44647008180618286, 0.0, 0.0, 0.0, 0.0, 0.0, 0.0, 0.0, 0.0, 0.0030307548586279154, 0.0, 0.0, 0.0, 0.0, 0.053817592561244965, 0.0, 3.335155725479126, 0.00885900016874075, 0.0, 0.0, 0.09546118229627609, 0.4109894633293152, 0.0800648033618927, 0.12627023458480835, 0.18890050053596497, 0.06376054137945175, 0.14920011162757874, 0.0, 0.0, 13.586763381958008, 2.8790528774261475, 4.487949371337891, 7.351571083068848, 0.0, 0.0, 0.06355468928813934, 0.00017559961997903883, 0.0, 0.0, 0.0, 0.0, 0.005801051389425993, 0.0, 0.0, 0.0, 0.0, 0.0, 0.0, 0.0, 0.0, 0.0, 0.0, 0.0, 0.0, 0.0, 0.0, 0.0, 0.0, 0.0, 0.0, 0.0, 0.0, 0.0, 0.0, 0.09229817241430283, 0.0, 0.0, 0.0, 0.0, 0.0, 0.0, 0.0, 0.0, 0.0, 0.04613007977604866, 0.0, 0.0, 0.0, 0.010113726370036602, 0.0, 0.0], [0.47024810314178467, 0.9815203547477722, 0.3074992895126343, 0.48454320430755615, 0.47236648201942444, 0.35526368021965027, 0.39062076807022095, 0.6182057857513428, 0.07911613583564758, 0.45061615109443665, 0.15646374225616455, 0.5493482351303101, 2.0436360836029053, 0.9554764628410339, 0.04414165019989014, 1.434361457824707, 0.5322045683860779, 0.1963205337524414, 0.4017558693885803, 0.6162680983543396, 0.3776315152645111, 0.4360024929046631, 0.23147545754909515, 0.6962959170341492, 0.1576102375984192, 0.4553477168083191, 0.1345900446176529, 0.666705310344696, 3.8949599266052246, 1.5897754430770874, 0.9301564693450928, 2.9335761070251465, 0.5001048445701599, 0.0, 2.7225406169891357, 0.3513898551464081, 1.368011713027954, 0.7408427596092224, 1.8896706104278564, 1.0366184711456299, 0.7271720170974731, 0.0, 1.4513204097747803, 0.650696873664856, 1.9209352731704712, 1.2453274726867676, 2.188164234161377, 5.643400192260742, 0.06688231974840164, 0.3034898638725281, 0.1370530128479004, 0.0, 0.22360903024673462, 0.32237210869789124, 0.2796362042427063, 0.21563264727592468, 0.10058952867984772, 0.2455669790506363, 0.21431241929531097, 0.23589053750038147, 0.14517277479171753, 0.09100626409053802, 0.2294897735118866, 0.08129259198904037, 0.34060296416282654, 0.0, 0.5795730352401733, 0.515823483467102, 0.01065268088132143, 0.15683643519878387, 0.29990094900131226, 0.33980581164360046, 0.0, 0.2899574339389801, 0.0, 0.19683876633644104, 0.0, 0.3668684959411621, 0.0, 0.0, 0.06691852957010269, 0.12393694370985031, 0.2165829986333847, 0.17551623284816742, 0.06594637036323547, 0.13801535964012146, 0.21117794513702393, 0.38607698678970337, 0.08649887889623642, 0.05548008158802986, 0.21428433060646057, 0.21184764802455902, 0.11077965050935745, 0.1157742440700531, 0.19389288127422333, 0.2459232360124588], [1.254408597946167, 1.0044385194778442, 0.34159335494041443, 0.7911158204078674, 1.0206667184829712, 1.252134084701538, 0.29782503843307495, 0.9086903929710388, 1.3004262447357178, 1.1735650300979614, 0.2175435572862625, 0.8892036080360413, 0.19341515004634857, 1.2093656063079834, 0.4141795039176941, 0.8034682273864746, 0.6876482367515564, 0.6711414456367493, 0.3846336901187897, 0.6861230134963989, 0.6381774544715881, 0.7317052483558655, 0.5208548903465271, 0.8222377896308899, 0.4173879623413086, 0.5105854272842407, 0.30207210779190063, 0.4811587631702423, 0.0, 0.6144968867301941, 0.13894790410995483, 0.7154327034950256, 1.5183697938919067, 1.750227689743042, 5.540839195251465, 1.3474671840667725, 1.270481824874878, 1.3159888982772827, 4.786427021026611, 1.6910306215286255, 1.813104271888733, 2.5541293621063232, 5.993085861206055, 1.6173644065856934, 1.045387864112854, 2.2994470596313477, 3.0409703254699707, 0.0, 0.37457549571990967, 0.6031817197799683, 0.4908241629600525, 0.4432086646556854, 0.11144445091485977, 0.6360640525817871, 0.696166455745697, 0.5748952627182007, 0.2067692130804062, 0.3606671392917633, 0.3930552005767822, 0.21274495124816895, 0.3120296895503998, 0.39246946573257446, 0.19443245232105255, 0.4393163025379181, 0.771008312702179, 0.8830843567848206, 1.0363163948059082, 1.0320391654968262, 0.46625766158103943, 0.980810284614563, 0.9554881453514099, 0.9105844497680664, 1.312561273574829, 0.49883222579956055, 1.081769347190857, 0.7506870031356812, 0.7673537731170654, 0.7183148860931396, 0.7101020216941833, 0.5673367381095886, 0.17613431811332703, 0.14951935410499573, 0.3096817135810852, 0.15991386771202087, 0.18002524971961975, 0.29057776927948, 0.6084970235824585, 0.552467942237854, 0.16135123372077942, 0.2535472512245178, 0.3947190046310425, 0.19377106428146362, 0.23050537705421448, 0.29127076268196106, 0.2820228636264801, 0.42739930748939514], [0.0, 0.060422562062740326, 0.0, 0.0, 0.026670990511775017, 0.0, 0.0, 0.022996079176664352, 0.0, 0.0, 0.054482895880937576, 0.0, 1.3486464023590088, 0.39410117268562317, 0.1991073340177536, 0.24158211052417755, 0.05191940814256668, 0.1335206776857376, 0.05327159911394119, 0.0, 0.15638704597949982, 0.0, 0.0, 0.16246268153190613, 0.07597273588180542, 0.0, 0.00504200579598546, 0.0, 10.049480438232422, 3.2667503356933594, 0.5446772575378418, 11.263193130493164, 0.1957327276468277, 0.12270229309797287, 0.0, 0.05622256547212601, 0.22567278146743774, 0.0, 0.0, 0.0, 0.0956903025507927, 0.0, 0.0, 0.22440564632415771, 9.178910255432129, 2.2484090328216553, 1.6738486289978027, 2.602015256881714, 0.0, 0.0, 0.05075100436806679, 0.009424161165952682, 0.07748106122016907, 0.0, 0.0, 0.0, 0.0057307942770421505, 0.0, 0.0, 0.0, 0.0, 0.019229771569371223, 0.0, 0.0, 0.0, 0.05454053729772568, 0.02341809682548046, 0.025130044668912888, 0.0, 0.1262524276971817, 0.0, 0.0, 0.02151293307542801, 0.0, 0.0, 0.11334503442049026, 0.06363337486982346, 0.0, 0.03793267160654068, 0.0, 0.0, 0.0, 0.0, 0.0, 0.003621568437665701, 0.010065624490380287, 0.0, 0.06263229250907898, 0.0, 0.0, 0.0, 0.0, 0.0, 0.0, 0.07605206221342087, 0.004235610365867615]]
Time 4120.1792068481445
