Created graph
[-7.0, -5, -3.0]
[-6.0, -5, -4.0]
[-5.5, -5, -4.5]
[-5.25, -5, -4.75]
[-5.125, -5, -4.875]
[-5.0625, -5, -4.9375]
1 4 250
Score: 103.534775
Signatures: [[0.0, 0.0, 0.0, 0.0, 0.0, 0.0, 0.0, 0.0, 0.0, 0.0, 0.0, 0.0, 0.5328733921051025, 0.2883366644382477, 0.19533437490463257, 0.41935694217681885, 0.0, 0.0, 0.0, 0.0, 0.0, 0.0, 0.0, 0.0, 0.00252381875179708, 0.0, 0.0, 0.0, 0.0, 0.04108699783682823, 0.0, 3.059995412826538, 0.009804329834878445, 0.0, 0.0, 0.06667132675647736, 0.3661583662033081, 0.033542342483997345, 0.0, 0.09908243268728256, 0.028169939294457436, 0.014928252436220646, 0.0, 0.0, 12.354034423828125, 2.6423611640930176, 4.202207565307617, 6.855790138244629, 0.0, 0.0, 0.040836069732904434, 0.0, 0.0, 0.0, 0.0, 0.0, 0.0020374548621475697, 0.0, 0.0, 0.0, 0.0, 0.0, 0.0, 0.0, 0.0, 0.0, 0.0, 0.0, 0.0, 0.0, 0.0, 0.0, 0.0, 0.0, 0.0, 0.0, 0.0, 0.0, 0.0, 0.055213406682014465, 0.0, 0.0, 0.0, 0.0, 0.0, 0.0, 0.0, 0.0, 0.0, 0.029365316033363342, 0.0, 0.0, 0.0, 0.0, 0.0, 0.0], [0.4542383551597595, 0.8397281765937805, 0.2782110869884491, 0.3647076487541199, 0.4098403751850128, 0.2927091419696808, 0.3031989336013794, 0.5609805583953857, 0.07623258978128433, 0.4587710499763489, 0.14022378623485565, 0.45132625102996826, 1.7597613334655762, 0.8014851212501526, 0.11342981457710266, 1.0752636194229126, 0.44516631960868835, 0.12760280072689056, 0.28293904662132263, 0.4178866744041443, 0.33901628851890564, 0.27798646688461304, 0.19189243018627167, 0.5392436981201172, 0.1074264720082283, 0.32907623052597046, 0.052494436502456665, 0.49232205748558044, 3.207033395767212, 1.3443191051483154, 0.7192566990852356, 2.781754970550537, 0.4710253179073334, 0.15019871294498444, 2.8724606037139893, 0.30832943320274353, 1.0726277828216553, 0.6912354826927185, 2.3738436698913574, 0.9371974468231201, 0.8378962874412537, 0.2807343602180481, 2.4435787200927734, 0.5736446976661682, 2.0892605781555176, 1.3109931945800781, 2.4446511268615723, 4.652261734008789, 0.12345452606678009, 0.2086324840784073, 0.10086576640605927, 0.0, 0.175859734416008, 0.20468351244926453, 0.24598334729671478, 0.1965811401605606, 0.08158520609140396, 0.2245854288339615, 0.1417558491230011, 0.17383714020252228, 0.1519097089767456, 0.09227019548416138, 0.19941721856594086, 0.040958985686302185, 0.3849031627178192, 0.0, 0.6354904174804688, 0.5547338128089905, 0.0, 0.19443729519844055, 0.21945670247077942, 0.3177221417427063, 0.18679645657539368, 0.30759358406066895, 0.07315570116043091, 0.1874411404132843, 0.045643869787454605, 0.4173283874988556, 0.04980551451444626, 0.0, 0.06449971348047256, 0.12066703289747238, 0.17122338712215424, 0.15966983139514923, 0.038162969052791595, 0.11007794737815857, 0.17569135129451752, 0.29171302914619446, 0.06818253546953201, 0.05940400809049606, 0.12771745026111603, 0.16805224120616913, 0.1005573496222496, 0.1502290815114975, 0.1645146906375885, 0.21331675350666046], [1.1587803363800049, 0.9970352053642273, 0.3160361349582672, 0.813545823097229, 1.0040885210037231, 1.2436466217041016, 0.30385977029800415, 0.8485007882118225, 1.240681529045105, 1.0489288568496704, 0.21951717138290405, 0.8827146887779236, 0.19206413626670837, 1.267640471458435, 0.37959420680999756, 0.9318538308143616, 0.7045560479164124, 0.7300731539726257, 0.42580854892730713, 0.7417922019958496, 0.6425843834877014, 0.7788904905319214, 0.5086667537689209, 0.8848811388015747, 0.44995173811912537, 0.5422009229660034, 0.34701982140541077, 0.527206540107727, 0.2707970142364502, 0.7536409497261047, 0.1837375909090042, 1.2936376333236694, 1.4864749908447266, 1.6027449369430542, 4.795787334442139, 1.3320763111114502, 1.374101161956787, 1.2520948648452759, 4.1153788566589355, 1.6614878177642822, 1.6381701231002808, 2.296476125717163, 4.790985107421875, 1.6220430135726929, 1.885140061378479, 2.4137258529663086, 2.892467498779297, 0.0, 0.2980515956878662, 0.6116583347320557, 0.518319308757782, 0.4490371346473694, 0.12353082746267319, 0.6710180044174194, 0.6742502450942993, 0.5456465482711792, 0.21725140511989594, 0.3374589681625366, 0.4169623553752899, 0.22661375999450684, 0.2747880220413208, 0.376574844121933, 0.18460232019424438, 0.4521644115447998, 0.6683393120765686, 0.8674319982528687, 0.9013789892196655, 0.916467010974884, 0.47379347681999207, 0.95091313123703, 0.9486487507820129, 0.8616642951965332, 1.1387242078781128, 0.4273708760738373, 0.943631112575531, 0.7457860112190247, 0.7120996713638306, 0.6024461984634399, 0.6473358869552612, 0.59005206823349, 0.16592606902122498, 0.1329515427350998, 0.3107123374938965, 0.1434883177280426, 0.19429118931293488, 0.29301393032073975, 0.5968195796012878, 0.5752819180488586, 0.16036751866340637, 0.25217124819755554, 0.42093127965927124, 0.1970791071653366, 0.21498911082744598, 0.23842847347259521, 0.29684439301490784, 0.40927964448928833], [0.0, 0.017778515815734863, 0.0, 0.0, 0.0006182973156683147, 0.0, 0.0, 0.0022619955707341433, 0.0, 0.0, 0.03724510222673416, 0.0, 1.2807778120040894, 0.3201955258846283, 0.18076863884925842, 0.23072226345539093, 0.020328134298324585, 0.08989648520946503, 0.04914650693535805, 0.004185014870017767, 0.10744529962539673, 0.0, 0.0, 0.11160694807767868, 0.05710069090127945, 0.0, 0.007677257526665926, 0.0, 9.32490062713623, 3.0007882118225098, 0.5340161323547363, 10.231070518493652, 0.1278250813484192, 0.013736101798713207, 0.0, 0.03769192099571228, 0.21207979321479797, 0.0, 0.0, 0.0, 0.02776195853948593, 0.0, 0.0, 0.13533756136894226, 8.469090461730957, 1.9243115186691284, 1.293416976928711, 2.7222490310668945, 0.0, 0.0, 0.04847852885723114, 0.0, 0.07371717691421509, 0.0, 0.0, 0.0, 0.0, 0.0, 0.0, 0.0, 0.0, 0.004345227498561144, 0.0, 0.0, 0.0, 0.024157796055078506, 0.0, 0.0, 0.0, 0.06163535639643669, 0.0, 0.0, 0.0, 0.0, 0.0, 0.057542815804481506, 0.02615954354405403, 0.0, 0.006874854676425457, 0.0, 0.0, 0.0, 0.0, 0.0, 0.0008403494721278548, 1.4266088328440674e-05, 0.0, 0.04664432629942894, 0.0, 0.0, 0.0, 0.0, 0.0, 0.0, 0.04935208335518837, 0.0]]
Time 1805.2027254104614
