Created graph
[-7.0, -5, -3.0]
[-6.0, -5, -4.0]
[-5.5, -5, -4.5]
[-5.25, -5, -4.75]
[-4.875, -4.75, -4.625]
[-4.6875, -4.625, -4.5625]
100 3 10
Score: 110.84594
Signatures: [[1.3220462799072266, 1.223913550376892, 0.4196973443031311, 0.8746328949928284, 1.0610159635543823, 1.2648338079452515, 0.4138258695602417, 1.0455352067947388, 1.1849900484085083, 1.2718185186386108, 0.23797835409641266, 0.9913565516471863, 0.7246529459953308, 1.331950068473816, 0.3382212519645691, 1.1519445180892944, 0.7835306525230408, 0.6344330310821533, 0.4789610505104065, 0.8267833590507507, 0.6743507385253906, 0.8273590803146362, 0.557836651802063, 0.946916937828064, 0.40457406640052795, 0.6293781399726868, 0.3128199875354767, 0.6659272909164429, 0.453678160905838, 0.7345678210258484, 0.4139614999294281, 0.11325778812170029, 1.492340326309204, 1.5117932558059692, 6.107061386108398, 1.3066519498825073, 1.5612746477127075, 1.4282968044281006, 4.972080230712891, 1.8693512678146362, 1.8598566055297852, 2.2366700172424316, 5.9549055099487305, 1.636904001235962, 0.0, 2.1311261653900146, 3.185965061187744, 1.1450647115707397, 0.37195897102355957, 0.6591235399246216, 0.4717487096786499, 0.38373664021492004, 0.17658153176307678, 0.7019277215003967, 0.7241681218147278, 0.6226918697357178, 0.21310089528560638, 0.4115478992462158, 0.42988866567611694, 0.2847853899002075, 0.3451346457004547, 0.3766464293003082, 0.2650323808193207, 0.41290387511253357, 0.8287060856819153, 0.7516492009162903, 1.1312367916107178, 1.087329387664795, 0.423210084438324, 0.9213698506355286, 0.9722623229026794, 0.9454708695411682, 1.192199945449829, 0.5812251567840576, 0.947165310382843, 0.7208679914474487, 0.6663789749145508, 0.792961835861206, 0.6310730576515198, 0.4962381422519684, 0.1856420934200287, 0.1885393261909485, 0.3665674924850464, 0.20725016295909882, 0.1816071718931198, 0.30698567628860474, 0.6259496212005615, 0.6201555728912354, 0.1721116453409195, 0.24321267008781433, 0.433366060256958, 0.2535301148891449, 0.2528676688671112, 0.29828745126724243, 0.307495653629303, 0.46696826815605164], [0.07974589616060257, 0.33853450417518616, 0.08225802332162857, 0.12120431661605835, 0.16436557471752167, 0.035036247223615646, 0.09287692606449127, 0.17999233305454254, 0.01491220947355032, 0.040870148688554764, 0.09947783499956131, 0.09187096357345581, 1.566718339920044, 0.5701356530189514, 0.14419463276863098, 0.47042858600616455, 0.21589875221252441, 0.19717685878276825, 0.1666000783443451, 0.17994989454746246, 0.2701880931854248, 0.07415400445461273, 0.03661948814988136, 0.38116583228111267, 0.08616165816783905, 0.10195285826921463, 0.04828185588121414, 0.19575852155685425, 10.28998851776123, 3.3684093952178955, 0.7641159296035767, 10.58059310913086, 0.2546863257884979, 0.0785505473613739, 0.0, 0.06780508160591125, 0.3984655439853668, 0.05784577131271362, 0.0, 0.04849431291222572, 0.18443821370601654, 0.0, 0.0, 0.3907927870750427, 7.210883617401123, 2.1424286365509033, 1.4895139932632446, 2.4767026901245117, 0.0, 0.06377694755792618, 0.030374780297279358, 0.005319233518093824, 0.1303725242614746, 0.013129758648574352, 0.0414646677672863, 0.0, 0.03768651559948921, 0.05039411783218384, 0.04285448417067528, 0.04520843178033829, 0.01703456975519657, 0.04137098044157028, 0.049781233072280884, 0.0197902824729681, 0.05780954286456108, 0.057788968086242676, 0.17088313400745392, 0.18272903561592102, 0.0, 0.15581919252872467, 0.05066905543208122, 0.08931419253349304, 0.0006073072436265647, 0.010854190215468407, 0.0, 0.15334582328796387, 0.03767499700188637, 0.0892167016863823, 0.023484475910663605, 0.0, 0.0024212743155658245, 0.015192101709544659, 0.03747134283185005, 0.049628764390945435, 0.0233180932700634, 0.05299077183008194, 0.025077885016798973, 0.1916790008544922, 0.03043784387409687, 0.0, 0.03467623144388199, 0.05032164603471756, 0.027522927150130272, 0.0, 0.13413426280021667, 0.06820764392614365], [0.0, 0.0, 0.0, 0.0, 0.0, 0.0, 0.0, 0.0003462533641140908, 0.0, 0.0, 0.0, 0.03853690251708031, 0.8310887813568115, 0.3590506315231323, 0.27659791707992554, 0.5708194375038147, 0.0, 0.0, 0.0, 0.0, 0.0, 0.0, 0.0, 0.0, 0.03963344916701317, 0.0, 0.0, 0.0, 0.0, 0.16745896637439728, 0.0, 3.7080459594726562, 0.09123885631561279, 0.0, 0.6161776781082153, 0.163955956697464, 0.581947922706604, 0.22276458144187927, 0.633416473865509, 0.3924233019351959, 0.16418491303920746, 0.13193589448928833, 0.339586466550827, 0.0018686080584302545, 13.836278915405273, 2.8235299587249756, 4.5114898681640625, 8.026552200317383, 0.0, 0.0033795933704823256, 0.11257239431142807, 0.0, 0.0, 0.01588391698896885, 0.0, 0.0, 0.007476077415049076, 0.008745044469833374, 0.002760948846116662, 0.000168095895787701, 0.0, 0.0, 0.0, 0.0, 0.0, 0.0, 0.0, 0.0, 0.0, 0.0, 0.0, 0.0, 0.0, 0.02483421191573143, 0.0, 0.0, 0.0, 0.0, 0.0, 0.06664138287305832, 0.004659266211092472, 0.0, 0.0, 0.0, 0.0, 0.0, 0.0, 0.0, 0.0, 0.05055384710431099, 0.0, 0.0, 0.0, 0.04130655154585838, 0.0, 0.0]]
Time 2710.83487701416
