Created graph
[-7.0, -5, -3.0]
[-6.0, -5, -4.0]
[-5.5, -5, -4.5]
[-5.25, -5, -4.75]
[-5.125, -5, -4.875]
[-5.0625, -5, -4.9375]
10 3 200
Score: 107.24646
Signatures: [[1.2251837253570557, 1.255860447883606, 0.42388108372688293, 0.8937221765518188, 1.0598793029785156, 1.1987110376358032, 0.4267996847629547, 1.0150173902511597, 1.0648638010025024, 1.1363972425460815, 0.252124160528183, 0.9915821552276611, 1.0326590538024902, 1.4891917705535889, 0.40388965606689453, 1.3382713794708252, 0.8244243860244751, 0.6534621119499207, 0.486668199300766, 0.8362616896629333, 0.6891358494758606, 0.7992605566978455, 0.5309584736824036, 0.9992650747299194, 0.4273127019405365, 0.6405279040336609, 0.31196409463882446, 0.6874328255653381, 1.3201243877410889, 1.1423747539520264, 0.4893667697906494, 1.884343147277832, 1.4871901273727417, 1.4088197946548462, 5.71958065032959, 1.2925182580947876, 1.7162708044052124, 1.4634169340133667, 4.894345760345459, 1.9409645795822144, 1.8559244871139526, 2.103330612182617, 5.573165416717529, 1.6600874662399292, 2.855740547180176, 2.8265562057495117, 3.991955041885376, 2.367830276489258, 0.32527709007263184, 0.6250332593917847, 0.4975232481956482, 0.35900557041168213, 0.17582684755325317, 0.6792278289794922, 0.7080370783805847, 0.5683028697967529, 0.22677890956401825, 0.41234633326530457, 0.4302386939525604, 0.28870889544487, 0.3167491555213928, 0.36216089129447937, 0.2717180550098419, 0.3821776509284973, 0.7843903303146362, 0.6952638626098633, 1.1141796112060547, 1.0822864770889282, 0.3827795386314392, 0.8917093276977539, 0.9028674960136414, 0.8897267580032349, 1.065252423286438, 0.5469376444816589, 0.8312838673591614, 0.7069894075393677, 0.6087509989738464, 0.7452412247657776, 0.5624786019325256, 0.49489009380340576, 0.17787308990955353, 0.18156862258911133, 0.3527759313583374, 0.20950576663017273, 0.17815837264060974, 0.3013056814670563, 0.596757709980011, 0.6133795380592346, 0.1701941341161728, 0.2499053031206131, 0.41857481002807617, 0.25912097096443176, 0.23407545685768127, 0.2924983501434326, 0.3252721130847931, 0.45706602931022644], [0.0, 0.14537812769412994, 0.01129134651273489, 0.002758994000032544, 0.012111571617424488, 0.0, 0.019227463752031326, 0.05861193314194679, 0.0, 0.0, 0.05805207043886185, 0.0, 1.5827008485794067, 0.4705847501754761, 0.1626049280166626, 0.41942843794822693, 0.06938452273607254, 0.08726256340742111, 0.09349069744348526, 0.0446103997528553, 0.15171851217746735, 0.0, 0.0, 0.1824747920036316, 0.05059247463941574, 0.0, 0.0005509154289029539, 0.06830806285142899, 9.572847366333008, 3.1165871620178223, 0.6893631219863892, 9.908859252929688, 0.13901883363723755, 0.0, 0.0, 0.03476625308394432, 0.43603041768074036, 0.021074390038847923, 0.0, 0.030543215572834015, 0.07629299908876419, 0.0, 0.0, 0.13581085205078125, 7.6067986488342285, 2.126574754714966, 2.0220677852630615, 2.61464524269104, 0.0, 0.00023585089365951717, 0.04573474079370499, 0.0, 0.11042728275060654, 0.0, 0.0, 0.0, 0.004715471062809229, 6.937274520169012e-06, 0.0, 0.004958468489348888, 0.0, 0.0024095349945127964, 7.062248641886981e-06, 0.0, 0.0, 0.0, 0.042721111327409744, 0.020717132836580276, 0.0, 0.044992368668317795, 0.0, 0.0, 0.0, 0.0, 0.0, 0.05122628062963486, 0.0, 0.0010910806013271213, 0.0, 0.0, 0.0, 0.0, 0.0, 0.015005121938884258, 5.889698877581395e-05, 0.008808279410004616, 0.0, 0.0891147032380104, 0.0, 0.0, 0.0, 0.00541717791929841, 0.0, 0.0, 0.07778917998075485, 0.013151681050658226], [0.0, 0.0, 0.0, 0.0, 0.0, 0.0, 0.0, 0.0, 0.0, 0.0, 0.0, 0.0, 0.5999633073806763, 0.17399698495864868, 0.17971493303775787, 0.3540840148925781, 0.0, 0.0, 0.0, 0.0, 0.0, 0.0, 0.0, 0.0, 1.3090037782603758e-06, 0.0, 0.0, 0.0, 0.41820722818374634, 0.21801693737506866, 0.0, 4.0512919425964355, 0.0, 0.0, 0.0, 0.00828162208199501, 0.2403811663389206, 0.01923486776649952, 0.0, 0.07530215382575989, 0.0, 0.0, 0.0, 0.0, 12.937226295471191, 2.3033061027526855, 3.2492666244506836, 7.630374908447266, 0.0, 0.0, 0.010869571007788181, 0.0, 0.0, 0.0, 0.0, 0.0, 0.0, 0.0, 0.0, 0.0, 0.0, 0.0, 0.0, 0.0, 0.0, 0.0, 0.0, 0.0, 0.0, 0.0, 0.0, 0.0, 0.0, 0.0, 0.0, 0.0, 0.0, 0.0, 0.0, 9.897492418531328e-06, 0.0, 0.0, 0.0, 0.0, 0.0, 0.0, 0.0, 0.0, 0.0, 0.01693737506866455, 0.0, 0.0, 0.0, 0.0015383105492219329, 0.0, 0.0]]
Time 1810.0484862327576
