Created graph
[-7.0, -5, -3.0]
[-6.0, -5, -4.0]
[-5.5, -5, -4.5]
[-5.25, -5, -4.75]
[-5.125, -5, -4.875]
[-5.0625, -5, -4.9375]
10 3 5
Score: 107.246155
Signatures: [[1.2250702381134033, 1.2557532787322998, 0.4238424599170685, 0.8936415314674377, 1.059779167175293, 1.1985955238342285, 0.42676451802253723, 1.0149050951004028, 1.064753532409668, 1.1362684965133667, 0.2521170675754547, 0.9914778470993042, 1.0326001644134521, 1.4891265630722046, 0.4038655757904053, 1.3381907939910889, 0.8243529200553894, 0.6534102559089661, 0.48661673069000244, 0.8361800909042358, 0.689073920249939, 0.7991682887077332, 0.5309173464775085, 0.9991925358772278, 0.4272824227809906, 0.6404711604118347, 0.3119267523288727, 0.6873767375946045, 1.3199008703231812, 1.1422815322875977, 0.4893203377723694, 1.8840581178665161, 1.4870824813842773, 1.4086896181106567, 5.7190775871276855, 1.2924169301986694, 1.716165542602539, 1.4633108377456665, 4.89400577545166, 1.9408249855041504, 1.8557684421539307, 2.103116512298584, 5.572608947753906, 1.6599745750427246, 2.8556506633758545, 2.8263790607452393, 3.9917945861816406, 2.3677031993865967, 0.3252491056919098, 0.6249589323997498, 0.4974938929080963, 0.3589745759963989, 0.17580865323543549, 0.6791529655456543, 0.7079706788063049, 0.5682312846183777, 0.22676818072795868, 0.4123016595840454, 0.43018969893455505, 0.2886853814125061, 0.31670960783958435, 0.36212944984436035, 0.27170324325561523, 0.38213759660720825, 0.7843027114868164, 0.6951937675476074, 1.1141029596328735, 1.082195520401001, 0.38274121284484863, 0.8916231989860535, 0.9027841091156006, 0.8896386623382568, 1.0651419162750244, 0.5468911528587341, 0.8312050700187683, 0.7069172859191895, 0.608683168888092, 0.7451657652854919, 0.5624252557754517, 0.4948497414588928, 0.1778612583875656, 0.18155337870121002, 0.3527512848377228, 0.20949074625968933, 0.17813897132873535, 0.3012789785861969, 0.5967101454734802, 0.6133238673210144, 0.1701810210943222, 0.24988199770450592, 0.41853299736976624, 0.25909364223480225, 0.23404598236083984, 0.29247695207595825, 0.3252500295639038, 0.4570397734642029], [0.0, 0.14535288512706757, 0.011275905184447765, 0.0027506770566105843, 0.012101752683520317, 0.0, 0.019214089959859848, 0.05858965218067169, 0.0, 0.0, 0.05803241953253746, 0.0, 1.582478404045105, 0.4705688953399658, 0.16257815062999725, 0.41940826177597046, 0.06935400515794754, 0.08723194152116776, 0.09346521645784378, 0.044586971402168274, 0.15168042480945587, 0.0, 0.0, 0.18241886794567108, 0.05056984722614288, 0.0, 0.0005483108689077199, 0.06827438622713089, 9.57197093963623, 3.1162805557250977, 0.689254879951477, 9.907844543457031, 0.13895802199840546, 0.0, 0.0, 0.03473522886633873, 0.4359460473060608, 0.02104291133582592, 0.0, 0.030517686158418655, 0.07623528689146042, 0.0, 0.0, 0.13574689626693726, 7.605098724365234, 2.126283645629883, 2.0217442512512207, 2.6139044761657715, 0.0, 0.00023381660867016762, 0.04572179168462753, 0.0, 0.11041004955768585, 0.0, 0.0, 0.0, 0.0047069028951227665, 6.559388566529378e-06, 0.0, 0.0049459547735750675, 0.0, 0.0024017933756113052, 6.542162736877799e-06, 0.0, 0.0, 0.0, 0.04269376024603844, 0.020691946148872375, 0.0, 0.04496074840426445, 0.0, 0.0, 0.0, 0.0, 0.0, 0.051203999668359756, 0.0, 0.0010817376896739006, 0.0, 0.0, 0.0, 0.0, 0.0, 0.01499544270336628, 5.768468327005394e-05, 0.00879850797355175, 0.0, 0.08908377587795258, 0.0, 0.0, 0.0, 0.005410316400229931, 0.0, 0.0, 0.07776784896850586, 0.013135052286088467], [0.0, 0.0, 0.0, 0.0, 0.0, 0.0, 0.0, 0.0, 0.0, 0.0, 0.0, 0.0, 0.5997619032859802, 0.17382894456386566, 0.17966297268867493, 0.3539155423641205, 0.0, 0.0, 0.0, 0.0, 0.0, 0.0, 0.0, 0.0, 1.1304473446216434e-06, 0.0, 0.0, 0.0, 0.41768988966941833, 0.21775910258293152, 0.0, 4.049912929534912, 0.0, 0.0, 0.0, 0.008262544870376587, 0.24026595056056976, 0.01920224539935589, 0.0, 0.07523510605096817, 0.0, 0.0, 0.0, 0.0, 12.93469524383545, 2.3026483058929443, 3.2483441829681396, 7.628934383392334, 0.0, 0.0, 0.010853083804249763, 0.0, 0.0, 0.0, 0.0, 0.0, 0.0, 0.0, 0.0, 0.0, 0.0, 0.0, 0.0, 0.0, 0.0, 0.0, 0.0, 0.0, 0.0, 0.0, 0.0, 0.0, 0.0, 0.0, 0.0, 0.0, 0.0, 0.0, 0.0, 9.080556992557831e-06, 0.0, 0.0, 0.0, 0.0, 0.0, 0.0, 0.0, 0.0, 0.0, 0.016926737502217293, 0.0, 0.0, 0.0, 0.0015316827921196818, 0.0, 0.0]]
Time 1805.4772670269012
