Created graph
[-7.0, -5, -3.0]
[-6.0, -5, -4.0]
[-5.5, -5, -4.5]
[-5.25, -5, -4.75]
[-4.875, -4.75, -4.625]
[-4.9375, -4.875, -4.8125]
1000 3 50
Score: 107.42457
Signatures: [[1.3461264371871948, 1.3220762014389038, 0.449166864156723, 0.9364389777183533, 1.1273821592330933, 1.3034815788269043, 0.44673362374305725, 1.0840630531311035, 1.1795318126678467, 1.2655227184295654, 0.26151975989341736, 1.065659761428833, 0.9403131008148193, 1.504290223121643, 0.39544782042503357, 1.3215678930282593, 0.8456175923347473, 0.6870778203010559, 0.5098046660423279, 0.8835779428482056, 0.7233778238296509, 0.8696563243865967, 0.5838429927825928, 1.0308438539505005, 0.443136990070343, 0.681998610496521, 0.3326471447944641, 0.718610405921936, 1.1082937717437744, 1.043653964996338, 0.49432966113090515, 1.2776405811309814, 1.5727734565734863, 1.5447275638580322, 6.32676362991333, 1.3681856393814087, 1.7298738956451416, 1.5320342779159546, 5.2544965744018555, 2.008819818496704, 1.9661827087402344, 2.2935876846313477, 6.118529796600342, 1.748465895652771, 1.5955283641815186, 2.6436970233917236, 3.805001735687256, 1.9110338687896729, 0.36497852206230164, 0.6807411909103394, 0.5124609470367432, 0.3922962248325348, 0.18899226188659668, 0.7318578958511353, 0.7628763914108276, 0.6254373788833618, 0.23476657271385193, 0.43902477622032166, 0.45992371439933777, 0.30593666434288025, 0.3504357635974884, 0.3913634419441223, 0.28792059421539307, 0.4198721945285797, 0.8571909070014954, 0.7685654759407043, 1.1930196285247803, 1.1561094522476196, 0.4223482608795166, 0.9512043595314026, 0.9956067800521851, 0.9805231690406799, 1.1796542406082153, 0.5980132818222046, 0.9293121099472046, 0.7527093887329102, 0.6704968810081482, 0.8129327297210693, 0.6296328902244568, 0.526246964931488, 0.19354373216629028, 0.19811995327472687, 0.3832513689994812, 0.2224089652299881, 0.19211331009864807, 0.32336947321891785, 0.6496021747589111, 0.6597946882247925, 0.18420393764972687, 0.2606624662876129, 0.4565873146057129, 0.2731252610683441, 0.2567667067050934, 0.31340596079826355, 0.33533746004104614, 0.4942557215690613], [0.0009171557030640543, 0.2336379736661911, 0.042662762105464935, 0.055607013404369354, 0.08244196325540543, 0.0, 0.05566215142607689, 0.12210793793201447, 0.0, 0.0, 0.08170676976442337, 0.023424744606018066, 1.699228286743164, 0.5526220202445984, 0.16687457263469696, 0.45736250281333923, 0.15081115067005157, 0.14530488848686218, 0.13793523609638214, 0.10943485796451569, 0.2225261628627777, 0.0035416267346590757, 0.0, 0.2974236011505127, 0.08056791871786118, 0.03186154365539551, 0.020162181928753853, 0.13832788169384003, 10.696133613586426, 3.4893710613250732, 0.7787646651268005, 11.10574722290039, 0.23880796134471893, 0.0011763405054807663, 0.0, 0.06567659229040146, 0.45472824573516846, 0.05226752161979675, 0.0, 0.05073018744587898, 0.17265821993350983, 0.0, 0.0, 0.2689855098724365, 8.3184232711792, 2.3290560245513916, 2.0260424613952637, 2.979536294937134, 0.0, 0.0262338537722826, 0.045774251222610474, 0.0, 0.12813061475753784, 0.0, 0.0, 0.0, 0.021118849515914917, 0.02175954170525074, 0.010991630144417286, 0.022120825946331024, 0.0, 0.019737200811505318, 0.01462272647768259, 0.0, 0.01415711548179388, 0.014610178768634796, 0.10349466651678085, 0.09449560940265656, 0.0, 0.10666149109601974, 0.0, 0.013337302953004837, 0.0, 0.0, 0.0, 0.10993222147226334, 0.01292880903929472, 0.040979716926813126, 0.0, 0.0, 0.0, 0.0, 0.00581662543118, 0.03277251496911049, 0.00958236027508974, 0.029759714379906654, 0.0, 0.1369767189025879, 0.009792941622436047, 0.0, 0.002284911461174488, 0.02633155882358551, 0.011327891610562801, 0.0, 0.11218434572219849, 0.03850182145833969], [0.0, 0.0, 0.0, 0.0, 0.0, 0.0, 0.0, 0.0, 0.0, 0.0, 0.0, 0.0, 0.7798029780387878, 0.2937239110469818, 0.2488645762205124, 0.5155110955238342, 0.0, 0.0, 0.0, 0.0, 0.0, 0.0, 0.0, 0.0, 0.010899404063820839, 0.0, 0.0, 0.0, 0.18664652109146118, 0.2277204841375351, 0.0, 4.205822467803955, 0.0009508448420092463, 0.0, 0.1235116645693779, 0.07486782222986221, 0.4402235150337219, 0.11134350299835205, 0.1998572051525116, 0.2409142553806305, 0.041329678148031235, 0.000493053172249347, 0.0, 0.0, 14.251484870910645, 2.7643775939941406, 4.099845886230469, 8.293980598449707, 0.0, 0.0, 0.05778621509671211, 0.0, 0.0, 0.0, 0.0, 0.0, 0.0, 0.0, 0.0, 0.0, 0.0, 0.0, 0.0, 0.0, 0.0, 0.0, 0.0, 0.0, 0.0, 0.0, 0.0, 0.0, 0.0, 0.0, 0.0, 0.0, 0.0, 0.0, 0.0, 0.029910435900092125, 0.0, 0.0, 0.0, 0.0, 0.0, 0.0, 0.0, 0.0, 0.0, 0.03627733513712883, 0.0, 0.0, 0.0, 0.02074088342487812, 0.0, 0.0]]
Time 1862.663277387619
