Created graph
[-7.0, -5, -3.0]
[-6.0, -5, -4.0]
[-5.5, -5, -4.5]
[-5.25, -5, -4.75]
[-4.875, -4.75, -4.625]
[-4.9375, -4.875, -4.8125]
1000 4 250
Score: 104.7566
Signatures: [[0.7383255958557129, 1.291725993156433, 0.37641236186027527, 0.7203179597854614, 0.9074005484580994, 0.7856548428535461, 0.3630250096321106, 0.7080159783363342, 0.33616557717323303, 0.6440474987030029, 0.253754198551178, 0.8750333189964294, 2.2931466102600098, 1.6811106204986572, 0.22618193924427032, 2.0693845748901367, 0.8713180422782898, 0.6937401294708252, 0.7272822856903076, 0.9934873580932617, 0.9951077699661255, 0.7476538419723511, 0.34578654170036316, 1.3416804075241089, 0.4362466335296631, 0.6988122463226318, 0.28043651580810547, 0.9588862657546997, 5.4067535400390625, 2.853827953338623, 0.9685747027397156, 4.992281913757324, 1.0992873907089233, 0.37753283977508545, 0.9237104058265686, 0.6546670198440552, 1.4704563617706299, 0.7520025968551636, 0.0, 1.0590046644210815, 0.6048083305358887, 0.015894129872322083, 0.0, 1.2233635187149048, 2.4391584396362305, 2.467294216156006, 1.0660649538040161, 2.983206272125244, 0.08651109784841537, 0.3708415925502777, 0.29839763045310974, 0.07453718781471252, 0.3156966269016266, 0.4513508677482605, 0.48003852367401123, 0.5108737349510193, 0.21240557730197906, 0.2911130487918854, 0.2579736113548279, 0.21060992777347565, 0.13047128915786743, 0.1684267669916153, 0.23691217601299286, 0.2541758120059967, 0.2781790792942047, 0.3696611821651459, 0.5213220715522766, 0.6968185305595398, 0.13557274639606476, 0.4154665768146515, 0.4746709167957306, 0.48265087604522705, 0.000646204047370702, 0.24025380611419678, 0.0, 0.4108148515224457, 0.07756111770868301, 0.3407082259654999, 0.018716491758823395, 0.1714693158864975, 0.06812119483947754, 0.14961886405944824, 0.3151118755340576, 0.18839146196842194, 0.10339780896902084, 0.24812470376491547, 0.42257386445999146, 0.6437376737594604, 0.14653781056404114, 0.18130531907081604, 0.3285447061061859, 0.25264307856559753, 0.1195758655667305, 0.10150869190692902, 0.39713358879089355, 0.32208871841430664], [0.0, 0.0, 0.0, 0.0, 0.0, 0.0, 0.0, 0.0, 0.0, 0.0, 0.0, 0.0, 0.818885326385498, 0.0, 0.12160974740982056, 0.0, 0.0, 0.0, 0.0, 0.0, 0.0, 0.0, 0.0, 0.0, 0.0, 0.0, 0.0, 0.0, 9.143782615661621, 2.575308322906494, 0.40863779187202454, 10.755989074707031, 0.0, 0.0, 0.13146643340587616, 0.0, 0.0, 0.0, 0.5062337517738342, 0.0, 0.07635592669248581, 0.02334885112941265, 0.5264732241630554, 0.0, 9.677179336547852, 1.8080543279647827, 2.260370969772339, 2.637420892715454, 0.0, 0.0, 0.0, 0.0, 0.012643410824239254, 0.0, 0.0, 0.0, 0.0, 0.0, 0.0, 0.0, 0.0, 0.0, 0.0, 0.0, 0.0, 0.0, 0.0, 0.0, 0.0, 0.01879224367439747, 0.0, 0.0, 0.05143235996365547, 0.0, 0.008953165262937546, 0.004701328929513693, 0.043814003467559814, 0.0, 0.043844208121299744, 0.0, 0.0, 0.0, 0.0, 0.0, 0.0, 0.0, 0.0, 0.0, 0.0, 0.0, 0.0, 0.0, 0.0, 0.0, 0.0, 0.0], [0.0, 0.0, 0.0, 0.0, 0.0, 0.0, 0.0, 0.0, 0.0, 0.0, 0.006841327529400587, 0.0, 0.9714354872703552, 0.3753313422203064, 0.2776046097278595, 0.47223424911499023, 0.0, 0.0, 0.0, 0.0, 0.0, 0.0, 0.0, 0.0, 0.0, 0.0, 0.0, 0.0, 0.025961682200431824, 0.2486105114221573, 0.019206443801522255, 3.377739906311035, 0.01273329183459282, 0.0, 0.2798909842967987, 0.05570341646671295, 0.5741052031517029, 0.1002904400229454, 0.2763981521129608, 0.163366436958313, 0.09736064076423645, 0.10772012174129486, 0.0, 0.0, 13.712794303894043, 2.9318902492523193, 4.363526821136475, 8.45550537109375, 0.0, 0.0, 0.06639178842306137, 0.0, 0.0, 0.0, 0.0, 0.0, 0.0, 0.0, 0.0, 0.0, 0.0, 0.0, 0.0, 0.0, 0.0, 0.0, 0.0, 0.0, 0.0, 0.0, 0.0, 0.0, 0.0, 0.0, 0.0, 0.0, 0.0, 0.0, 0.0, 0.03504730388522148, 0.0, 0.0, 0.0, 0.0, 0.0, 0.0, 0.0, 0.0, 0.0, 0.018143989145755768, 0.0, 0.0, 0.0, 0.017458170652389526, 0.0, 0.0], [1.065553069114685, 0.8554466962814331, 0.3025462031364441, 0.6410051584243774, 0.7848734259605408, 0.9820474982261658, 0.3102489411830902, 0.825074315071106, 1.1032510995864868, 1.016159176826477, 0.17844432592391968, 0.7040765881538391, 0.27272361516952515, 0.9255613684654236, 0.31138625741004944, 0.5735921263694763, 0.5057451725006104, 0.43904054164886475, 0.23685328662395477, 0.4791879653930664, 0.30205264687538147, 0.5426213145256042, 0.43990862369537354, 0.5322953462600708, 0.27883607149124146, 0.3760490119457245, 0.21996694803237915, 0.3293375074863434, 0.0, 0.22594332695007324, 0.20085565745830536, 0.04216843098402023, 1.188477635383606, 1.4936752319335938, 6.313009262084961, 1.1434166431427002, 1.221427321434021, 1.2592991590499878, 5.466094970703125, 1.6430164575576782, 1.8271769285202026, 2.4154512882232666, 6.54462194442749, 1.3642230033874512, 0.616222620010376, 1.8162994384765625, 3.4195430278778076, 0.7516223192214966, 0.3570059835910797, 0.5343643426895142, 0.406495600938797, 0.38183850049972534, 0.08233752846717834, 0.5412642955780029, 0.5692223906517029, 0.41812247037887573, 0.14939549565315247, 0.3265437185764313, 0.35256144404411316, 0.22220778465270996, 0.3109373152256012, 0.33831366896629333, 0.19205479323863983, 0.31394490599632263, 0.7810302376747131, 0.6367015838623047, 1.0563263893127441, 0.9216505885124207, 0.38896429538726807, 0.8566731214523315, 0.818943440914154, 0.8182929158210754, 1.2671562433242798, 0.5157930850982666, 1.0406502485275269, 0.6345661878585815, 0.6776420474052429, 0.7243181467056274, 0.6699243783950806, 0.4705451726913452, 0.17127647995948792, 0.13574184477329254, 0.2388857901096344, 0.1544519066810608, 0.15240073204040527, 0.2316426932811737, 0.47646984457969666, 0.4288751780986786, 0.12434433400630951, 0.19408288598060608, 0.3220750093460083, 0.17203858494758606, 0.2222021371126175, 0.2860048711299896, 0.2023034542798996, 0.3745006024837494]]
Time 4108.0256950855255
