Created graph
[-7.0, -5, -3.0]
[-6.0, -5, -4.0]
[-5.5, -5, -4.5]
[-5.25, -5, -4.75]
[-4.875, -4.75, -4.625]
[-4.9375, -4.875, -4.8125]
5000 4 200
Score: 103.9217
Signatures: [[0.8547765612602234, 1.5194342136383057, 0.43809425830841064, 0.815079927444458, 1.0235905647277832, 0.8848838806152344, 0.4107680320739746, 0.8296090364456177, 0.396525502204895, 0.7480134963989258, 0.29741427302360535, 0.9700246453285217, 2.6325037479400635, 1.9361060857772827, 0.30128687620162964, 2.3060760498046875, 1.0202089548110962, 0.8118449449539185, 0.8464860916137695, 1.1493806838989258, 1.1730998754501343, 0.8495715856552124, 0.3937528729438782, 1.5733931064605713, 0.5040677785873413, 0.8006816506385803, 0.3204219937324524, 1.106405258178711, 7.005397796630859, 3.4905741214752197, 1.091076135635376, 6.94110631942749, 1.2950940132141113, 0.4818122684955597, 1.3386483192443848, 0.7683688998222351, 1.7289795875549316, 0.8619611859321594, 0.0, 1.2042123079299927, 0.7757903933525085, 0.033861756324768066, 0.0, 1.4198788404464722, 3.687814235687256, 3.0841519832611084, 1.5711630582809448, 3.319932699203491, 0.09919857978820801, 0.4394872486591339, 0.35696348547935486, 0.07583265751600266, 0.3568117320537567, 0.49012061953544617, 0.5110030770301819, 0.5799600481987, 0.23667830228805542, 0.3207940459251404, 0.3073982298374176, 0.2259318232536316, 0.14882464706897736, 0.19892269372940063, 0.25503069162368774, 0.30430924892425537, 0.34239429235458374, 0.4561253786087036, 0.6183231472969055, 0.8243033289909363, 0.13826893270015717, 0.5225871801376343, 0.5506100654602051, 0.5657179355621338, 0.00456956634297967, 0.28116244077682495, 0.0, 0.5289579629898071, 0.15235008299350739, 0.4013628661632538, 0.026756882667541504, 0.22109076380729675, 0.06733564287424088, 0.16624373197555542, 0.3714252710342407, 0.22079309821128845, 0.11880961060523987, 0.3010755181312561, 0.4706239700317383, 0.7619149088859558, 0.1686633974313736, 0.1968897432088852, 0.36234742403030396, 0.29793989658355713, 0.15286500751972198, 0.11527657508850098, 0.4535720646381378, 0.3839918076992035], [0.0, 0.0, 0.0, 0.0, 0.0, 0.0, 0.0, 0.0, 0.0, 0.0, 0.0, 0.0, 1.1763852834701538, 0.0, 0.1404634714126587, 0.0, 0.0, 0.0, 0.0, 0.0, 0.0, 0.0, 0.0, 0.0, 0.0, 0.0, 0.0, 0.0, 10.92743968963623, 3.185732841491699, 0.5629419684410095, 13.233463287353516, 0.0, 0.0, 0.1312675029039383, 0.0, 0.0, 0.0, 0.601490318775177, 0.0, 0.07055044919252396, 0.040587928146123886, 0.5535723567008972, 0.0, 12.844789505004883, 2.4051945209503174, 3.090177059173584, 4.192318439483643, 0.0, 0.0, 0.0, 0.0, 0.02773321606218815, 0.0, 0.0, 0.0, 0.0, 0.0, 0.0, 0.0, 0.0, 0.0, 0.0, 0.0, 0.0, 0.0, 0.0, 0.0, 0.0, 0.0, 0.0, 0.0, 0.04679660126566887, 0.0, 0.0, 0.0, 0.016685254871845245, 0.0, 0.044258762151002884, 0.0, 0.0, 0.0, 0.0, 0.0, 0.0, 0.0, 0.0, 0.0, 0.0, 0.0, 0.0, 0.0, 0.0, 0.0, 0.0, 0.0], [0.0, 0.0, 0.0, 0.0, 0.0, 0.0, 0.0, 0.0, 0.0, 0.0, 0.009940531104803085, 0.0, 1.278598427772522, 0.550844669342041, 0.36590713262557983, 0.6981890797615051, 0.0, 0.0, 0.0, 0.0, 0.0, 0.0, 0.0, 0.0, 0.0009149867692030966, 0.0, 0.0, 0.0, 0.9175817370414734, 0.5463495254516602, 0.04446180909872055, 4.964823246002197, 0.01785503514111042, 0.0, 0.14855439960956573, 0.06026846915483475, 0.7432560324668884, 0.11193995177745819, 0.20739519596099854, 0.21354857087135315, 0.09467936307191849, 0.06372044235467911, 0.0, 0.0, 17.23483657836914, 3.7576255798339844, 5.301908493041992, 10.5327730178833, 0.0, 0.0, 0.07554750889539719, 0.0, 0.0, 0.0, 0.0, 0.0, 0.0, 0.0, 0.0, 0.0, 0.0, 0.0, 0.0, 0.0, 0.0, 0.0, 0.0, 0.0, 0.0, 0.0, 0.0, 0.0, 0.0, 0.0, 0.0, 0.0, 0.0, 0.0, 0.0, 0.03376546502113342, 0.0, 0.0, 0.0, 0.0, 0.0, 0.0, 0.0, 0.0, 0.0, 0.028979718685150146, 0.0, 0.0, 0.0, 0.016804298385977745, 0.0, 0.0], [1.2282081842422485, 1.0271085500717163, 0.36097481846809387, 0.7729601860046387, 0.9451929330825806, 1.1559381484985352, 0.3767026662826538, 0.957499623298645, 1.2425317764282227, 1.1560158729553223, 0.2193213701248169, 0.8600772619247437, 0.4107833206653595, 1.1460598707199097, 0.3576836884021759, 0.787557065486908, 0.6159166097640991, 0.5322155356407166, 0.3006991446018219, 0.5908491015434265, 0.3960620164871216, 0.6614601612091064, 0.5250276923179626, 0.676770031452179, 0.3440074920654297, 0.46478694677352905, 0.26240798830986023, 0.4282711148262024, 0.0, 0.34406688809394836, 0.2911147475242615, 0.004613131750375032, 1.3945519924163818, 1.6708797216415405, 7.077856540679932, 1.3228615522384644, 1.4747368097305298, 1.4892791509628296, 6.277186393737793, 1.9455076456069946, 2.0928168296813965, 2.732703685760498, 7.445775508880615, 1.6107885837554932, 0.8678736090660095, 2.1564249992370605, 3.9451780319213867, 1.1097021102905273, 0.4013669788837433, 0.615227460861206, 0.4828649163246155, 0.44395700097084045, 0.11185774952173233, 0.6533058881759644, 0.6935083270072937, 0.4975978434085846, 0.18576104938983917, 0.39095810055732727, 0.4090733826160431, 0.27424314618110657, 0.35638564825057983, 0.3886827230453491, 0.24069926142692566, 0.3597366213798523, 0.888354480266571, 0.7180914282798767, 1.2295061349868774, 1.0803717374801636, 0.45337384939193726, 0.9714664816856384, 0.9447348117828369, 0.9402611255645752, 1.4218957424163818, 0.5886841416358948, 1.1672618389129639, 0.7150716185569763, 0.745008111000061, 0.8280841708183289, 0.7521947622299194, 0.5385439395904541, 0.2054504156112671, 0.16345112025737762, 0.2831869125366211, 0.18567512929439545, 0.17763933539390564, 0.27053317427635193, 0.5673190355300903, 0.5120296478271484, 0.14863649010658264, 0.2354092001914978, 0.38705286383628845, 0.20681442320346832, 0.24520328640937805, 0.33285897970199585, 0.25712287425994873, 0.43946266174316406]]
Time 4107.13281416893
