Created graph
[-7.0, -5, -3.0]
[-6.0, -5, -4.0]
[-5.5, -5, -4.5]
[-5.25, -5, -4.75]
[-5.125, -5, -4.875]
[-5.0625, -5, -4.9375]
10 4 10
Score: 103.533554
Signatures: [[0.0, 0.0, 0.0, 0.0, 0.0, 0.0, 0.0, 0.0, 0.0, 0.0, 0.0, 0.0, 0.5331793427467346, 0.288499116897583, 0.19541777670383453, 0.41952550411224365, 0.0, 0.0, 0.0, 0.0, 0.0, 0.0, 0.0, 0.0, 0.002544364659115672, 0.0, 0.0, 0.0, 0.0, 0.04142044857144356, 0.0, 3.0619590282440186, 0.009839219972491264, 0.0, 0.0, 0.06672891974449158, 0.3662880063056946, 0.03360062092542648, 0.0, 0.09909256547689438, 0.02820226363837719, 0.01502260286360979, 0.0, 0.0, 12.358977317810059, 2.643568992614746, 4.203826904296875, 6.858187675476074, 0.0, 0.0, 0.040858615189790726, 0.0, 0.0, 0.0, 0.0, 0.0, 0.00202965154312551, 0.0, 0.0, 0.0, 0.0, 0.0, 0.0, 0.0, 0.0, 0.0, 0.0, 0.0, 0.0, 0.0, 0.0, 0.0, 0.0, 0.0, 0.0, 0.0, 0.0, 0.0, 0.0, 0.05527590215206146, 0.0, 0.0, 0.0, 0.0, 0.0, 0.0, 0.0, 0.0, 0.0, 0.029401646926999092, 0.0, 0.0, 0.0, 0.0, 0.0, 0.0], [0.45441219210624695, 0.840087890625, 0.2782617509365082, 0.36488309502601624, 0.4102860987186432, 0.2930593192577362, 0.30332159996032715, 0.5612221360206604, 0.07626577466726303, 0.4589266777038574, 0.14032478630542755, 0.4515385627746582, 1.7607553005218506, 0.8024253249168396, 0.11351648718118668, 1.076298713684082, 0.4455382823944092, 0.1279488503932953, 0.28319433331489563, 0.4182577431201935, 0.339361310005188, 0.27836427092552185, 0.19195619225502014, 0.5397406220436096, 0.10758018493652344, 0.3293774425983429, 0.052547309547662735, 0.4926508367061615, 3.209494113922119, 1.3459553718566895, 0.7196564078330994, 2.786102294921875, 0.47127765417099, 0.15023882687091827, 2.871743679046631, 0.308523565530777, 1.0734971761703491, 0.6913894414901733, 2.373394727706909, 0.9379331469535828, 0.8382666110992432, 0.28073400259017944, 2.442837715148926, 0.5742999911308289, 2.092611789703369, 1.3131805658340454, 2.445629119873047, 4.656046390533447, 0.12349294871091843, 0.20877689123153687, 0.10087059438228607, 0.0, 0.17598487436771393, 0.20478764176368713, 0.24605335295200348, 0.19665786623954773, 0.08167295902967453, 0.22462914884090424, 0.14182928204536438, 0.1738864928483963, 0.1519145965576172, 0.09229382872581482, 0.19949226081371307, 0.04110988602042198, 0.3849191963672638, 0.0, 0.6354994773864746, 0.554966151714325, 0.0, 0.1946779042482376, 0.21970978379249573, 0.31780001521110535, 0.18683861196041107, 0.3077555000782013, 0.07296281307935715, 0.1876218169927597, 0.045714568346738815, 0.4174421429634094, 0.04974852874875069, 0.0, 0.0645417869091034, 0.12071360647678375, 0.17127498984336853, 0.159759521484375, 0.03820427507162094, 0.11015701293945312, 0.17573493719100952, 0.29177650809288025, 0.0682753399014473, 0.05942939966917038, 0.12779948115348816, 0.1680821180343628, 0.10064306855201721, 0.1503414809703827, 0.16476662456989288, 0.21333257853984833], [1.1591980457305908, 0.9974915981292725, 0.31623631715774536, 0.8138155341148376, 1.0042333602905273, 1.2438455820083618, 0.3040260970592499, 0.8488186001777649, 1.2410176992416382, 1.0493096113204956, 0.21960824728012085, 0.8830065131187439, 0.1926107406616211, 1.2678591012954712, 0.3797370195388794, 0.9320709705352783, 0.7047205567359924, 0.7300820350646973, 0.42589071393013, 0.7419283986091614, 0.6427180767059326, 0.778960645198822, 0.5088773369789124, 0.8850874900817871, 0.45001375675201416, 0.5422886610031128, 0.3470767140388489, 0.5273715257644653, 0.27185001969337463, 0.7537106871604919, 0.1839984506368637, 1.293315052986145, 1.4869433641433716, 1.603223204612732, 4.7992634773254395, 1.332424283027649, 1.3745322227478027, 1.252698302268982, 4.118291854858398, 1.6619460582733154, 1.6388412714004517, 2.2971577644348145, 4.794253826141357, 1.6223618984222412, 1.8857783079147339, 2.4138481616973877, 2.8942935466766357, 0.0, 0.29816973209381104, 0.6118254065513611, 0.5185174345970154, 0.4491522014141083, 0.12357687205076218, 0.6712234020233154, 0.6745175719261169, 0.5458194017410278, 0.21729187667369843, 0.3376341462135315, 0.4170837104320526, 0.22673581540584564, 0.2749406695365906, 0.376711905002594, 0.18471434712409973, 0.4521712064743042, 0.6687161326408386, 0.8675500750541687, 0.9020310044288635, 0.9168825149536133, 0.47389307618141174, 0.9510715007781982, 0.9488158226013184, 0.8619983792304993, 1.1390777826309204, 0.4275231659412384, 0.9440792798995972, 0.7459413409233093, 0.7122032046318054, 0.6027600765228271, 0.6475772857666016, 0.5901897549629211, 0.16598336398601532, 0.13301920890808105, 0.3108549118041992, 0.14355966448783875, 0.1943219006061554, 0.2930944263935089, 0.5970383882522583, 0.5755388736724854, 0.16038085520267487, 0.252231627702713, 0.4210468530654907, 0.19720394909381866, 0.2150244265794754, 0.23849427700042725, 0.2968582510948181, 0.4095138609409332], [0.0, 0.017753928899765015, 0.0, 0.0, 0.0006056842976249754, 0.0, 0.0, 0.002253996441140771, 0.0, 0.0, 0.037247348576784134, 0.0, 1.2812682390213013, 0.32018718123435974, 0.18088749051094055, 0.23068617284297943, 0.020293110981583595, 0.08988702297210693, 0.04913146793842316, 0.004153677262365818, 0.10744358599185944, 0.0, 0.0, 0.11159484088420868, 0.057109374552965164, 0.0, 0.00768802035599947, 0.0, 9.329132080078125, 3.001885175704956, 0.534199059009552, 10.235828399658203, 0.1278975009918213, 0.01379084400832653, 0.0, 0.03772028535604477, 0.21213147044181824, 0.0, 0.0, 0.0, 0.027766060084104538, 0.0, 0.0, 0.13530826568603516, 8.47472858428955, 1.925321340560913, 1.294691801071167, 2.7244069576263428, 0.0, 0.0, 0.04852767661213875, 0.0, 0.07373299449682236, 0.0, 0.0, 0.0, 0.0, 0.0, 0.0, 0.0, 0.0, 0.004356810823082924, 0.0, 0.0, 0.0, 0.02421601302921772, 0.0, 0.0, 0.0, 0.061655428260564804, 0.0, 0.0, 0.0, 0.0, 0.0, 0.05756480246782303, 0.026192577555775642, 0.0, 0.006912128534168005, 0.0, 0.0, 0.0, 0.0, 0.0, 0.0008429257431998849, 1.442749908164842e-05, 0.0, 0.046678997576236725, 0.0, 0.0, 0.0, 0.0, 0.0, 0.0, 0.04933374747633934, 0.0]]
Time 1792.7314479351044
