Created graph
[-7.0, -5, -3.0]
[-6.0, -5, -4.0]
[-5.5, -5, -4.5]
[-5.25, -5, -4.75]
[-5.125, -5, -4.875]
[-5.0625, -5, -4.9375]
1 4 100
Score: 103.534904
Signatures: [[0.0, 0.0, 0.0, 0.0, 0.0, 0.0, 0.0, 0.0, 0.0, 0.0, 0.0, 0.0, 0.5328661203384399, 0.2883368134498596, 0.1953345537185669, 0.41935309767723083, 0.0, 0.0, 0.0, 0.0, 0.0, 0.0, 0.0, 0.0, 0.002523565897718072, 0.0, 0.0, 0.0, 0.0, 0.04107990860939026, 0.0, 3.0599167346954346, 0.009805107489228249, 0.0, 0.0, 0.06667102128267288, 0.3661574423313141, 0.0335417315363884, 0.0, 0.09908100962638855, 0.028171269223093987, 0.014925739727914333, 0.0, 0.0, 12.353886604309082, 2.6423304080963135, 4.202173233032227, 6.855727672576904, 0.0, 0.0, 0.040835462510585785, 0.0, 0.0, 0.0, 0.0, 0.0, 0.0020371158607304096, 0.0, 0.0, 0.0, 0.0, 0.0, 0.0, 0.0, 0.0, 0.0, 0.0, 0.0, 0.0, 0.0, 0.0, 0.0, 0.0, 0.0, 0.0, 0.0, 0.0, 0.0, 0.0, 0.05521196871995926, 0.0, 0.0, 0.0, 0.0, 0.0, 0.0, 0.0, 0.0, 0.0, 0.02936484105885029, 0.0, 0.0, 0.0, 0.0, 0.0, 0.0], [0.45423418283462524, 0.8397166132926941, 0.2782108187675476, 0.3646964728832245, 0.4098363220691681, 0.2927039563655853, 0.3031964600086212, 0.5609767436981201, 0.07623495906591415, 0.45876985788345337, 0.14022260904312134, 0.4513210952281952, 1.75974440574646, 0.8014726042747498, 0.11342854052782059, 1.0752581357955933, 0.4451541304588318, 0.12759645283222198, 0.28293564915657043, 0.4178786277770996, 0.33900928497314453, 0.277982622385025, 0.1918942928314209, 0.5392300486564636, 0.1074221059679985, 0.3290711045265198, 0.05249127745628357, 0.4923141300678253, 3.20699405670166, 1.3442952632904053, 0.7192439436912537, 2.781696081161499, 0.4710194170475006, 0.15019623935222626, 2.8725059032440186, 0.30832865834236145, 1.0726045370101929, 0.6912323236465454, 2.3738527297973633, 0.9371938705444336, 0.8378905057907104, 0.2807384729385376, 2.443634033203125, 0.5736361742019653, 2.0891833305358887, 1.3109744787216187, 2.4446403980255127, 4.6522016525268555, 0.12345626205205917, 0.20863144099712372, 0.10086444020271301, 0.0, 0.17585761845111847, 0.2046796828508377, 0.24597744643688202, 0.19657990336418152, 0.08158379048109055, 0.22458307445049286, 0.14175523817539215, 0.17383228242397308, 0.15191230177879333, 0.09226790815591812, 0.199415922164917, 0.040955908596515656, 0.3849047124385834, 0.0, 0.6354920268058777, 0.5547327995300293, 0.0, 0.19443725049495697, 0.21945717930793762, 0.31772366166114807, 0.18680527806282043, 0.30759260058403015, 0.07316340506076813, 0.1874425709247589, 0.04564753919839859, 0.41732892394065857, 0.04980602487921715, 0.0, 0.0645006000995636, 0.12066645920276642, 0.1712174266576767, 0.15966910123825073, 0.038161903619766235, 0.11007672548294067, 0.17568956315517426, 0.2917120158672333, 0.06818059086799622, 0.059402357786893845, 0.12771710753440857, 0.16805027425289154, 0.10055791586637497, 0.15022853016853333, 0.16451086103916168, 0.21331851184368134], [1.1587766408920288, 0.997033417224884, 0.3160334825515747, 0.8135493993759155, 1.0040867328643799, 1.2436457872390747, 0.30385851860046387, 0.8484953045845032, 1.2406748533248901, 1.0489227771759033, 0.21951685845851898, 0.8827133774757385, 0.19205519556999207, 1.2676419019699097, 0.3795923888683319, 0.9318459033966064, 0.7045593857765198, 0.7300779223442078, 0.4258086085319519, 0.7417941093444824, 0.6425850987434387, 0.778889536857605, 0.5086628198623657, 0.8848851323127747, 0.4499536454677582, 0.5422014594078064, 0.3470211327075958, 0.5272082090377808, 0.2707815170288086, 0.7536419630050659, 0.18373864889144897, 1.2936409711837769, 1.4864726066589355, 1.60274076461792, 4.795714378356934, 1.3320711851119995, 1.3741047382354736, 1.2520874738693237, 4.115338325500488, 1.6614775657653809, 1.6381604671478271, 2.296464204788208, 4.7909016609191895, 1.6220428943634033, 1.88514244556427, 2.4137189388275146, 2.892439603805542, 0.0, 0.2980482578277588, 0.6116548180580139, 0.5183187127113342, 0.4490368664264679, 0.12353076785802841, 0.6710173487663269, 0.6742509007453918, 0.5456447005271912, 0.21725164353847504, 0.3374577760696411, 0.41696029901504517, 0.22661525011062622, 0.274783730506897, 0.37657487392425537, 0.18460142612457275, 0.4521653950214386, 0.6683322191238403, 0.8674299716949463, 0.901370108127594, 0.9164603352546692, 0.4737929701805115, 0.9509103894233704, 0.9486438632011414, 0.8616591691970825, 1.1387126445770264, 0.42736780643463135, 0.9436210989952087, 0.745781660079956, 0.7120954394340515, 0.6024402379989624, 0.6473329067230225, 0.5900520086288452, 0.16592441499233246, 0.13295085728168488, 0.31071457266807556, 0.14348748326301575, 0.19429177045822144, 0.2930137813091278, 0.5968183875083923, 0.5752807259559631, 0.16036812961101532, 0.25217169523239136, 0.42092981934547424, 0.19707877933979034, 0.21498726308345795, 0.23842701315879822, 0.2968452274799347, 0.4092761278152466], [0.0, 0.01777886226773262, 0.0, 0.0, 0.0006182374199852347, 0.0, 0.0, 0.0022621420212090015, 0.0, 0.0, 0.037244394421577454, 0.0, 1.2807782888412476, 0.32019147276878357, 0.18076612055301666, 0.2307223379611969, 0.020329544320702553, 0.08989467471837997, 0.049145929515361786, 0.0041852304711937904, 0.10744515061378479, 0.0, 0.0, 0.11160758137702942, 0.05710054188966751, 0.0, 0.007677140645682812, 0.0, 9.324860572814941, 3.0007822513580322, 0.534016489982605, 10.231060981750488, 0.127822145819664, 0.013733863830566406, 0.0, 0.0376889705657959, 0.2120794653892517, 0.0, 0.0, 0.0, 0.027760490775108337, 0.0, 0.0, 0.13533437252044678, 8.4690580368042, 1.924301028251648, 1.2934010028839111, 2.722245693206787, 0.0, 0.0, 0.048477817326784134, 0.0, 0.07371720671653748, 0.0, 0.0, 0.0, 0.0, 0.0, 0.0, 0.0, 0.0, 0.004345060326159, 0.0, 0.0, 0.0, 0.024155596271157265, 0.0, 0.0, 0.0, 0.0616321936249733, 0.0, 0.0, 0.0, 0.0, 0.0, 0.05754007026553154, 0.026156840845942497, 0.0, 0.006873737554997206, 0.0, 0.0, 0.0, 0.0, 0.0, 0.0008400683873333037, 1.4213757822290063e-05, 0.0, 0.04664209112524986, 0.0, 0.0, 0.0, 0.0, 0.0, 0.0, 0.0493515245616436, 0.0]]
Time 1801.1408727169037
