Created graph
[-7.0, -5, -3.0]
[-6.0, -5, -4.0]
[-5.5, -5, -4.5]
[-5.25, -5, -4.75]
[-4.875, -4.75, -4.625]
[-4.9375, -4.875, -4.8125]
1000 3 100
Score: 107.3914
Signatures: [[1.347346305847168, 1.3229615688323975, 0.4493463635444641, 0.9376385807991028, 1.129006266593933, 1.3051882982254028, 0.44709235429763794, 1.0863947868347168, 1.1814384460449219, 1.2674978971481323, 0.26138168573379517, 1.0672062635421753, 0.940263032913208, 1.505070447921753, 0.3957400619983673, 1.3227577209472656, 0.8464099168777466, 0.6873154640197754, 0.5102071762084961, 0.8842765092849731, 0.7238801121711731, 0.8707767128944397, 0.5841882228851318, 1.0312974452972412, 0.44331133365631104, 0.682338535785675, 0.33307960629463196, 0.7188365459442139, 1.1078567504882812, 1.0430681705474854, 0.49480581283569336, 1.2763926982879639, 1.5752019882202148, 1.5474770069122314, 6.33588981628418, 1.3709921836853027, 1.7313815355300903, 1.5340086221694946, 5.259873390197754, 2.0118401050567627, 1.9694480895996094, 2.297666072845459, 6.129812717437744, 1.7496767044067383, 1.5947320461273193, 2.645339250564575, 3.8096444606781006, 1.9119033813476562, 0.3653051555156708, 0.6824524402618408, 0.5129959583282471, 0.3925330936908722, 0.18904492259025574, 0.7328974604606628, 0.7635025978088379, 0.6263757348060608, 0.23462070524692535, 0.43998879194259644, 0.4607866406440735, 0.3059571087360382, 0.35118964314460754, 0.39166709780693054, 0.2879723608493805, 0.4203290641307831, 0.858609676361084, 0.769644021987915, 1.193709373474121, 1.1573528051376343, 0.42292261123657227, 0.9528643488883972, 0.9967800974845886, 0.9814103245735168, 1.1817383766174316, 0.5989079475402832, 0.9309754967689514, 0.7540640234947205, 0.6722456812858582, 0.8139548897743225, 0.6307156682014465, 0.5269254446029663, 0.1935182362794876, 0.19821886718273163, 0.38344764709472656, 0.22249993681907654, 0.19214129447937012, 0.3235420286655426, 0.6499606370925903, 0.6600244641304016, 0.18410757184028625, 0.2610189914703369, 0.4569034278392792, 0.27323269844055176, 0.2572365999221802, 0.3137029707431793, 0.33514007925987244, 0.49412962794303894], [0.0010868734680116177, 0.23572562634944916, 0.04340671747922897, 0.05601521208882332, 0.08240483701229095, 0.0, 0.05620473623275757, 0.12240685522556305, 0.0, 0.0, 0.08259493112564087, 0.023084182292222977, 1.7109497785568237, 0.5558532476425171, 0.1681443750858307, 0.46236371994018555, 0.15222372114658356, 0.1466662734746933, 0.13929979503154755, 0.1103845164179802, 0.22443082928657532, 0.003772192168980837, 0.0, 0.30040326714515686, 0.0812845453619957, 0.03225427865982056, 0.020390585064888, 0.13958300650119781, 10.75184154510498, 3.508695363998413, 0.7842887043952942, 11.170119285583496, 0.24007548391819, 0.0011058161035180092, 0.0, 0.0658147782087326, 0.45858344435691833, 0.05355967581272125, 0.0, 0.05195535346865654, 0.17352408170700073, 0.0, 0.0, 0.2708798050880432, 8.39077377319336, 2.3485045433044434, 2.0482571125030518, 3.012343645095825, 0.0, 0.026182841509580612, 0.046201467514038086, 0.0, 0.1290915459394455, 0.0, 0.0, 0.0, 0.02154937945306301, 0.02168695069849491, 0.010926804505288601, 0.022646412253379822, 0.0, 0.01996041275560856, 0.014997879043221474, 0.0, 0.014222278259694576, 0.014813892543315887, 0.10415764153003693, 0.09502747654914856, 0.0, 0.10756374895572662, 0.0, 0.014187176711857319, 0.0, 0.0, 0.0, 0.11062951385974884, 0.01243552565574646, 0.04147201403975487, 0.0, 0.0, 0.0, 0.0, 0.006101428996771574, 0.033093035221099854, 0.009794418700039387, 0.030176958069205284, 0.0, 0.13875415921211243, 0.010125859640538692, 0.0, 0.0023885508999228477, 0.026851244270801544, 0.011257190257310867, 0.0, 0.11342624574899673, 0.03900839388370514], [0.0, 0.0, 0.0, 0.0, 0.0, 0.0, 0.0, 0.0, 0.0, 0.0, 0.0, 0.0, 0.7912359237670898, 0.29722675681114197, 0.25097450613975525, 0.5184473991394043, 0.0, 0.0, 0.0, 0.0, 0.0, 0.0, 0.0, 0.0, 0.010824555531144142, 0.0, 0.0, 0.0, 0.21649539470672607, 0.23937679827213287, 0.0, 4.270199298858643, 0.0008978723199106753, 0.0, 0.1209230050444603, 0.07485909759998322, 0.44408440589904785, 0.11098487675189972, 0.1997113823890686, 0.24075840413570404, 0.041406869888305664, 0.0002413446782156825, 0.0, 0.0, 14.364095687866211, 2.7909224033355713, 4.127311706542969, 8.362808227539062, 0.0, 0.0, 0.058114051818847656, 0.0, 0.0, 0.0, 0.0, 0.0, 0.0, 0.0, 0.0, 0.0, 0.0, 0.0, 0.0, 0.0, 0.0, 0.0, 0.0, 0.0, 0.0, 0.0, 0.0, 0.0, 0.0, 0.0, 0.0, 0.0, 0.0, 0.0, 0.0, 0.029781969264149666, 0.0, 0.0, 0.0, 0.0, 0.0, 0.0, 0.0, 0.0, 0.0, 0.036516573280096054, 0.0, 0.0, 0.0, 0.020751312375068665, 0.0, 0.0]]
Time 1789.366691350937
