Created graph
[-7.0, -5, -3.0]
[-6.0, -5, -4.0]
[-5.5, -5, -4.5]
[-5.25, -5, -4.75]
[-4.875, -4.75, -4.625]
[-4.9375, -4.875, -4.8125]
1000 3 250
Score: 107.27719
Signatures: [[1.3490251302719116, 1.3259906768798828, 0.45005282759666443, 0.9396122694015503, 1.1311098337173462, 1.3079909086227417, 0.4480421543121338, 1.0894180536270142, 1.1835665702819824, 1.270376205444336, 0.26162227988243103, 1.0695570707321167, 0.9416683316230774, 1.506983995437622, 0.3965192437171936, 1.3254159688949585, 0.8485766649246216, 0.6883213520050049, 0.5113009214401245, 0.885914146900177, 0.7256781458854675, 0.8725214600563049, 0.584997296333313, 1.0334504842758179, 0.44417890906333923, 0.683501660823822, 0.33387231826782227, 0.7196522951126099, 1.1138131618499756, 1.0459610223770142, 0.4961704611778259, 1.2845109701156616, 1.5785037279129028, 1.5511112213134766, 6.3492913246154785, 1.3740458488464355, 1.7345819473266602, 1.5374577045440674, 5.270671367645264, 2.0163211822509766, 1.9744459390640259, 2.3039281368255615, 6.146373271942139, 1.751818299293518, 1.598512887954712, 2.6508309841156006, 3.817650556564331, 1.9124258756637573, 0.36606407165527344, 0.6843566298484802, 0.5141348838806152, 0.39324718713760376, 0.18940894305706024, 0.734616219997406, 0.7650338411331177, 0.6280847191810608, 0.2348928600549698, 0.44131457805633545, 0.462071031332016, 0.3064112961292267, 0.3520655632019043, 0.3924326002597809, 0.28826141357421875, 0.42106014490127563, 0.8603295683860779, 0.7715010643005371, 1.195380449295044, 1.1596269607543945, 0.4239928424358368, 0.9547125101089478, 0.9989181756973267, 0.9827825427055359, 1.1844557523727417, 0.5998848080635071, 0.9334263801574707, 0.7558000087738037, 0.6739845871925354, 0.8149724006652832, 0.631992518901825, 0.5279438495635986, 0.19385001063346863, 0.19843265414237976, 0.3839326500892639, 0.2225852608680725, 0.19217431545257568, 0.3240235149860382, 0.651218831539154, 0.6608885526657104, 0.1842394769191742, 0.2617616355419159, 0.4578785300254822, 0.2734687626361847, 0.25769129395484924, 0.3142426013946533, 0.335707426071167, 0.4941791594028473], [0.0016828022198751569, 0.23584479093551636, 0.043881598860025406, 0.05626003444194794, 0.08253122866153717, 0.0, 0.0565553642809391, 0.12265399098396301, 0.0, 0.0, 0.08291054517030716, 0.02290068008005619, 1.7087514400482178, 0.5579114556312561, 0.16892077028751373, 0.46220552921295166, 0.15245692431926727, 0.14757753908634186, 0.1395409256219864, 0.11091272532939911, 0.2246077060699463, 0.004029040690511465, 0.0, 0.30093881487846375, 0.08101461827754974, 0.03246743604540825, 0.020554285496473312, 0.14023160934448242, 10.75771427154541, 3.504786729812622, 0.7847663164138794, 11.156935691833496, 0.24034391343593597, 0.0011851200833916664, 0.0, 0.06744195520877838, 0.45973894000053406, 0.053810060024261475, 0.0, 0.052935890853405, 0.17609800398349762, 0.0, 0.0, 0.2730250656604767, 8.412294387817383, 2.3497443199157715, 2.0567824840545654, 3.024869680404663, 0.0, 0.026207873597741127, 0.045966245234012604, 0.0, 0.12912385165691376, 0.0, 0.0, 0.0, 0.021724261343479156, 0.02140936627984047, 0.010895266197621822, 0.0229193028062582, 0.0, 0.02009008266031742, 0.01536753959953785, 0.0, 0.015002272091805935, 0.015007206238806248, 0.1050642877817154, 0.09500391036272049, 0.0, 0.10842037200927734, 0.0, 0.015100779943168163, 0.0, 0.0, 0.0, 0.1110934317111969, 0.012757007963955402, 0.0426182746887207, 0.0, 0.0, 0.0, 0.0, 0.00648007495328784, 0.03349004313349724, 0.010118340142071247, 0.030505504459142685, 0.0, 0.13979855179786682, 0.01045360416173935, 0.0, 0.0023154951632022858, 0.02721574530005455, 0.011224561370909214, 0.0, 0.11387699097394943, 0.039708346128463745], [0.0, 0.0, 0.0, 0.0, 0.0, 0.0, 0.0, 0.0, 0.0, 0.0, 0.0, 0.0, 0.8058651685714722, 0.2994920313358307, 0.2528620958328247, 0.5249449014663696, 0.0, 0.0, 0.0, 0.0, 0.0, 0.0, 0.0, 0.0, 0.011213601566851139, 0.0, 0.0, 0.0, 0.22828935086727142, 0.24875189363956451, 0.0, 4.342391014099121, 0.0007303844904527068, 0.0, 0.11819388717412949, 0.07415677607059479, 0.4492068588733673, 0.11169103533029556, 0.19955237209796906, 0.24252912402153015, 0.03915296867489815, 0.00010846129589481279, 0.0, 0.0, 14.524246215820312, 2.8272483348846436, 4.16779088973999, 8.460193634033203, 0.0, 0.0, 0.058947548270225525, 0.0, 0.0, 0.0, 0.0, 0.0, 0.0, 0.0, 0.0, 0.0, 0.0, 0.0, 0.0, 0.0, 0.0, 0.0, 0.0, 0.0, 0.0, 0.0, 0.0, 0.0, 0.0, 0.0, 0.0, 0.0, 0.0, 0.0, 0.0, 0.029908716678619385, 0.0, 0.0, 0.0, 0.0, 0.0, 0.0, 0.0, 0.0, 0.0, 0.03680705651640892, 0.0, 0.0, 0.0, 0.020874589681625366, 0.0, 0.0]]
Time 1844.935518026352
