Created graph
[-7.0, -5, -3.0]
[-6.0, -5, -4.0]
[-5.5, -5, -4.5]
[-5.25, -5, -4.75]
[-5.125, -5, -4.875]
[-5.0625, -5, -4.9375]
10 4 25
Score: 103.533646
Signatures: [[0.0, 0.0, 0.0, 0.0, 0.0, 0.0, 0.0, 0.0, 0.0, 0.0, 0.0, 0.0, 0.533089280128479, 0.2884744703769684, 0.19542264938354492, 0.41947489976882935, 0.0, 0.0, 0.0, 0.0, 0.0, 0.0, 0.0, 0.0, 0.002548949094489217, 0.0, 0.0, 0.0, 0.0, 0.041393671184778214, 0.0, 3.0619280338287354, 0.009845181368291378, 0.0, 0.0, 0.06674512475728989, 0.3662455976009369, 0.03359261900186539, 0.0, 0.09908697754144669, 0.0282240379601717, 0.015108879655599594, 0.0, 0.0, 12.35900592803955, 2.643549680709839, 4.203736305236816, 6.857834339141846, 0.0, 0.0, 0.04087159410119057, 0.0, 0.0, 0.0, 0.0, 0.0, 0.0020352881401777267, 0.0, 0.0, 0.0, 0.0, 0.0, 0.0, 0.0, 0.0, 0.0, 0.0, 0.0, 0.0, 0.0, 0.0, 0.0, 0.0, 0.0, 0.0, 0.0, 0.0, 0.0, 0.0, 0.05528857186436653, 0.0, 0.0, 0.0, 0.0, 0.0, 0.0, 0.0, 0.0, 0.0, 0.02941301465034485, 0.0, 0.0, 0.0, 0.0, 0.0, 0.0], [0.45418232679367065, 0.8399379253387451, 0.2781457304954529, 0.3647472858428955, 0.41003915667533875, 0.29278451204299927, 0.30322906374931335, 0.5610480904579163, 0.07612922787666321, 0.4586468040943146, 0.14030250906944275, 0.4514469802379608, 1.7608171701431274, 0.8023333549499512, 0.11348547041416168, 1.0763630867004395, 0.4453745484352112, 0.1278422623872757, 0.28306642174720764, 0.41807031631469727, 0.33918091654777527, 0.27818259596824646, 0.1918552666902542, 0.5395951867103577, 0.10749222338199615, 0.3292437493801117, 0.05250241979956627, 0.49249032139778137, 3.2101898193359375, 1.345827579498291, 0.7196853756904602, 2.786240816116333, 0.4711204171180725, 0.15000903606414795, 2.8713197708129883, 0.30843585729599, 1.073396921157837, 0.6912013292312622, 2.3727805614471436, 0.9377161860466003, 0.8378058075904846, 0.2802310883998871, 2.4414682388305664, 0.5741135478019714, 2.0932984352111816, 1.3131085634231567, 2.4462459087371826, 4.656815052032471, 0.12337732315063477, 0.20870573818683624, 0.10083740949630737, 0.0, 0.17592710256576538, 0.20465576648712158, 0.24586719274520874, 0.1965073198080063, 0.08162248134613037, 0.22456613183021545, 0.14176563918590546, 0.17384517192840576, 0.15183225274085999, 0.09223140776157379, 0.19942855834960938, 0.041038013994693756, 0.3847181499004364, 0.0, 0.6352756023406982, 0.5547152757644653, 0.0, 0.19443871080875397, 0.2195451408624649, 0.3174999952316284, 0.1864878088235855, 0.30762651562690735, 0.07273712009191513, 0.18744689226150513, 0.045550547540187836, 0.417149156332016, 0.04958105459809303, 0.0, 0.06450524181127548, 0.12065418809652328, 0.17119720578193665, 0.15970465540885925, 0.03819157928228378, 0.11009380966424942, 0.17556458711624146, 0.29164159297943115, 0.06821776181459427, 0.059376511722803116, 0.12768615782260895, 0.16802172362804413, 0.10058993101119995, 0.15026016533374786, 0.16471512615680695, 0.2132517248392105], [1.1593313217163086, 0.9976319670677185, 0.31632667779922485, 0.8139049410820007, 1.0043975114822388, 1.2439942359924316, 0.3041011095046997, 0.848950207233429, 1.2410567998886108, 1.0494877099990845, 0.2196216583251953, 0.8830797076225281, 0.19280195236206055, 1.2679383754730225, 0.3797403573989868, 0.9321198463439941, 0.7048351764678955, 0.7301275134086609, 0.425986111164093, 0.7420641779899597, 0.6428288221359253, 0.7790809273719788, 0.5089406967163086, 0.8851918578147888, 0.450063019990921, 0.5423848032951355, 0.3470962345600128, 0.5274998545646667, 0.2718484401702881, 0.753918468952179, 0.1840628832578659, 1.293483853340149, 1.4869987964630127, 1.6033012866973877, 4.799454689025879, 1.332426905632019, 1.3746402263641357, 1.2528367042541504, 4.118643760681152, 1.6620887517929077, 1.6391187906265259, 2.2973949909210205, 4.795169353485107, 1.622444748878479, 1.8854120969772339, 2.413896322250366, 2.894009828567505, 0.0, 0.2982495129108429, 0.6118627190589905, 0.5185065269470215, 0.4491267502307892, 0.12362609058618546, 0.6713023781776428, 0.6746378540992737, 0.5459161996841431, 0.21732190251350403, 0.33767998218536377, 0.41712403297424316, 0.22677093744277954, 0.27499985694885254, 0.3767421543598175, 0.18476681411266327, 0.452206552028656, 0.6688587069511414, 0.8675665259361267, 0.902194082736969, 0.9170554876327515, 0.4738694131374359, 0.9511848092079163, 0.9489016532897949, 0.8621921539306641, 1.1392663717269897, 0.4276186525821686, 0.9441770911216736, 0.746034562587738, 0.712273120880127, 0.602973222732544, 0.6476461291313171, 0.5901613831520081, 0.16600629687309265, 0.13306276500225067, 0.3108993172645569, 0.14361049234867096, 0.19432736933231354, 0.29313382506370544, 0.597136914730072, 0.5756254196166992, 0.16041961312294006, 0.2522582709789276, 0.42111870646476746, 0.197250097990036, 0.21506308019161224, 0.23855222761631012, 0.29689037799835205, 0.40957167744636536], [0.0, 0.017737459391355515, 0.0, 0.0, 0.0006138127064332366, 0.0, 0.0, 0.002253325656056404, 0.0, 0.0, 0.03724369406700134, 0.0, 1.2811421155929565, 0.32018008828163147, 0.18089614808559418, 0.23062610626220703, 0.020300522446632385, 0.08991045504808426, 0.049143049865961075, 0.004165247548371553, 0.10747027397155762, 0.0, 0.0, 0.1115923821926117, 0.05712604522705078, 0.0, 0.007698216009885073, 0.0, 9.328742980957031, 3.0018482208251953, 0.5341305136680603, 10.235726356506348, 0.1279168725013733, 0.013837593607604504, 0.0, 0.037722617387771606, 0.21211449801921844, 0.0, 0.0, 0.0, 0.027794577181339264, 0.0, 0.0, 0.1353226751089096, 8.474787712097168, 1.9253398180007935, 1.2945046424865723, 2.7240939140319824, 0.0, 0.0, 0.04853297397494316, 0.0, 0.07373208552598953, 0.0, 0.0, 0.0, 0.0, 0.0, 0.0, 0.0, 0.0, 0.004367713816463947, 0.0, 0.0, 0.0, 0.024232562631368637, 0.0, 0.0, 0.0, 0.061710700392723083, 0.0, 0.0, 0.0, 0.0, 0.0, 0.05760210379958153, 0.02623608149588108, 0.0, 0.0069532133638858795, 0.0, 0.0, 0.0, 0.0, 0.0, 0.0008438500226475298, 1.5169332982623018e-05, 0.0, 0.04669487103819847, 0.0, 0.0, 0.0, 0.0, 0.0, 0.0, 0.049338649958372116, 0.0]]
Time 1788.9816694259644
