Created graph
[-7.0, -5, -3.0]
[-6.0, -5, -4.0]
[-5.5, -5, -4.5]
[-5.25, -5, -4.75]
[-5.125, -5, -4.875]
[-5.0625, -5, -4.9375]
10 3 100
Score: 107.24559
Signatures: [[1.2251380681991577, 1.255818247795105, 0.42386725544929504, 0.8936892151832581, 1.059839129447937, 1.1986562013626099, 0.426785409450531, 1.0149723291397095, 1.064814805984497, 1.136342167854309, 0.25212037563323975, 0.9915425181388855, 1.0326248407363892, 1.48916757106781, 0.40388208627700806, 1.3382350206375122, 0.8243945837020874, 0.6534456014633179, 0.4866502285003662, 0.8362315893173218, 0.6891086101531982, 0.7992227077484131, 0.530938982963562, 0.9992311000823975, 0.4272996783256531, 0.6405027508735657, 0.31194987893104553, 0.6874160170555115, 1.3200640678405762, 1.1423386335372925, 0.4893483817577362, 1.8842095136642456, 1.4871474504470825, 1.4087657928466797, 5.719354629516602, 1.2924754619598389, 1.7162237167358398, 1.4633644819259644, 4.894171237945557, 1.9409006834030151, 1.8558595180511475, 2.1032350063323975, 5.572922229766846, 1.6600443124771118, 2.8556675910949707, 2.826464891433716, 3.9918789863586426, 2.3677709102630615, 0.3252623975276947, 0.6250033378601074, 0.49750834703445435, 0.3589918315410614, 0.1758190393447876, 0.6791964769363403, 0.7080075740814209, 0.5682750344276428, 0.22677265107631683, 0.4123269021511078, 0.43021729588508606, 0.2886984348297119, 0.31673407554626465, 0.36214765906333923, 0.271709144115448, 0.38216131925582886, 0.784355103969574, 0.695234477519989, 1.1141502857208252, 1.0822466611862183, 0.38276198506355286, 0.8916746377944946, 0.9028303623199463, 0.8896897435188293, 1.0652031898498535, 0.5469147562980652, 0.8312458395957947, 0.7069612145423889, 0.6087217330932617, 0.7452104091644287, 0.5624517202377319, 0.4948730170726776, 0.17786693572998047, 0.18156208097934723, 0.3527619242668152, 0.20950040221214294, 0.1781514585018158, 0.3012967109680176, 0.5967349410057068, 0.6133621335029602, 0.17018897831439972, 0.24989113211631775, 0.41855743527412415, 0.25911158323287964, 0.23406541347503662, 0.29248690605163574, 0.32526037096977234, 0.45705679059028625], [0.0, 0.14535021781921387, 0.011279594153165817, 0.002749650739133358, 0.012099103070795536, 0.0, 0.019218219444155693, 0.05859370157122612, 0.0, 0.0, 0.05804407596588135, 0.0, 1.582680583000183, 0.47056570649147034, 0.16261377930641174, 0.4194157123565674, 0.06936903297901154, 0.08724232017993927, 0.09347934275865555, 0.044593751430511475, 0.15170839428901672, 0.0, 0.0, 0.18245390057563782, 0.050583671778440475, 0.0, 0.0005487639573402703, 0.06828610599040985, 9.572860717773438, 3.1166305541992188, 0.6893470287322998, 9.909008979797363, 0.13898560404777527, 0.0, 0.0, 0.034740690141916275, 0.43600940704345703, 0.021057097241282463, 0.0, 0.030527550727128983, 0.07625994831323624, 0.0, 0.0, 0.13576212525367737, 7.606688022613525, 2.1266238689422607, 2.0220298767089844, 2.6144728660583496, 0.0, 0.00023404356034006923, 0.045727334916591644, 0.0, 0.11042443662881851, 0.0, 0.0, 0.0, 0.004712274298071861, 6.759006737411255e-06, 0.0, 0.00495340209454298, 0.0, 0.0024038569536060095, 6.713585662510013e-06, 0.0, 0.0, 0.0, 0.04269537702202797, 0.020706690847873688, 0.0, 0.04497511684894562, 0.0, 0.0, 0.0, 0.0, 0.0, 0.051214877516031265, 0.0, 0.0010832793777808547, 0.0, 0.0, 0.0, 0.0, 0.0, 0.014999384991824627, 5.792680894955993e-05, 0.008801019750535488, 0.0, 0.08909308165311813, 0.0, 0.0, 0.0, 0.0054121012799441814, 0.0, 0.0, 0.07778288424015045, 0.013138476759195328], [0.0, 0.0, 0.0, 0.0, 0.0, 0.0, 0.0, 0.0, 0.0, 0.0, 0.0, 0.0, 0.5998992323875427, 0.17395126819610596, 0.17967568337917328, 0.3540373146533966, 0.0, 0.0, 0.0, 0.0, 0.0, 0.0, 0.0, 0.0, 1.0795592970680445e-06, 0.0, 0.0, 0.0, 0.41797304153442383, 0.2178724706172943, 0.0, 4.050595283508301, 0.0, 0.0, 0.0, 0.008281752467155457, 0.2403394877910614, 0.019228890538215637, 0.0, 0.07527497410774231, 0.0, 0.0, 0.0, 0.0, 12.936017990112305, 2.3029932975769043, 3.2488901615142822, 7.62981653213501, 0.0, 0.0, 0.010865796357393265, 0.0, 0.0, 0.0, 0.0, 0.0, 0.0, 0.0, 0.0, 0.0, 0.0, 0.0, 0.0, 0.0, 0.0, 0.0, 0.0, 0.0, 0.0, 0.0, 0.0, 0.0, 0.0, 0.0, 0.0, 0.0, 0.0, 0.0, 0.0, 9.375616173201706e-06, 0.0, 0.0, 0.0, 0.0, 0.0, 0.0, 0.0, 0.0, 0.0, 0.016936808824539185, 0.0, 0.0, 0.0, 0.0015365210128948092, 0.0, 0.0]]
Time 1787.8324601650238
