Created graph
[-7.0, -5, -3.0]
[-6.0, -5, -4.0]
[-5.5, -5, -4.5]
[-5.25, -5, -4.75]
[-4.875, -4.75, -4.625]
[-4.9375, -4.875, -4.8125]
1000 4 100
Score: 104.900856
Signatures: [[0.735186755657196, 1.2874752283096313, 0.3742498755455017, 0.7166209816932678, 0.9025242924690247, 0.7818406820297241, 0.3636097311973572, 0.7053225040435791, 0.3364507555961609, 0.6427119970321655, 0.2546534240245819, 0.8745118975639343, 2.2947747707366943, 1.6812652349472046, 0.22155122458934784, 2.0694332122802734, 0.8682425022125244, 0.6908029317855835, 0.7235995531082153, 0.9893745183944702, 0.9905696511268616, 0.7424874901771545, 0.34436333179473877, 1.340471863746643, 0.43473348021507263, 0.6959224939346313, 0.2796960473060608, 0.95497065782547, 5.395854949951172, 2.842700481414795, 0.9679213166236877, 4.991362571716309, 1.0991911888122559, 0.3757833242416382, 0.9237768054008484, 0.6523130536079407, 1.4728381633758545, 0.7485918998718262, 0.0, 1.0552215576171875, 0.5954198241233826, 0.013972326181828976, 0.0, 1.2237308025360107, 2.445809841156006, 2.456556797027588, 1.0795787572860718, 2.9982080459594727, 0.08508644253015518, 0.3688773512840271, 0.2983437478542328, 0.07343180477619171, 0.3135971426963806, 0.4507668912410736, 0.47750571370124817, 0.50737065076828, 0.2134498506784439, 0.29078009724617004, 0.25685301423072815, 0.21002046763896942, 0.13108931481838226, 0.1681550145149231, 0.23657672107219696, 0.2523844540119171, 0.2763613164424896, 0.3672919273376465, 0.5183509588241577, 0.6936089396476746, 0.13418127596378326, 0.41139331459999084, 0.47234678268432617, 0.47885170578956604, 0.0005186270573176444, 0.24029168486595154, 0.0, 0.4091642498970032, 0.07228460162878036, 0.3380725085735321, 0.016843009740114212, 0.17052341997623444, 0.06811846047639847, 0.14892028272151947, 0.3148551285266876, 0.18869417905807495, 0.1034206971526146, 0.24699299037456512, 0.42016148567199707, 0.6406899690628052, 0.14580249786376953, 0.17952392995357513, 0.3268529176712036, 0.2509087324142456, 0.11859004199504852, 0.10097901523113251, 0.39580973982810974, 0.3219856023788452], [0.0, 0.0, 0.0, 0.0, 0.0, 0.0, 0.0, 0.0, 0.0, 0.0, 0.0, 0.0, 0.8171692490577698, 0.0, 0.12363143265247345, 0.0, 0.0, 0.0, 0.0, 0.0, 0.0, 0.0, 0.0, 0.0, 0.0, 0.0, 0.0, 0.0, 9.129559516906738, 2.5774688720703125, 0.40713760256767273, 10.736967086791992, 0.0, 0.0, 0.13013797998428345, 0.0, 0.0, 0.0, 0.5010276436805725, 0.0, 0.07770049571990967, 0.020453987643122673, 0.5260440111160278, 0.0, 9.623908042907715, 1.8060531616210938, 2.2359087467193604, 2.6083688735961914, 0.0, 0.0, 0.0, 0.0, 0.013460046611726284, 0.0, 0.0, 0.0, 0.0, 0.0, 0.0, 0.0, 0.0, 0.0, 0.0, 0.0, 0.0, 0.0, 0.0011531953932717443, 0.0, 0.0, 0.019832488149404526, 0.0, 0.0, 0.05179841071367264, 0.0, 0.008855200372636318, 0.0047610169276595116, 0.04591574892401695, 0.0, 0.04467078670859337, 0.0, 0.0, 0.0, 0.0, 0.0, 0.0, 0.0, 0.0, 0.0, 0.0, 0.0, 0.0, 0.0, 0.0, 0.0, 0.0, 0.0], [0.0, 0.0, 0.0, 0.0, 0.0, 0.0, 0.0, 0.0, 0.0, 0.0, 0.006582539062947035, 0.0, 0.9516838788986206, 0.3684619665145874, 0.27371644973754883, 0.46358436346054077, 0.0, 0.0, 0.0, 0.0, 0.0, 0.0, 0.0, 0.0, 0.0, 0.0, 0.0, 0.0, 0.0, 0.23420554399490356, 0.017791176214814186, 3.3069186210632324, 0.011550498194992542, 0.0, 0.2811499238014221, 0.05606226995587349, 0.5650942325592041, 0.09925665706396103, 0.27946534752845764, 0.16144242882728577, 0.09848051518201828, 0.11133956164121628, 0.0, 0.0, 13.54139518737793, 2.888117551803589, 4.317234992980957, 8.348684310913086, 0.0, 0.0, 0.06515715271234512, 0.0, 0.0, 0.0, 0.0, 0.0, 0.0, 0.0, 0.0, 0.0, 0.0, 0.0, 0.0, 0.0, 0.0, 0.0, 0.0, 0.0, 0.0, 0.0, 0.0, 0.0, 0.0, 0.0, 0.0, 0.0, 0.0, 0.0, 0.0, 0.035138268023729324, 0.0, 0.0, 0.0, 0.0, 0.0, 0.0, 0.0, 0.0, 0.0, 0.018247276544570923, 0.0, 0.0, 0.0, 0.01765741966664791, 0.0, 0.0], [1.069252371788025, 0.8579533696174622, 0.3038262724876404, 0.6432660222053528, 0.7876148223876953, 0.9846106767654419, 0.3101353347301483, 0.8262444138526917, 1.1041933298110962, 1.0172513723373413, 0.1784706860780716, 0.7045338153839111, 0.2754373848438263, 0.9274224042892456, 0.3136354088783264, 0.5754382014274597, 0.507066547870636, 0.4409305155277252, 0.2387303113937378, 0.48138728737831116, 0.3044055700302124, 0.5455154776573181, 0.4415881335735321, 0.532787561416626, 0.2797901928424835, 0.378002792596817, 0.22041857242584229, 0.3316960036754608, 0.0, 0.23109771311283112, 0.20126491785049438, 0.04541369900107384, 1.189531922340393, 1.4955307245254517, 6.315493583679199, 1.1445115804672241, 1.2221107482910156, 1.261757254600525, 5.472971439361572, 1.6453064680099487, 1.8309499025344849, 2.4167213439941406, 6.548440456390381, 1.3659231662750244, 0.6250141859054565, 1.8250913619995117, 3.421718120574951, 0.7549293041229248, 0.35822823643684387, 0.5355513095855713, 0.4070272445678711, 0.3829413652420044, 0.0833238810300827, 0.5418360233306885, 0.5710408091545105, 0.41987374424934387, 0.14915156364440918, 0.32662084698677063, 0.3532320261001587, 0.2227693498134613, 0.31068506836891174, 0.3385886251926422, 0.192604660987854, 0.3154207468032837, 0.7824276089668274, 0.6382749080657959, 1.0587184429168701, 0.9241021275520325, 0.3898778557777405, 0.8586812019348145, 0.8207553029060364, 0.8213462233543396, 1.2680259943008423, 0.516360878944397, 1.0415387153625488, 0.6355473399162292, 0.6792698502540588, 0.7261989712715149, 0.6709423661231995, 0.4713418781757355, 0.1715361475944519, 0.1364060938358307, 0.2393081784248352, 0.1545749008655548, 0.1527855545282364, 0.23249724507331848, 0.478213906288147, 0.4308876395225525, 0.12503129243850708, 0.19483040273189545, 0.3232504427433014, 0.17315088212490082, 0.22300243377685547, 0.2866112291812897, 0.20296300947666168, 0.37558358907699585]]
Time 1800.4888863563538
