Created graph
[-7.0, -5, -3.0]
[-6.0, -5, -4.0]
[-5.5, -5, -4.5]
[-5.25, -5, -4.75]
[-4.875, -4.75, -4.625]
[-4.9375, -4.875, -4.8125]
5000 3 25
Score: 106.33996
Signatures: [[0.017955871298909187, 0.34495246410369873, 0.07006112486124039, 0.09613044559955597, 0.1250552088022232, 0.0, 0.06681709736585617, 0.1694113314151764, 0.0, 0.0, 0.10938656330108643, 0.032041653990745544, 1.9001487493515015, 0.6738765239715576, 0.21789169311523438, 0.6683169603347778, 0.2045343965291977, 0.20514553785324097, 0.2021183967590332, 0.1601666957139969, 0.30802345275878906, 0.028817227110266685, 0.0, 0.41097360849380493, 0.11918140947818756, 0.0595833845436573, 0.03343196585774422, 0.2023048996925354, 12.044999122619629, 4.212133407592773, 0.9197990894317627, 12.616029739379883, 0.33102405071258545, 0.015154356136918068, 0.0, 0.1218184232711792, 0.6208637952804565, 0.12199411541223526, 0.0, 0.11019614338874817, 0.21789224445819855, 0.0, 0.0, 0.35418498516082764, 10.403267860412598, 3.0004682540893555, 2.6030232906341553, 3.3213284015655518, 0.0, 0.04420611634850502, 0.09229113906621933, 0.0, 0.1749894618988037, 0.0, 9.369837243866641e-06, 0.0, 0.028783872723579407, 0.030962003394961357, 0.01848643459379673, 0.03495769575238228, 2.6346710001234896e-05, 0.031458307057619095, 0.017583975568413734, 0.001797713921405375, 0.031178513541817665, 0.03628182411193848, 0.14450283348560333, 0.13447295129299164, 0.0, 0.15778788924217224, 0.0048235817812383175, 0.03942102938890457, 0.0, 0.000735852459911257, 0.0, 0.15305772423744202, 0.02588091976940632, 0.05774225294589996, 0.0, 0.0, 0.0, 0.004032917320728302, 0.015144799835979939, 0.04736952483654022, 0.016124485060572624, 0.051680564880371094, 0.0, 0.20647206902503967, 0.016304299235343933, 0.0, 0.01200319267809391, 0.04031325876712799, 0.02085839956998825, 0.0, 0.15906603634357452, 0.059912391006946564], [0.0, 0.0, 0.0, 0.0, 0.0, 0.0, 0.0, 0.0, 0.0, 0.0, 0.0, 0.0, 1.3228237628936768, 0.4142152965068817, 0.2891400456428528, 0.575961709022522, 0.0, 0.0, 0.0, 0.0, 0.0, 0.0, 0.0, 0.0, 0.0009708348661661148, 0.0, 0.0, 0.0, 2.511630058288574, 0.8072068095207214, 0.11369422823190689, 7.476648807525635, 0.00012290445738472044, 0.0, 0.06601960957050323, 0.06153886765241623, 0.5215986967086792, 0.08206004649400711, 0.14844991266727448, 0.22511959075927734, 0.04613027349114418, 0.0, 0.0, 0.0, 17.799129486083984, 3.413161516189575, 4.907970905303955, 10.426446914672852, 0.0, 0.0, 0.04188260808587074, 0.0, 0.0, 0.0, 0.0, 0.0, 0.0, 8.661442052471102e-07, 0.0, 0.0, 0.0, 0.0, 0.0, 0.0, 0.0, 0.0, 0.0, 0.0, 0.0, 0.0, 0.0, 0.0, 0.0, 0.0, 0.0, 0.0, 0.0, 0.0, 0.0, 0.025200260803103447, 0.0, 0.0, 0.0, 0.0, 0.0, 0.0, 0.0, 0.0, 0.0, 0.03785167261958122, 0.0, 0.0, 0.0, 0.016973089426755905, 0.0, 0.0], [1.5397906303405762, 1.5135955810546875, 0.5130835771560669, 1.0700984001159668, 1.293502926826477, 1.495192527770996, 0.5201005339622498, 1.2323075532913208, 1.3488197326660156, 1.4382191896438599, 0.30482831597328186, 1.2228511571884155, 1.0703411102294922, 1.7499717473983765, 0.46862736344337463, 1.529138207435608, 0.9732359647750854, 0.78964763879776, 0.5767368078231812, 1.010648488998413, 0.827325701713562, 0.9928558468818665, 0.6807366013526917, 1.1842390298843384, 0.5124948024749756, 0.779033899307251, 0.37774041295051575, 0.8254445791244507, 1.0652580261230469, 1.1612640619277954, 0.5675259232521057, 1.3595174551010132, 1.7999905347824097, 1.7764419317245483, 7.294297218322754, 1.5647450685501099, 2.0015244483947754, 1.7713056802749634, 6.148258686065674, 2.334458589553833, 2.275364875793457, 2.6328508853912354, 7.060887813568115, 2.0234501361846924, 1.9866340160369873, 3.090092420578003, 4.491859436035156, 2.362701654434204, 0.4180820882320404, 0.7738091945648193, 0.5949132442474365, 0.4555032253265381, 0.2128681242465973, 0.8437134623527527, 0.8835035562515259, 0.7126010656356812, 0.27225053310394287, 0.501508891582489, 0.5263379216194153, 0.352064311504364, 0.40169522166252136, 0.44786614179611206, 0.33420056104660034, 0.47987356781959534, 0.9820776581764221, 0.8764938116073608, 1.386046051979065, 1.3386873006820679, 0.4868466556072235, 1.0864828824996948, 1.1444480419158936, 1.1192820072174072, 1.3485538959503174, 0.6856806874275208, 1.0707985162734985, 0.8621163368225098, 0.7580394148826599, 0.9353036880493164, 0.7235661149024963, 0.615043044090271, 0.2269521951675415, 0.22659750282764435, 0.4396129548549652, 0.25871098041534424, 0.2187296450138092, 0.36907273530960083, 0.7496967315673828, 0.7503668665885925, 0.21284866333007812, 0.3047756850719452, 0.5235166549682617, 0.31486886739730835, 0.28973516821861267, 0.3660370707511902, 0.3846536874771118, 0.5730181336402893]]
Time 4109.949041843414
