Created graph
[-7.0, -5, -3.0]
[-6.0, -5, -4.0]
[-5.5, -5, -4.5]
[-5.25, -5, -4.75]
[-4.875, -4.75, -4.625]
[-4.9375, -4.875, -4.8125]
1000 3 5
Score: 107.48341
Signatures: [[1.3441736698150635, 1.3216463327407837, 0.448230117559433, 0.9352818131446838, 1.126199722290039, 1.3026598691940308, 0.44605183601379395, 1.0834167003631592, 1.1783044338226318, 1.2645046710968018, 0.2612772583961487, 1.063312292098999, 0.9414832592010498, 1.504076361656189, 0.3960854709148407, 1.3227386474609375, 0.8446134924888611, 0.6853728890419006, 0.509290337562561, 0.8817420601844788, 0.7226018905639648, 0.8683465123176575, 0.583585262298584, 1.0301744937896729, 0.4422905445098877, 0.6808692216873169, 0.3320341408252716, 0.7178003191947937, 1.1102920770645142, 1.0458379983901978, 0.49383488297462463, 1.2875107526779175, 1.571306824684143, 1.5437805652618408, 6.319273471832275, 1.3657180070877075, 1.7290263175964355, 1.530739665031433, 5.250678539276123, 2.0063607692718506, 1.964062213897705, 2.290614366531372, 6.109694480895996, 1.7464591264724731, 1.606583595275879, 2.64192533493042, 3.8047304153442383, 1.9135284423828125, 0.3649197518825531, 0.6799665689468384, 0.512688934803009, 0.39160171151161194, 0.18875305354595184, 0.7307965755462646, 0.7623482942581177, 0.6243412494659424, 0.23453564941883087, 0.4385437071323395, 0.4591556787490845, 0.3059767484664917, 0.34995660185813904, 0.39122503995895386, 0.28820207715034485, 0.41965171694755554, 0.8558387756347656, 0.7673946619033813, 1.1916857957839966, 1.1551998853683472, 0.42170271277427673, 0.9505085349082947, 0.9944115281105042, 0.9801856279373169, 1.178566575050354, 0.5974913239479065, 0.9282898902893066, 0.7521092891693115, 0.669812023639679, 0.8117251396179199, 0.6295983195304871, 0.5261970162391663, 0.19328352808952332, 0.19812414050102234, 0.3830004036426544, 0.2218717485666275, 0.19171260297298431, 0.3233593702316284, 0.6494663953781128, 0.6590266823768616, 0.18399091064929962, 0.2607211172580719, 0.4561307728290558, 0.27261754870414734, 0.25613933801651, 0.31334003806114197, 0.3349790573120117, 0.4939345121383667], [0.0013110318686813116, 0.23268623650074005, 0.042771488428115845, 0.05596811696887016, 0.08230827003717422, 0.0, 0.0559818260371685, 0.12133866548538208, 0.0, 0.0, 0.0813794881105423, 0.0245665293186903, 1.6861478090286255, 0.5501265525817871, 0.16448569297790527, 0.4548310935497284, 0.15012860298156738, 0.14556317031383514, 0.13690415024757385, 0.10968832671642303, 0.22151897847652435, 0.003923030104488134, 0.0, 0.2959207594394684, 0.078525111079216, 0.03204842656850815, 0.020076273009181023, 0.13777054846286774, 10.651954650878906, 3.4648048877716064, 0.7744956612586975, 11.043914794921875, 0.23819929361343384, 0.0012000642018392682, 0.0, 0.06563834846019745, 0.4509059190750122, 0.0506831519305706, 0.0, 0.04982660710811615, 0.1714773029088974, 0.0, 0.0, 0.2697950303554535, 8.244677543640137, 2.3079733848571777, 2.0155251026153564, 2.9634506702423096, 0.0, 0.026162950322031975, 0.045687898993492126, 0.0, 0.12747088074684143, 0.0, 0.0, 0.0, 0.020762383937835693, 0.021677475422620773, 0.011271703988313675, 0.021514058113098145, 0.0, 0.019559115171432495, 0.014175754971802235, 0.0, 0.014468416571617126, 0.014730115421116352, 0.10396306216716766, 0.09405301511287689, 0.0, 0.10622358322143555, 0.0, 0.013264120556414127, 0.0, 0.0, 0.0, 0.10912664234638214, 0.012987153604626656, 0.04162713512778282, 0.0, 0.0, 0.0, 0.0, 0.005800239741802216, 0.032963354140520096, 0.009497861377894878, 0.029549213126301765, 0.0, 0.13673245906829834, 0.009748315438628197, 0.0, 0.0024563611950725317, 0.026233302429318428, 0.011343427933752537, 0.0, 0.11174548417329788, 0.038262899965047836], [0.0, 0.0, 0.0, 0.0, 0.0, 0.0, 0.0, 0.0, 0.0, 0.0, 0.0, 0.0, 0.7768914103507996, 0.2914847433567047, 0.24864527583122253, 0.5117362141609192, 0.0, 0.0, 0.0, 0.0, 0.0, 0.0, 0.0, 0.0, 0.012660578824579716, 0.0, 0.0, 0.0, 0.18079480528831482, 0.22906389832496643, 0.0, 4.175347328186035, 0.001012201071716845, 0.0, 0.12521560490131378, 0.07521839439868927, 0.4387432932853699, 0.11234819889068604, 0.20154008269309998, 0.24098534882068634, 0.042701009660959244, 0.0008286468801088631, 0.0, 0.0, 14.18338394165039, 2.7580819129943848, 4.073737621307373, 8.24659252166748, 0.0, 0.0, 0.05718173459172249, 0.0, 0.0, 0.0, 0.0, 0.0, 0.0, 0.0, 0.0, 0.0, 0.0, 0.0, 0.0, 0.0, 0.0, 0.0, 0.0, 0.0, 0.0, 0.0, 0.0, 0.0, 0.0, 0.0, 0.0, 0.0, 0.0, 0.0, 0.0, 0.02940812148153782, 0.0, 0.0, 0.0, 0.0, 0.0, 0.0, 0.0, 0.0, 0.0, 0.0360562838613987, 0.0, 0.0, 0.0, 0.020449386909604073, 0.0, 0.0]]
Time 1784.9574048519135
