Created graph
[-7.0, -5, -3.0]
[-6.0, -5, -4.0]
[-5.5, -5, -4.5]
[-5.25, -5, -4.75]
[-5.125, -5, -4.875]
[-5.0625, -5, -4.9375]
1 4 200
Score: 103.53503
Signatures: [[0.0, 0.0, 0.0, 0.0, 0.0, 0.0, 0.0, 0.0, 0.0, 0.0, 0.0, 0.0, 0.5328735113143921, 0.28833869099617004, 0.19533662497997284, 0.4193574786186218, 0.0, 0.0, 0.0, 0.0, 0.0, 0.0, 0.0, 0.0, 0.0025239659007638693, 0.0, 0.0, 0.0, 0.0, 0.04109182581305504, 0.0, 3.060004711151123, 0.009802883490920067, 0.0, 0.0, 0.06667041778564453, 0.3661557734012604, 0.03354049101471901, 0.0, 0.09908223897218704, 0.028170136734843254, 0.014928309246897697, 0.0, 0.0, 12.354035377502441, 2.642364740371704, 4.202215194702148, 6.855786323547363, 0.0, 0.0, 0.04083522781729698, 0.0, 0.0, 0.0, 0.0, 0.0, 0.0020374779123812914, 0.0, 0.0, 0.0, 0.0, 0.0, 0.0, 0.0, 0.0, 0.0, 0.0, 0.0, 0.0, 0.0, 0.0, 0.0, 0.0, 0.0, 0.0, 0.0, 0.0, 0.0, 0.0, 0.05521358549594879, 0.0, 0.0, 0.0, 0.0, 0.0, 0.0, 0.0, 0.0, 0.0, 0.029364529997110367, 0.0, 0.0, 0.0, 0.0, 0.0, 0.0], [0.45423784852027893, 0.839731752872467, 0.2782120108604431, 0.36470675468444824, 0.4098440110683441, 0.2927098572254181, 0.30319851636886597, 0.5609765648841858, 0.07623340934515, 0.4587690234184265, 0.1402234435081482, 0.45132505893707275, 1.7597572803497314, 0.8014851212501526, 0.11342790722846985, 1.0752606391906738, 0.44516608119010925, 0.12760378420352936, 0.2829379141330719, 0.4178884029388428, 0.33901718258857727, 0.2779892683029175, 0.19189321994781494, 0.5392424464225769, 0.1074279397726059, 0.32907581329345703, 0.052494753152132034, 0.49232468008995056, 3.207017660140991, 1.3443163633346558, 0.7192550301551819, 2.781759262084961, 0.4710269868373871, 0.1502019166946411, 2.87245512008667, 0.3083283305168152, 1.0726344585418701, 0.6912408471107483, 2.3738460540771484, 0.9371995329856873, 0.8378966450691223, 0.2807292342185974, 2.4435746669769287, 0.5736463665962219, 2.089268445968628, 1.3109897375106812, 2.4446165561676025, 4.652263164520264, 0.12345419824123383, 0.20863214135169983, 0.1008668839931488, 0.0, 0.17586104571819305, 0.204683318734169, 0.24598504602909088, 0.1965813785791397, 0.0815848782658577, 0.22458504140377045, 0.14175629615783691, 0.17383740842342377, 0.15191026031970978, 0.09226926416158676, 0.1994185447692871, 0.04095930978655815, 0.384903222322464, 0.0, 0.6354925036430359, 0.554734468460083, 0.0, 0.19444121420383453, 0.21945615112781525, 0.3177238404750824, 0.1867978423833847, 0.30759501457214355, 0.07315678149461746, 0.18744197487831116, 0.04564420506358147, 0.41732877492904663, 0.049805913120508194, 0.0, 0.06449998915195465, 0.12066838890314102, 0.1712237000465393, 0.15967035293579102, 0.03816341981291771, 0.11008083820343018, 0.17569266259670258, 0.2917158305644989, 0.06818336248397827, 0.05940532311797142, 0.12771914899349213, 0.16805148124694824, 0.1005573645234108, 0.1502293348312378, 0.16451305150985718, 0.2133171558380127], [1.158779501914978, 0.997031569480896, 0.3160349726676941, 0.8135458827018738, 1.004084825515747, 1.243645191192627, 0.3038599193096161, 0.848503053188324, 1.2406797409057617, 1.0489299297332764, 0.21951721608638763, 0.8827148079872131, 0.19206584990024567, 1.2676385641098022, 0.37959444522857666, 0.9318541884422302, 0.7045558094978333, 0.7300720810890198, 0.42580920457839966, 0.7417907118797302, 0.6425830721855164, 0.7788878679275513, 0.5086655020713806, 0.8848813772201538, 0.4499506950378418, 0.5422007441520691, 0.3470195233821869, 0.5272039771080017, 0.27080389857292175, 0.7536401152610779, 0.18373829126358032, 1.2936267852783203, 1.4864720106124878, 1.6027401685714722, 4.795783519744873, 1.3320751190185547, 1.37409508228302, 1.2520893812179565, 4.11536979675293, 1.6614834070205688, 1.6381667852401733, 2.2964768409729004, 4.790979385375977, 1.6220403909683228, 1.885122537612915, 2.413724422454834, 2.89247989654541, 0.0, 0.29805147647857666, 0.611657440662384, 0.5183183550834656, 0.4490371644496918, 0.12352991104125977, 0.6710175275802612, 0.6742485761642456, 0.5456458926200867, 0.2172514945268631, 0.3374587893486023, 0.4169616103172302, 0.2266133427619934, 0.27478712797164917, 0.3765749931335449, 0.18460112810134888, 0.4521636664867401, 0.6683381795883179, 0.8674319386482239, 0.9013755917549133, 0.9164652824401855, 0.47379305958747864, 0.9509097933769226, 0.9486479163169861, 0.8616621494293213, 1.1387217044830322, 0.42736926674842834, 0.9436288475990295, 0.7457846999168396, 0.7120984792709351, 0.6024447679519653, 0.6473348140716553, 0.5900511741638184, 0.16592562198638916, 0.13295036554336548, 0.3107118010520935, 0.143487811088562, 0.19429081678390503, 0.29301151633262634, 0.5968182682991028, 0.5752798318862915, 0.1603667140007019, 0.2521706819534302, 0.4209296703338623, 0.19707943499088287, 0.21498893201351166, 0.2384280115365982, 0.2968451976776123, 0.4092790484428406], [0.0, 0.017778171226382256, 0.0, 0.0, 0.0006179501069709659, 0.0, 0.0, 0.0022624675184488297, 0.0, 0.0, 0.03724494203925133, 0.0, 1.2807753086090088, 0.32019293308258057, 0.18076716363430023, 0.23072196543216705, 0.020327569916844368, 0.08989554643630981, 0.04914643242955208, 0.004184330347925425, 0.1074443906545639, 0.0, 0.0, 0.11160614341497421, 0.057100001722574234, 0.0, 0.007676909677684307, 0.0, 9.324885368347168, 3.0007805824279785, 0.5340157747268677, 10.231047630310059, 0.1278245896100998, 0.013734950684010983, 0.0, 0.03769215941429138, 0.2120792716741562, 0.0, 0.0, 0.0, 0.027761185541749, 0.0, 0.0, 0.1353359818458557, 8.469077110290527, 1.9243015050888062, 1.2934205532073975, 2.722243309020996, 0.0, 0.0, 0.048478297889232635, 0.0, 0.0737166553735733, 0.0, 0.0, 0.0, 0.0, 0.0, 0.0, 0.0, 0.0, 0.0043452829122543335, 0.0, 0.0, 0.0, 0.0241573303937912, 0.0, 0.0, 0.0, 0.06163327768445015, 0.0, 0.0, 0.0, 0.0, 0.0, 0.057541802525520325, 0.026159103959798813, 0.0, 0.006874386221170425, 0.0, 0.0, 0.0, 0.0, 0.0, 0.0008401519735343754, 1.4206966625351924e-05, 0.0, 0.04664312303066254, 0.0, 0.0, 0.0, 0.0, 0.0, 0.0, 0.04935211315751076, 0.0]]
Time 1792.6446039676666
