Created graph
[-7.0, -5, -3.0]
[-6.0, -5, -4.0]
[-5.5, -5, -4.5]
[-5.25, -5, -4.75]
[-5.125, -5, -4.875]
[-5.0625, -5, -4.9375]
0 3 250
Score: 107.25081
Signatures: [[1.2246195077896118, 1.2552629709243774, 0.42367908358573914, 0.8932963013648987, 1.0593657493591309, 1.1981408596038818, 0.42658862471580505, 1.0145567655563354, 1.0643689632415771, 1.1358819007873535, 0.25199034810066223, 0.9911019802093506, 1.032118797302246, 1.4884427785873413, 0.4036603271961212, 1.3376117944717407, 0.8240201473236084, 0.6531302332878113, 0.4864266812801361, 0.835853636264801, 0.6887898445129395, 0.7988624572753906, 0.5306821465492249, 0.9987546801567078, 0.4270944595336914, 0.6402208805084229, 0.3118157386779785, 0.6870906352996826, 1.319108247756958, 1.1417102813720703, 0.4890763759613037, 1.8827791213989258, 1.4864791631698608, 1.4081538915634155, 5.716855525970459, 1.2919179201126099, 1.7154083251953125, 1.4627121686935425, 4.8918938636779785, 1.9400012493133545, 1.855013370513916, 2.102344512939453, 5.570444583892822, 1.659269094467163, 2.853299140930176, 2.8250885009765625, 3.9898760318756104, 2.3663485050201416, 0.325125128030777, 0.6247286200523376, 0.49728158116340637, 0.35882747173309326, 0.17573441565036774, 0.6788934469223022, 0.7076836824417114, 0.568033754825592, 0.22666826844215393, 0.41214534640312195, 0.4300292730331421, 0.288563996553421, 0.3165940046310425, 0.3619898855686188, 0.2715848982334137, 0.38199615478515625, 0.7840030789375305, 0.6949336528778076, 1.113610029220581, 1.0817375183105469, 0.3825935423374176, 0.891288161277771, 0.9024333357810974, 0.8893019556999207, 1.0647635459899902, 0.5466784834861755, 0.8308841586112976, 0.7066389322280884, 0.6084798574447632, 0.7448779344558716, 0.5622137784957886, 0.4946468472480774, 0.1777816265821457, 0.18148210644721985, 0.3526087999343872, 0.20939500629901886, 0.17807181179523468, 0.30115604400634766, 0.5964723229408264, 0.6130796074867249, 0.17011016607284546, 0.24978123605251312, 0.4183743894100189, 0.25899046659469604, 0.2339671403169632, 0.2923537790775299, 0.3251045048236847, 0.4568345248699188], [0.0, 0.1452443152666092, 0.011268478818237782, 0.00274352403357625, 0.012088416144251823, 0.0, 0.019207052886486053, 0.05855384096503258, 0.0, 0.0, 0.058006733655929565, 0.0, 1.5816048383712769, 0.4703291356563568, 0.16248518228530884, 0.4191511273384094, 0.06932103633880615, 0.08719264715909958, 0.09341160207986832, 0.0445643812417984, 0.15160100162029266, 0.0, 0.0, 0.18232664465904236, 0.05055400729179382, 0.0, 0.0005466098082251847, 0.0682530626654625, 9.567172050476074, 3.1147634983062744, 0.6888428330421448, 9.902019500732422, 0.13887754082679749, 0.0, 0.0, 0.03471686318516731, 0.4356386959552765, 0.021041328087449074, 0.0, 0.030514130368828773, 0.07620507478713989, 0.0, 0.0, 0.13567963242530823, 7.599137306213379, 2.1247899532318115, 2.0199477672576904, 2.6111271381378174, 0.0, 0.000230599835049361, 0.04569416493177414, 0.0, 0.11034150421619415, 0.0, 0.0, 0.0, 0.004712796304374933, 6.3648412833572365e-06, 0.0, 0.004949883092194796, 0.0, 0.002398675074800849, 6.937148100405466e-06, 0.0, 0.0, 0.0, 0.042679592967033386, 0.020688362419605255, 0.0, 0.04493238031864166, 0.0, 0.0, 0.0, 0.0, 0.0, 0.051180265843868256, 0.0, 0.001078321016393602, 0.0, 0.0, 0.0, 0.0, 0.0, 0.014988338574767113, 5.716786108678207e-05, 0.008793657645583153, 0.0, 0.08902609348297119, 0.0, 0.0, 0.0, 0.0054091219790279865, 0.0, 0.0, 0.07772724330425262, 0.013132734224200249], [0.0, 0.0, 0.0, 0.0, 0.0, 0.0, 0.0, 0.0, 0.0, 0.0, 0.0, 0.0, 0.599199116230011, 0.17367015779018402, 0.17955973744392395, 0.3537066876888275, 0.0, 0.0, 0.0, 0.0, 0.0, 0.0, 0.0, 0.0, 5.530875455406203e-07, 0.0, 0.0, 0.0, 0.4157485067844391, 0.21697640419006348, 0.0, 4.046535015106201, 0.0, 0.0, 0.0, 0.008249428123235703, 0.24016636610031128, 0.019190244376659393, 0.0, 0.07520408928394318, 0.0, 0.0, 0.0, 0.0, 12.928771018981934, 2.3013453483581543, 3.247051239013672, 7.625525951385498, 0.0, 0.0, 0.010849225334823132, 0.0, 0.0, 0.0, 0.0, 0.0, 0.0, 0.0, 0.0, 0.0, 0.0, 0.0, 0.0, 0.0, 0.0, 0.0, 0.0, 0.0, 0.0, 0.0, 0.0, 0.0, 0.0, 0.0, 0.0, 0.0, 0.0, 0.0, 0.0, 8.422006430919282e-06, 0.0, 0.0, 0.0, 0.0, 0.0, 0.0, 0.0, 0.0, 0.0, 0.016916289925575256, 0.0, 0.0, 0.0, 0.0015330107416957617, 0.0, 0.0]]
Time 2876.1742601394653
