Created graph
[-7.0, -5, -3.0]
[-6.0, -5, -4.0]
[-5.5, -5, -4.5]
[-5.25, -5, -4.75]
[-5.125, -5, -4.875]
[-5.0625, -5, -4.9375]
1 4 50
Score: 103.534904
Signatures: [[0.0, 0.0, 0.0, 0.0, 0.0, 0.0, 0.0, 0.0, 0.0, 0.0, 0.0, 0.0, 0.5328640937805176, 0.2883318066596985, 0.19533318281173706, 0.4193490445613861, 0.0, 0.0, 0.0, 0.0, 0.0, 0.0, 0.0, 0.0, 0.002522249473258853, 0.0, 0.0, 0.0, 0.0, 0.041073989123106, 0.0, 3.05987811088562, 0.009803436696529388, 0.0, 0.0, 0.06666935235261917, 0.36615467071533203, 0.03354101628065109, 0.0, 0.09907956421375275, 0.02817082218825817, 0.014926960691809654, 0.0, 0.0, 12.353805541992188, 2.6423091888427734, 4.202147960662842, 6.855702877044678, 0.0, 0.0, 0.04083435237407684, 0.0, 0.0, 0.0, 0.0, 0.0, 0.0020364196971058846, 0.0, 0.0, 0.0, 0.0, 0.0, 0.0, 0.0, 0.0, 0.0, 0.0, 0.0, 0.0, 0.0, 0.0, 0.0, 0.0, 0.0, 0.0, 0.0, 0.0, 0.0, 0.0, 0.055210962891578674, 0.0, 0.0, 0.0, 0.0, 0.0, 0.0, 0.0, 0.0, 0.0, 0.02936417981982231, 0.0, 0.0, 0.0, 0.0, 0.0, 0.0], [0.45423170924186707, 0.8397265672683716, 0.2782125174999237, 0.3646947145462036, 0.40984416007995605, 0.2927044630050659, 0.3031962513923645, 0.5609806180000305, 0.07623429596424103, 0.4587656557559967, 0.14022372663021088, 0.4513190984725952, 1.7597479820251465, 0.8014843463897705, 0.11342304944992065, 1.0752776861190796, 0.4451558589935303, 0.12760484218597412, 0.2829473316669464, 0.41788867115974426, 0.33901888132095337, 0.2779897153377533, 0.19189655780792236, 0.5392359495162964, 0.10742615163326263, 0.3290756344795227, 0.05249468609690666, 0.49232175946235657, 3.207026243209839, 1.3443199396133423, 0.7192500233650208, 2.7817468643188477, 0.4710202217102051, 0.1501978486776352, 2.872467517852783, 0.30832552909851074, 1.0725996494293213, 0.6912269592285156, 2.3737995624542236, 0.9371852278709412, 0.8378808498382568, 0.2807181775569916, 2.4435670375823975, 0.5736383199691772, 2.089134931564331, 1.310984492301941, 2.44462251663208, 4.652185916900635, 0.12345405668020248, 0.20863234996795654, 0.10086234658956528, 0.0, 0.1758640855550766, 0.2046804130077362, 0.24597468972206116, 0.19658194482326508, 0.08158612251281738, 0.2245812714099884, 0.14175744354724884, 0.173831045627594, 0.15191100537776947, 0.09226623177528381, 0.19941623508930206, 0.04095849022269249, 0.38490334153175354, 0.0, 0.6354917287826538, 0.5547343492507935, 0.0, 0.1944376677274704, 0.21945859491825104, 0.31772688031196594, 0.1867995709180832, 0.3075903058052063, 0.0731562077999115, 0.18744680285453796, 0.045646123588085175, 0.4173264503479004, 0.049801379442214966, 0.0, 0.06450022011995316, 0.12066788226366043, 0.17121832072734833, 0.15967011451721191, 0.038162801414728165, 0.11008041352033615, 0.17569389939308167, 0.2917223274707794, 0.06818152219057083, 0.05940314382314682, 0.1277167648077011, 0.1680506318807602, 0.10055811703205109, 0.15022671222686768, 0.16451428830623627, 0.21332181990146637], [1.1587740182876587, 0.9970245957374573, 0.31603091955184937, 0.813547670841217, 1.0040769577026367, 1.2436410188674927, 0.30385738611221313, 0.8484882712364197, 1.2406718730926514, 1.0489217042922974, 0.21951565146446228, 0.8827117085456848, 0.19205504655838013, 1.2676316499710083, 0.37959471344947815, 0.9318318367004395, 0.7045559287071228, 0.7300698161125183, 0.4258002042770386, 0.7417844533920288, 0.6425765752792358, 0.7788812518119812, 0.5086597800254822, 0.8848791718482971, 0.4499501585960388, 0.5421962738037109, 0.3470175862312317, 0.5272006392478943, 0.2707626223564148, 0.7536272406578064, 0.18373484909534454, 1.29360830783844, 1.4864672422409058, 1.6027345657348633, 4.795721530914307, 1.3320679664611816, 1.3741040229797363, 1.2520866394042969, 4.11536169052124, 1.6614773273468018, 1.638161063194275, 2.2964699268341064, 4.790929317474365, 1.6220370531082153, 1.8851665258407593, 2.413706064224243, 2.892442464828491, 0.0, 0.2980490028858185, 0.6116516590118408, 0.5183185338973999, 0.44903579354286194, 0.12352631986141205, 0.6710139513015747, 0.6742508411407471, 0.5456410646438599, 0.21724985539913177, 0.3374573886394501, 0.4169570803642273, 0.22661525011062622, 0.2747833728790283, 0.37657487392425537, 0.18460054695606232, 0.45216190814971924, 0.6683301329612732, 0.8674264550209045, 0.9013672471046448, 0.916455864906311, 0.47379085421562195, 0.9509060382843018, 0.9486392140388489, 0.8616536855697632, 1.138711929321289, 0.42736735939979553, 0.9436224699020386, 0.7457758784294128, 0.7120928764343262, 0.6024389266967773, 0.6473334431648254, 0.5900505781173706, 0.1659242808818817, 0.13294939696788788, 0.3107127249240875, 0.1434861570596695, 0.19429048895835876, 0.2930101156234741, 0.5968137979507446, 0.5752725005149841, 0.16036684811115265, 0.25217047333717346, 0.42092859745025635, 0.19707734882831573, 0.21498604118824005, 0.23842740058898926, 0.29684269428253174, 0.4092729985713959], [0.0, 0.017774788662791252, 0.0, 0.0, 0.0006173961446620524, 0.0, 0.0, 0.0022606137208640575, 0.0, 0.0, 0.03724340349435806, 0.0, 1.2807596921920776, 0.32018592953681946, 0.18076616525650024, 0.2307138293981552, 0.02032773569226265, 0.08989229798316956, 0.04914185404777527, 0.0041825841180980206, 0.10744114220142365, 0.0, 0.0, 0.11160366237163544, 0.05710002779960632, 0.0, 0.007676349021494389, 0.0, 9.324799537658691, 3.000758409500122, 0.5340093374252319, 10.23099422454834, 0.127821147441864, 0.013734007254242897, 0.0, 0.03769000992178917, 0.21207590401172638, 0.0, 0.0, 0.0, 0.027760012075304985, 0.0, 0.0, 0.1353316754102707, 8.469000816345215, 1.924283742904663, 1.2933851480484009, 2.722193717956543, 0.0, 0.0, 0.048478662967681885, 0.0, 0.07371454685926437, 0.0, 0.0, 0.0, 0.0, 0.0, 0.0, 0.0, 0.0, 0.004345253575593233, 0.0, 0.0, 0.0, 0.024156108498573303, 0.0, 0.0, 0.0, 0.06163159757852554, 0.0, 0.0, 0.0, 0.0, 0.0, 0.05753873661160469, 0.026157626882195473, 0.0, 0.006874781101942062, 0.0, 0.0, 0.0, 0.0, 0.0, 0.0008399089565500617, 1.4112406461208593e-05, 0.0, 0.04663834348320961, 0.0, 0.0, 0.0, 0.0, 0.0, 0.0, 0.04934972524642944, 0.0]]
Time 1796.2100706100464
