Created graph
[-7.0, -5, -3.0]
[-6.0, -5, -4.0]
[-5.5, -5, -4.5]
[-5.25, -5, -4.75]
[-4.875, -4.75, -4.625]
[-4.9375, -4.875, -4.8125]
1000 3 200
Score: 107.46743
Signatures: [[1.350447177886963, 1.326646089553833, 0.45025521516799927, 0.9402942657470703, 1.131615400314331, 1.3089696168899536, 0.4483930170536041, 1.0899689197540283, 1.1845566034317017, 1.2715916633605957, 0.26184484362602234, 1.0701192617416382, 0.9432137608528137, 1.50771963596344, 0.39651167392730713, 1.3262497186660767, 0.8491938710212708, 0.6887815594673157, 0.5118345618247986, 0.8867543339729309, 0.726238489151001, 0.8733738660812378, 0.5854579210281372, 1.0344237089157104, 0.4443728029727936, 0.6841627955436707, 0.3341997265815735, 0.720119297504425, 1.1161140203475952, 1.0469034910202026, 0.49682116508483887, 1.2852598428726196, 1.5792455673217773, 1.5517886877059937, 6.352600574493408, 1.3745365142822266, 1.7358256578445435, 1.5385518074035645, 5.27205753326416, 2.0170445442199707, 1.9751662015914917, 2.3053677082061768, 6.149253845214844, 1.7530829906463623, 1.5937961339950562, 2.6533541679382324, 3.817082166671753, 1.913319706916809, 0.3663167953491211, 0.6846451759338379, 0.5144415497779846, 0.39358213543891907, 0.18959768116474152, 0.7352291941642761, 0.7657725811004639, 0.6284769177436829, 0.23508678376674652, 0.4414964020252228, 0.462387353181839, 0.30673718452453613, 0.3522690534591675, 0.39264968037605286, 0.2884942889213562, 0.4214644134044647, 0.8607296943664551, 0.7718517780303955, 1.1959247589111328, 1.1604150533676147, 0.42436665296554565, 0.9554219245910645, 0.999687910079956, 0.9835608005523682, 1.1853011846542358, 0.6004077792167664, 0.9339190125465393, 0.7562592029571533, 0.6740158200263977, 0.8154946565628052, 0.6324417591094971, 0.5280648469924927, 0.19396066665649414, 0.19862516224384308, 0.38432371616363525, 0.22276735305786133, 0.1924300491809845, 0.32419079542160034, 0.6516513824462891, 0.6614069938659668, 0.18437616527080536, 0.2623741924762726, 0.45814788341522217, 0.2737477123737335, 0.2580146789550781, 0.3145916163921356, 0.33602482080459595, 0.49461862444877625], [0.0018552520778030157, 0.23648403584957123, 0.043990544974803925, 0.056500665843486786, 0.08309215307235718, 0.0, 0.05652284249663353, 0.12321367859840393, 0.0, 0.0, 0.08279106020927429, 0.02339731901884079, 1.7068504095077515, 0.5561334490776062, 0.16749320924282074, 0.46178242564201355, 0.15223737061023712, 0.1474369466304779, 0.13947288691997528, 0.11076177656650543, 0.224328875541687, 0.004177478142082691, 0.0, 0.30046623945236206, 0.08055562525987625, 0.03252573311328888, 0.02049347758293152, 0.14045779407024384, 10.735688209533691, 3.495612382888794, 0.7838053107261658, 11.13397216796875, 0.24083462357521057, 0.0013552423333749175, 0.0, 0.06769068539142609, 0.46055126190185547, 0.05447715148329735, 0.0, 0.052406445145606995, 0.17574220895767212, 0.0, 0.0, 0.27302414178848267, 8.395365715026855, 2.3410747051239014, 2.053295135498047, 3.0284969806671143, 0.0, 0.02627643756568432, 0.04658310487866402, 0.0, 0.1290571093559265, 0.0, 0.0, 0.0, 0.021663300693035126, 0.021533988416194916, 0.010985269211232662, 0.02291114814579487, 0.0, 0.020168062299489975, 0.015500538982450962, 0.0, 0.01536618173122406, 0.01528739370405674, 0.10543883591890335, 0.0952310562133789, 0.0, 0.10834366828203201, 0.0, 0.01525187585502863, 0.0, 0.0, 0.0, 0.11090263724327087, 0.01313614472746849, 0.04272855445742607, 0.0, 0.0, 0.0, 0.0, 0.006499384995549917, 0.03345255181193352, 0.01005440391600132, 0.030640125274658203, 0.0, 0.1397726684808731, 0.010488594882190228, 0.0, 0.0024075855035334826, 0.027167528867721558, 0.011224943213164806, 0.0, 0.11363182961940765, 0.03980789706110954], [0.0, 0.0, 0.0, 0.0, 0.0, 0.0, 0.0, 0.0, 0.0, 0.0, 0.0, 0.0, 0.8034001588821411, 0.30131134390830994, 0.25469449162483215, 0.5250234007835388, 0.0, 0.0, 0.0, 0.0, 0.0, 0.0, 0.0, 0.0, 0.012107421644032001, 0.0, 0.0, 0.0, 0.23692584037780762, 0.2553088068962097, 0.0, 4.356037139892578, 0.000467419478809461, 0.0, 0.12032197415828705, 0.07426189631223679, 0.4478323459625244, 0.11119920760393143, 0.2036934196949005, 0.24390806257724762, 0.03992462903261185, 0.0002592685632407665, 0.0, 0.0, 14.53961181640625, 2.830078363418579, 4.172684669494629, 8.446622848510742, 0.0, 0.0, 0.058395806699991226, 0.0, 0.0, 0.0, 0.0, 0.0, 0.0, 0.0, 0.0, 0.0, 0.0, 0.0, 0.0, 0.0, 0.0, 0.0, 0.0, 0.0, 0.0, 0.0, 0.0, 0.0, 0.0, 0.0, 0.0, 0.0, 0.0, 0.0, 0.0, 0.030493592843413353, 0.0, 0.0, 0.0, 0.0, 0.0, 0.0, 0.0, 0.0, 0.0, 0.03655092418193817, 0.0, 0.0, 0.0, 0.020892754197120667, 0.0, 0.0]]
Time 1793.5501191616058
