Created graph
[-7.0, -5, -3.0]
[-6.0, -5, -4.0]
[-5.5, -5, -4.5]
[-5.25, -5, -4.75]
[-4.875, -4.75, -4.625]
[-4.9375, -4.875, -4.8125]
5000 3 100
Score: 106.16678
Signatures: [[0.026557357981801033, 0.3620823323726654, 0.07593335211277008, 0.10088727623224258, 0.1284206211566925, 0.0, 0.0706857219338417, 0.17353315651416779, 0.0, 0.0, 0.11375899612903595, 0.032424625009298325, 1.9570063352584839, 0.6955572366714478, 0.22395414113998413, 0.7008545398712158, 0.21614815294742584, 0.21482765674591064, 0.2115720510482788, 0.16777411103248596, 0.32329192757606506, 0.0345747210085392, 0.0, 0.42721301317214966, 0.12339197099208832, 0.06455478817224503, 0.03574554994702339, 0.21222129464149475, 12.205873489379883, 4.312176704406738, 0.9449777007102966, 12.9042387008667, 0.3379010260105133, 0.018310729414224625, 0.0, 0.1285494863986969, 0.6554799675941467, 0.13481196761131287, 0.0, 0.12942641973495483, 0.23396089673042297, 0.0, 0.0, 0.3663123548030853, 10.586591720581055, 3.0729618072509766, 2.6109986305236816, 3.3980746269226074, 0.0, 0.045186847448349, 0.09356863796710968, 0.0, 0.18100494146347046, 0.0, 0.0006090958486311138, 0.0, 0.030892005190253258, 0.03083912283182144, 0.019164327532052994, 0.037533342838287354, 0.00013231694174464792, 0.03417409956455231, 0.018400928005576134, 0.004411674104630947, 0.03080121986567974, 0.03836603835225105, 0.1509687751531601, 0.13945364952087402, 0.0, 0.16499648988246918, 0.006052070762962103, 0.04787154868245125, 0.0, 0.00170381017960608, 0.0, 0.1578340083360672, 0.026496654376387596, 0.061702098697423935, 0.0, 0.0, 0.0, 0.00398098211735487, 0.018971260637044907, 0.04971429333090782, 0.01784193515777588, 0.05366041883826256, 0.0, 0.21725508570671082, 0.019030220806598663, 0.0, 0.01398953702300787, 0.045657072216272354, 0.021451830863952637, 0.0, 0.16589930653572083, 0.06413057446479797], [0.0, 0.0, 0.0, 0.0, 0.0, 0.0, 0.0, 0.0, 0.0, 0.0, 0.0, 0.0, 1.3691774606704712, 0.42196378111839294, 0.2968043386936188, 0.582781195640564, 0.0, 0.0, 0.0, 0.0, 0.0, 0.0, 0.0, 0.0, 0.00039521357393823564, 0.0, 0.0, 0.0, 2.7362210750579834, 0.8516308665275574, 0.11752842366695404, 7.732924461364746, 0.0002831960446201265, 0.0, 0.05390019714832306, 0.058077920228242874, 0.52064049243927, 0.07595816999673843, 0.1415383368730545, 0.21343545615673065, 0.036270156502723694, 0.0, 0.0, 0.0, 18.317909240722656, 3.5317018032073975, 5.081498622894287, 10.731184959411621, 0.0, 0.0, 0.04301007091999054, 0.0, 0.0, 0.0, 0.0, 0.0, 0.0, 0.0, 0.0, 0.0, 0.0, 0.0, 0.0, 0.0, 0.0, 0.0, 0.0, 0.0, 0.0, 0.0, 0.0, 0.0, 0.0, 0.0, 0.0, 0.0, 0.0, 0.0, 0.0, 0.02426941879093647, 0.0, 0.0, 0.0, 0.0, 0.0, 0.0, 0.0, 0.0, 0.0, 0.03849486634135246, 0.0, 0.0, 0.0, 0.016400188207626343, 0.0, 0.0], [1.5427658557891846, 1.516573190689087, 0.512542724609375, 1.0738015174865723, 1.2985665798187256, 1.502101182937622, 0.5212929844856262, 1.2416621446609497, 1.3554924726486206, 1.4458203315734863, 0.3052738904953003, 1.2295387983322144, 1.06709623336792, 1.7540569305419922, 0.46874555945396423, 1.53224515914917, 0.974830150604248, 0.7903684377670288, 0.5774685144424438, 1.0129331350326538, 0.825681209564209, 0.9957571625709534, 0.6822858452796936, 1.187483549118042, 0.5133657455444336, 0.7800278067588806, 0.3795160949230194, 0.8258209824562073, 1.069143533706665, 1.1556077003479004, 0.5694019794464111, 1.351359486579895, 1.8099421262741089, 1.787277340888977, 7.338106155395508, 1.5751532316207886, 2.0092334747314453, 1.7793421745300293, 6.179457664489746, 2.3464207649230957, 2.2911369800567627, 2.6500155925750732, 7.11295223236084, 2.0301029682159424, 2.0008068084716797, 3.095904588699341, 4.519477367401123, 2.3730311393737793, 0.41926389932632446, 0.7801768183708191, 0.598598837852478, 0.45703986287117004, 0.21274720132350922, 0.8485198020935059, 0.8862997889518738, 0.7171086072921753, 0.27232441306114197, 0.505796492099762, 0.5299466252326965, 0.35336077213287354, 0.404512494802475, 0.44831687211990356, 0.3354159891605377, 0.48147404193878174, 0.9894527196884155, 0.8809406757354736, 1.3889552354812622, 1.3432114124298096, 0.4897523820400238, 1.091301441192627, 1.1499791145324707, 1.1210694313049316, 1.3572065830230713, 0.6887544393539429, 1.077719807624817, 0.8673354387283325, 0.7641676068305969, 0.9388998746871948, 0.7269733548164368, 0.6176257133483887, 0.22736214101314545, 0.22733725607395172, 0.4395625591278076, 0.2581878900527954, 0.21874350309371948, 0.3708213269710541, 0.7518773078918457, 0.7505803108215332, 0.21197907626628876, 0.305711954832077, 0.5247117280960083, 0.3138224184513092, 0.2914538085460663, 0.36776262521743774, 0.38394373655319214, 0.5721642374992371]]
Time 4122.214054822922
