Created graph
[-7.0, -5, -3.0]
[-6.0, -5, -4.0]
[-5.5, -5, -4.5]
[-5.25, -5, -4.75]
[-4.875, -4.75, -4.625]
[-4.6875, -4.625, -4.5625]
100 3 250
Score: 110.87627
Signatures: [[1.3226628303527832, 1.2249040603637695, 0.42000019550323486, 0.8753968477249146, 1.0618441104888916, 1.2658004760742188, 0.4141060709953308, 1.0464121103286743, 1.1856735944747925, 1.2726035118103027, 0.23808729648590088, 0.9923386573791504, 0.724640429019928, 1.3326793909072876, 0.3383862376213074, 1.1526875495910645, 0.784147322177887, 0.6348198056221008, 0.47938302159309387, 0.8273612856864929, 0.6747218370437622, 0.8280329704284668, 0.5581842064857483, 0.9474681615829468, 0.40491336584091187, 0.6298449635505676, 0.31310904026031494, 0.6663632392883301, 0.4533851146697998, 0.7344873547554016, 0.41429784893989563, 0.11039571464061737, 1.4932178258895874, 1.5127954483032227, 6.111379146575928, 1.3076586723327637, 1.5623165369033813, 1.429467797279358, 4.975718975067139, 1.8709310293197632, 1.8613595962524414, 2.2384965419769287, 5.960528373718262, 1.6379989385604858, 0.0, 2.132005453109741, 3.187835693359375, 1.1446340084075928, 0.37210163474082947, 0.6597207188606262, 0.472105473279953, 0.38400188088417053, 0.17666296660900116, 0.7025803923606873, 0.7247390151023865, 0.6232059001922607, 0.21320953965187073, 0.41194799542427063, 0.43032047152519226, 0.28497377038002014, 0.3453899025917053, 0.37684059143066406, 0.26513147354125977, 0.41313520073890686, 0.8293776512145996, 0.7521461248397827, 1.1320363283157349, 1.0880215167999268, 0.4234921336174011, 0.9219048023223877, 0.9728806018829346, 0.9459643959999084, 1.1929326057434082, 0.5816167593002319, 0.9476493000984192, 0.7213970422744751, 0.6668928265571594, 0.7933621406555176, 0.6313570737838745, 0.4966766834259033, 0.185749813914299, 0.18862436711788177, 0.3666757345199585, 0.2073657363653183, 0.18171845376491547, 0.3071821928024292, 0.6263620853424072, 0.6204720735549927, 0.17215734720230103, 0.2434479296207428, 0.4336744546890259, 0.25367891788482666, 0.2530301511287689, 0.2984637916088104, 0.30764755606651306, 0.4671538770198822], [0.07980954647064209, 0.33898240327835083, 0.08237628638744354, 0.12130764126777649, 0.1643511801958084, 0.03487832844257355, 0.09302007406949997, 0.18012164533138275, 0.01478929165750742, 0.04073535278439522, 0.09966444969177246, 0.09171073138713837, 1.5694446563720703, 0.571443498134613, 0.1446719467639923, 0.47162267565727234, 0.21628454327583313, 0.19756098091602325, 0.1669202297925949, 0.1802348792552948, 0.27069953083992004, 0.07423458248376846, 0.03662480041384697, 0.38193413615226746, 0.08626370131969452, 0.1020909920334816, 0.0483311302959919, 0.19607868790626526, 10.310169219970703, 3.374711036682129, 0.7655771374702454, 10.596951484680176, 0.2550770938396454, 0.07837129384279251, 0.0, 0.0681663230061531, 0.3995049297809601, 0.058205801993608475, 0.0, 0.04886937886476517, 0.1853376030921936, 0.0, 0.0, 0.3911454975605011, 7.228300094604492, 2.147382974624634, 1.4937831163406372, 2.483011484146118, 0.0, 0.06383097171783447, 0.03043898567557335, 0.005244736559689045, 0.13060639798641205, 0.01305109728127718, 0.041454147547483444, 0.0, 0.03787258639931679, 0.05035548284649849, 0.042851828038692474, 0.045341260731220245, 0.016989022493362427, 0.04141175001859665, 0.04992634057998657, 0.019783271476626396, 0.05773050710558891, 0.057790711522102356, 0.17090144753456116, 0.18291161954402924, 0.0, 0.1559973508119583, 0.050614241510629654, 0.08948266506195068, 0.00035115022910758853, 0.011028554290533066, 0.0, 0.15351884067058563, 0.037552110850811005, 0.08935076743364334, 0.023372195661067963, 0.0, 0.0024739813525229692, 0.015187314711511135, 0.03754274919629097, 0.0497015155851841, 0.02335253730416298, 0.053080152720212936, 0.024949505925178528, 0.19209252297878265, 0.0305345356464386, 0.0, 0.03463616967201233, 0.050473496317863464, 0.027510738000273705, 0.0, 0.13445019721984863, 0.06832534819841385], [0.0, 0.0, 0.0, 0.0, 0.0, 0.0, 0.0, 0.0002800285874400288, 0.0, 0.0, 0.0, 0.03859395533800125, 0.8370327949523926, 0.36066246032714844, 0.2778112590312958, 0.5735981464385986, 0.0, 0.0, 0.0, 0.0, 0.0, 0.0, 0.0, 0.0, 0.03976672887802124, 0.0, 0.0, 0.0, 0.0, 0.16923090815544128, 0.0, 3.736794948577881, 0.09147216379642487, 0.0, 0.6169522404670715, 0.16420207917690277, 0.5847572684288025, 0.22329725325107574, 0.6345977187156677, 0.3937624990940094, 0.16394074261188507, 0.13175149261951447, 0.33880338072776794, 0.0017448064172640443, 13.914834022521973, 2.839658260345459, 4.534917831420898, 8.072554588317871, 0.0, 0.0032204894814640284, 0.11304102092981339, 0.0, 0.0, 0.01584293693304062, 0.0, 0.0, 0.007399987429380417, 0.008772666566073895, 0.0027271017897874117, 7.663488213438541e-05, 0.0, 0.0, 0.0, 0.0, 0.0, 0.0, 0.0, 0.0, 0.0, 0.0, 0.0, 0.0, 0.0, 0.024588454514741898, 0.0, 0.0, 0.0, 0.0, 0.0, 0.06669598817825317, 0.00459272088482976, 0.0, 0.0, 0.0, 0.0, 0.0, 0.0, 0.0, 0.0, 0.0507408007979393, 0.0, 0.0, 0.0, 0.04143774136900902, 0.0, 0.0]]
Time 2834.9750561714172
