Created graph
[-7.0, -5, -3.0]
[-6.0, -5, -4.0]
[-5.5, -5, -4.5]
[-5.25, -5, -4.75]
[-4.875, -4.75, -4.625]
[-4.6875, -4.625, -4.5625]
1000 3 25
Score: 110.96083
Signatures: [[1.4361289739608765, 1.3367599248886108, 0.45808666944503784, 0.9537119269371033, 1.1582022905349731, 1.3776159286499023, 0.45221883058547974, 1.1354055404663086, 1.285786509513855, 1.377186894416809, 0.2611461579799652, 1.0813945531845093, 0.7891563177108765, 1.4579341411590576, 0.37075090408325195, 1.259125828742981, 0.8546125292778015, 0.6924567818641663, 0.522294819355011, 0.9005000591278076, 0.7353101372718811, 0.9012882113456726, 0.6106649041175842, 1.034369707107544, 0.4429934620857239, 0.6871087551116943, 0.34044742584228516, 0.7286813259124756, 0.5272473096847534, 0.8100854754447937, 0.45484426617622375, 0.12785570323467255, 1.6248682737350464, 1.6445480585098267, 6.644331932067871, 1.4193254709243774, 1.7035504579544067, 1.5593782663345337, 5.433475017547607, 2.0395967960357666, 2.0267045497894287, 2.43135142326355, 6.485327243804932, 1.78744637966156, 0.0, 2.319122552871704, 3.4672844409942627, 1.2248181104660034, 0.40274909138679504, 0.7162642478942871, 0.516059160232544, 0.41940227150917053, 0.19241222739219666, 0.76563560962677, 0.7914283871650696, 0.6750037670135498, 0.2332703322172165, 0.4482879638671875, 0.4686698913574219, 0.31139448285102844, 0.37490230798721313, 0.4100402891635895, 0.2901357412338257, 0.4486124813556671, 0.902864933013916, 0.8171557188034058, 1.238166332244873, 1.188360333442688, 0.459610253572464, 1.0020358562469482, 1.0570216178894043, 1.029617190361023, 1.2918975353240967, 0.6325520277023315, 1.0276974439620972, 0.7840726971626282, 0.7220335006713867, 0.8632319569587708, 0.6854541897773743, 0.5419391393661499, 0.20362700521945953, 0.2055559605360031, 0.3994824290275574, 0.2268071174621582, 0.1977836638689041, 0.33472752571105957, 0.6833505034446716, 0.6760390996932983, 0.18825751543045044, 0.2656915783882141, 0.4722787141799927, 0.27740681171417236, 0.27355045080184937, 0.32557588815689087, 0.3361337184906006, 0.5108959674835205], [0.08569174259901047, 0.38028770685195923, 0.09087974578142166, 0.13528600335121155, 0.1808082014322281, 0.03318578749895096, 0.10361415147781372, 0.2001681923866272, 0.011389604769647121, 0.040988411754369736, 0.11287785321474075, 0.09677712619304657, 1.8187216520309448, 0.6580209732055664, 0.17198240756988525, 0.5439333319664001, 0.24284625053405762, 0.2232191115617752, 0.1879446655511856, 0.20228566229343414, 0.3054685890674591, 0.08000798523426056, 0.03759680688381195, 0.43233826756477356, 0.09591257572174072, 0.11274915933609009, 0.053403452038764954, 0.21723182499408722, 11.79953670501709, 3.8689944744110107, 0.8748855590820312, 12.219366073608398, 0.29739320278167725, 0.08199530839920044, 0.0, 0.08381644636392593, 0.4676581621170044, 0.07049107551574707, 0.0, 0.06220746040344238, 0.21356840431690216, 0.0, 0.0, 0.4374653398990631, 8.546796798706055, 2.5248186588287354, 1.81632661819458, 2.9858877658843994, 0.0, 0.07267112284898758, 0.03558586537837982, 0.003017217153683305, 0.14863747358322144, 0.012724610045552254, 0.04345890134572983, 0.0, 0.04190032184123993, 0.057415418326854706, 0.04743743687868118, 0.04966142773628235, 0.017919743433594704, 0.04568691551685333, 0.054298028349876404, 0.01907806470990181, 0.06132761389017105, 0.06275396049022675, 0.18787871301174164, 0.20334509015083313, 0.0, 0.17348936200141907, 0.05432979017496109, 0.09492049366235733, 0.0, 0.013277711346745491, 0.0, 0.17161351442337036, 0.03989993408322334, 0.09705667942762375, 0.023587550967931747, 0.0, 0.0024411603808403015, 0.01629939302802086, 0.0400141179561615, 0.05563344433903694, 0.02561517246067524, 0.05921444296836853, 0.023264041170477867, 0.21557319164276123, 0.03296218812465668, 0.00021759403171017766, 0.03744494169950485, 0.0555390901863575, 0.030561737716197968, 0.0, 0.15233686566352844, 0.07548241317272186], [0.0, 0.0, 0.0, 0.0, 0.0, 0.0, 0.0, 6.933073746040463e-05, 0.0, 0.0, 0.0, 0.04297534003853798, 0.9351507425308228, 0.397702157497406, 0.3057694733142853, 0.6363161206245422, 0.0, 0.0, 0.0, 0.0, 0.0, 0.0, 0.0, 0.0, 0.04437120631337166, 0.0, 0.0, 0.0, 0.0, 0.20132488012313843, 0.0, 4.211070537567139, 0.09007545560598373, 0.0, 0.6415268182754517, 0.17270900309085846, 0.6413366198539734, 0.23687243461608887, 0.6684183478355408, 0.42601799964904785, 0.17188124358654022, 0.13247014582157135, 0.33281970024108887, 0.0, 15.504898071289062, 3.1551380157470703, 5.012331485748291, 9.014074325561523, 0.0, 0.0003731394826900214, 0.12261666357517242, 0.0, 0.0, 0.01566672883927822, 0.0, 0.0, 0.007814940065145493, 0.007374899461865425, 0.0018388316966593266, 0.00020499200036283582, 0.0, 0.0, 0.0, 0.0, 0.0, 0.0, 0.0, 0.0, 0.0, 0.0, 0.0, 0.0, 0.0, 0.022785838693380356, 0.0, 0.0, 0.0, 0.0, 0.0, 0.07126037776470184, 0.0037189216818660498, 0.0, 0.0, 0.0, 0.0, 0.0, 0.0, 0.0, 0.0, 0.055036235600709915, 0.0, 0.0, 0.0, 0.043782513588666916, 0.0, 0.0]]
Time 1787.0973284244537
