Created graph
[-7.0, -5, -3.0]
[-6.0, -5, -4.0]
[-5.5, -5, -4.5]
[-5.25, -5, -4.75]
[-5.125, -5, -4.875]
[-5.0625, -5, -4.9375]
1 3 25
Score: 107.25031
Signatures: [[1.2246625423431396, 1.2553107738494873, 0.4236952066421509, 0.8933296203613281, 1.05940580368042, 1.198183298110962, 0.42660555243492126, 1.0145899057388306, 1.064405083656311, 1.1359204053878784, 0.2520017921924591, 0.991138756275177, 1.0321648120880127, 1.4885069131851196, 0.4036796987056732, 1.3376668691635132, 0.8240531086921692, 0.6531577706336975, 0.4864467978477478, 0.8358861804008484, 0.6888178586959839, 0.7988927364349365, 0.5307047367095947, 0.9987964630126953, 0.4271124601364136, 0.6402455568313599, 0.31182676553726196, 0.687119722366333, 1.3191856145858765, 1.141764521598816, 0.48910000920295715, 1.8828976154327393, 1.4865361452102661, 1.408204197883606, 5.717057704925537, 1.2919648885726929, 1.715478777885437, 1.462767481803894, 4.892086982727051, 1.940077304840088, 1.8550848960876465, 2.1024158000946045, 5.570643901824951, 1.6593352556228638, 2.853502035140991, 2.825206756591797, 3.990049123764038, 2.3664700984954834, 0.32513657212257385, 0.6247506737709045, 0.4973013699054718, 0.3588411211967468, 0.17574192583560944, 0.6789183616638184, 0.7077109813690186, 0.5680537819862366, 0.22667764127254486, 0.4121605455875397, 0.4300445318222046, 0.2885754108428955, 0.31660526990890503, 0.3620026707649231, 0.27159583568573, 0.382009357213974, 0.784031093120575, 0.6949584484100342, 1.1136564016342163, 1.0817803144454956, 0.3826075494289398, 0.8913198709487915, 0.9024661183357239, 0.8893342614173889, 1.0647987127304077, 0.546698272228241, 0.8309134840965271, 0.7066653370857239, 0.6084985136985779, 0.7449051737785339, 0.5622327327728271, 0.4946660101413727, 0.1777890920639038, 0.18148888647556305, 0.35262152552604675, 0.20940394699573517, 0.17807845771312714, 0.301168292760849, 0.5964945554733276, 0.613103985786438, 0.17011669278144836, 0.24979093670845032, 0.4183894693851471, 0.25900065898895264, 0.2339748591184616, 0.29236486554145813, 0.32511866092681885, 0.4568541646003723], [0.0, 0.1452508121728897, 0.011268533766269684, 0.002743327058851719, 0.012088554911315441, 0.0, 0.019207509234547615, 0.0585564523935318, 0.0, 0.0, 0.05800902098417282, 0.0, 1.5816915035247803, 0.47034773230552673, 0.1624956876039505, 0.4191698431968689, 0.06932315975427628, 0.08719518780708313, 0.09341579675674438, 0.04456528276205063, 0.15160787105560303, 0.0, 0.0, 0.18233469128608704, 0.05055565387010574, 0.0, 0.000546599505469203, 0.06825384497642517, 9.567655563354492, 3.114914894104004, 0.6888846158981323, 9.90262222290039, 0.1388838142156601, 0.0, 0.0, 0.034716952592134476, 0.43566715717315674, 0.02104037255048752, 0.0, 0.030513107776641846, 0.07620641589164734, 0.0, 0.0, 0.13568370044231415, 7.599780082702637, 2.124939441680908, 2.0201220512390137, 2.611408233642578, 0.0, 0.0002306512906216085, 0.04569587856531143, 0.0, 0.11034799367189407, 0.0, 0.0, 0.0, 0.004711981862783432, 6.376671535690548e-06, 0.0, 0.004949427209794521, 0.0, 0.002398785436525941, 6.889376436447492e-06, 0.0, 0.0, 0.0, 0.04267952963709831, 0.020688626915216446, 0.0, 0.04493448883295059, 0.0, 0.0, 0.0, 0.0, 0.0, 0.05118195340037346, 0.0, 0.00107838015537709, 0.0, 0.0, 0.0, 0.0, 0.0, 0.014989026822149754, 5.7164663303410634e-05, 0.008793727494776249, 0.0, 0.08903001993894577, 0.0, 0.0, 0.0, 0.005408864002674818, 0.0, 0.0, 0.07773073762655258, 0.013132273219525814], [0.0, 0.0, 0.0, 0.0, 0.0, 0.0, 0.0, 0.0, 0.0, 0.0, 0.0, 0.0, 0.599255383014679, 0.17369048297405243, 0.17956867814064026, 0.35373416543006897, 0.0, 0.0, 0.0, 0.0, 0.0, 0.0, 0.0, 0.0, 5.922317427575763e-07, 0.0, 0.0, 0.0, 0.41592663526535034, 0.2170514017343521, 0.0, 4.046846389770508, 0.0, 0.0, 0.0, 0.008251992985606194, 0.24017904698848724, 0.019193146377801895, 0.0, 0.0752093642950058, 0.0, 0.0, 0.0, 0.0, 12.929349899291992, 2.3014779090881348, 3.2471935749053955, 7.625870704650879, 0.0, 0.0, 0.010850564576685429, 0.0, 0.0, 0.0, 0.0, 0.0, 0.0, 0.0, 0.0, 0.0, 0.0, 0.0, 0.0, 0.0, 0.0, 0.0, 0.0, 0.0, 0.0, 0.0, 0.0, 0.0, 0.0, 0.0, 0.0, 0.0, 0.0, 0.0, 0.0, 8.468937267025467e-06, 0.0, 0.0, 0.0, 0.0, 0.0, 0.0, 0.0, 0.0, 0.0, 0.01691754162311554, 0.0, 0.0, 0.0, 0.0015332252951338887, 0.0, 0.0]]
Time 1797.5740959644318
