Created graph
[-7.0, -5, -3.0]
[-6.0, -5, -4.0]
[-5.5, -5, -4.5]
[-5.25, -5, -4.75]
[-5.125, -5, -4.875]
[-5.0625, -5, -4.9375]
10 4 250
Score: 103.53089
Signatures: [[0.0, 0.0, 0.0, 0.0, 0.0, 0.0, 0.0, 0.0, 0.0, 0.0, 0.0, 0.0, 0.5331981778144836, 0.2885284721851349, 0.1954309344291687, 0.4195842444896698, 0.0, 0.0, 0.0, 0.0, 0.0, 0.0, 0.0, 0.0, 0.0025633559562265873, 0.0, 0.0, 0.0, 0.0, 0.04146484658122063, 0.0, 3.063002347946167, 0.009860607795417309, 0.0, 0.0, 0.06675224006175995, 0.3663225769996643, 0.03361106291413307, 0.0, 0.09910885989665985, 0.028211956843733788, 0.015087480656802654, 0.0, 0.0, 12.361189842224121, 2.644056558609009, 4.204347133636475, 6.859014987945557, 0.0, 0.0, 0.04088892042636871, 0.0, 0.0, 0.0, 0.0, 0.0, 0.0020462346728891134, 0.0, 0.0, 0.0, 0.0, 0.0, 0.0, 0.0, 0.0, 0.0, 0.0, 0.0, 0.0, 0.0, 0.0, 0.0, 0.0, 0.0, 0.0, 0.0, 0.0, 0.0, 0.0, 0.055302031338214874, 0.0, 0.0, 0.0, 0.0, 0.0, 0.0, 0.0, 0.0, 0.0, 0.029423143714666367, 0.0, 0.0, 0.0, 0.0, 0.0, 0.0], [0.4542347192764282, 0.8399734497070312, 0.27816084027290344, 0.3648815155029297, 0.41000497341156006, 0.2928520441055298, 0.3032445013523102, 0.5610635876655579, 0.076117604970932, 0.45870673656463623, 0.14029443264007568, 0.4514710605144501, 1.7609237432479858, 0.802272379398346, 0.11359310150146484, 1.0761003494262695, 0.4454576373100281, 0.1278114765882492, 0.28299587965011597, 0.41802978515625, 0.33918967843055725, 0.27812597155570984, 0.1918390393257141, 0.539627730846405, 0.10748254507780075, 0.32926684617996216, 0.05248723551630974, 0.49248120188713074, 3.2102224826812744, 1.3458664417266846, 0.7197020053863525, 2.785909414291382, 0.4711441993713379, 0.15004688501358032, 2.871469259262085, 0.3084924817085266, 1.0734763145446777, 0.6912798285484314, 2.3735086917877197, 0.9378266930580139, 0.8380099534988403, 0.2805063724517822, 2.442124366760254, 0.5741034746170044, 2.094076156616211, 1.3131394386291504, 2.4464735984802246, 4.656954288482666, 0.12340323626995087, 0.20869672298431396, 0.10087373852729797, 0.0, 0.17590132355690002, 0.20468977093696594, 0.24597181379795074, 0.19650642573833466, 0.0816139429807663, 0.2246147096157074, 0.1417456865310669, 0.17391535639762878, 0.15183083713054657, 0.09228074550628662, 0.199460968375206, 0.04103740677237511, 0.3847765028476715, 0.0, 0.6353145837783813, 0.554741382598877, 0.0, 0.19448991119861603, 0.2195453941822052, 0.317560613155365, 0.1865551769733429, 0.30768704414367676, 0.07279124110937119, 0.18740718066692352, 0.045563939958810806, 0.41725167632102966, 0.04967247694730759, 0.0, 0.06451050937175751, 0.12066416442394257, 0.17123979330062866, 0.15969933569431305, 0.03819001838564873, 0.11010085791349411, 0.17555394768714905, 0.2915687561035156, 0.06823794543743134, 0.05937662720680237, 0.12769588828086853, 0.1680680364370346, 0.10059642791748047, 0.1502983123064041, 0.16469822824001312, 0.2132238894701004], [1.1593722105026245, 0.9976975917816162, 0.31634554266929626, 0.8138685822486877, 1.0044955015182495, 1.244023323059082, 0.30412185192108154, 0.8490312099456787, 1.2411373853683472, 1.0495274066925049, 0.21963484585285187, 0.8831292390823364, 0.19278565049171448, 1.2680449485778809, 0.37969639897346497, 0.9323604106903076, 0.7048381567001343, 0.7301784753799438, 0.4260599613189697, 0.7421489953994751, 0.6428641080856323, 0.7791803479194641, 0.5089864730834961, 0.8852255344390869, 0.4500890374183655, 0.5424094796180725, 0.3471321761608124, 0.5275576710700989, 0.27195051312446594, 0.7539483904838562, 0.18408378958702087, 1.293789267539978, 1.487061858177185, 1.6033670902252197, 4.799753665924072, 1.3324790000915527, 1.3746743202209473, 1.252882480621338, 4.118457317352295, 1.6621553897857666, 1.6391183137893677, 2.2973685264587402, 4.795162200927734, 1.6225248575210571, 1.8851642608642578, 2.414048910140991, 2.8941164016723633, 0.0, 0.29825082421302795, 0.6119217276573181, 0.5185117125511169, 0.44913625717163086, 0.12365255504846573, 0.6713265180587769, 0.6746074557304382, 0.5459640622138977, 0.21733464300632477, 0.33768168091773987, 0.41717466711997986, 0.22674116492271423, 0.2750253677368164, 0.37672552466392517, 0.18476009368896484, 0.45223262906074524, 0.6688814759254456, 0.8676159381866455, 0.90223628282547, 0.9171148538589478, 0.4739007353782654, 0.9512069821357727, 0.9489664435386658, 0.8622070550918579, 1.1392974853515625, 0.42761412262916565, 0.9442073702812195, 0.7461150884628296, 0.7123117446899414, 0.6029557585716248, 0.6476271748542786, 0.5901731848716736, 0.1660124659538269, 0.13306592404842377, 0.31089144945144653, 0.1436256319284439, 0.19433757662773132, 0.29315075278282166, 0.597183346748352, 0.5757037401199341, 0.16041439771652222, 0.2522737383842468, 0.42113739252090454, 0.19723686575889587, 0.21507573127746582, 0.23854276537895203, 0.2969163954257965, 0.40961095690727234], [0.0, 0.017763128504157066, 0.0, 0.0, 0.00062152388272807, 0.0, 0.0, 0.0022661350667476654, 0.0, 0.0, 0.037262555211782455, 0.0, 1.281367301940918, 0.3202769458293915, 0.18091101944446564, 0.23072151839733124, 0.020311739295721054, 0.08994727581739426, 0.0491841584444046, 0.0041921427473425865, 0.10750307887792587, 0.0, 0.0, 0.11163735389709473, 0.05713038891553879, 0.0, 0.007705874741077423, 0.0, 9.3297119140625, 3.002163887023926, 0.5342134237289429, 10.236598014831543, 0.12795110046863556, 0.013843352906405926, 0.0, 0.03773614391684532, 0.21217823028564453, 0.0, 0.0, 0.0, 0.027803530916571617, 0.0, 0.0, 0.13538843393325806, 8.475688934326172, 1.9256386756896973, 1.2947885990142822, 2.7246921062469482, 0.0, 0.0, 0.048523664474487305, 0.0, 0.07375530898571014, 0.0, 0.0, 0.0, 0.0, 0.0, 0.0, 0.0, 0.0, 0.004364776890724897, 0.0, 0.0, 0.0, 0.024238871410489082, 0.0, 0.0, 0.0, 0.06172550842165947, 0.0, 0.0, 0.0, 0.0, 0.0, 0.05762951076030731, 0.026238733902573586, 0.0, 0.006939150393009186, 0.0, 0.0, 0.0, 0.0, 0.0, 0.0008478911477141082, 1.6027004676288925e-05, 0.0, 0.04674413427710533, 0.0, 0.0, 0.0, 0.0, 0.0, 0.0, 0.04936390370130539, 0.0]]
Time 1791.2411592006683
