Created graph
[-7.0, -5, -3.0]
[-6.0, -5, -4.0]
[-5.5, -5, -4.5]
[-5.25, -5, -4.75]
[-5.125, -5, -4.875]
[-5.0625, -5, -4.9375]
1 3 50
Score: 107.25027
Signatures: [[1.224664330482483, 1.2553131580352783, 0.4236958920955658, 0.8933308124542236, 1.0594074726104736, 1.1981850862503052, 0.42660635709762573, 1.0145918130874634, 1.0644066333770752, 1.1359219551086426, 0.2520022690296173, 0.9911400675773621, 1.0321656465530396, 1.488508939743042, 0.4036799371242523, 1.3376686573028564, 0.8240540623664856, 0.653158962726593, 0.48644742369651794, 0.8358874917030334, 0.6888185143470764, 0.7988939881324768, 0.5307056307792664, 0.9987980127334595, 0.42711326479911804, 0.6402462720870972, 0.31182730197906494, 0.6871210336685181, 1.319191813468933, 1.141767144203186, 0.4891012907028198, 1.8829015493392944, 1.4865379333496094, 1.4082058668136597, 5.717066764831543, 1.2919665575027466, 1.715481162071228, 1.462769627571106, 4.892093658447266, 1.9400802850723267, 1.8550878763198853, 2.1024186611175537, 5.570652961730957, 1.6593382358551025, 2.8535022735595703, 2.8252086639404297, 3.9900524616241455, 2.3664703369140625, 0.32513707876205444, 0.6247518062591553, 0.49730193614959717, 0.3588416278362274, 0.17574219405651093, 0.67891925573349, 0.7077119946479797, 0.5680546760559082, 0.22667795419692993, 0.4121611714363098, 0.4300452768802643, 0.2885758876800537, 0.316605806350708, 0.36200329661369324, 0.2715962529182434, 0.3820101320743561, 0.7840324640274048, 0.6949595808982849, 1.1136584281921387, 1.0817818641662598, 0.38260820508003235, 0.8913208842277527, 0.9024673700332642, 0.8893356919288635, 1.0648002624511719, 0.5466988682746887, 0.8309144973754883, 0.7066665887832642, 0.6084995865821838, 0.744906485080719, 0.562233567237854, 0.4946666359901428, 0.1777893602848053, 0.18148921430110931, 0.35262197256088257, 0.20940442383289337, 0.1780787706375122, 0.30116894841194153, 0.5964958071708679, 0.6131052374839783, 0.17011699080467224, 0.24979117512702942, 0.41839027404785156, 0.25900110602378845, 0.23397532105445862, 0.29236534237861633, 0.32511910796165466, 0.45685505867004395], [0.0, 0.14525067806243896, 0.011268588714301586, 0.002743419958278537, 0.012088431976735592, 0.0, 0.019207429140806198, 0.058556195348501205, 0.0, 0.0, 0.05800916627049446, 0.0, 1.5816963911056519, 0.47034722566604614, 0.1624961942434311, 0.41917067766189575, 0.06932390481233597, 0.08719557523727417, 0.09341619908809662, 0.044565632939338684, 0.15160852670669556, 0.0, 0.0, 0.18233561515808105, 0.05055578052997589, 0.0, 0.0005466323345899582, 0.06825406849384308, 9.567666053771973, 3.1149210929870605, 0.6888853311538696, 9.902639389038086, 0.13888470828533173, 0.0, 0.0, 0.03471729904413223, 0.43566781282424927, 0.021040678024291992, 0.0, 0.03051340952515602, 0.07620726525783539, 0.0, 0.0, 0.13568353652954102, 7.599802494049072, 2.1249442100524902, 2.0201241970062256, 2.611417770385742, 0.0, 0.00023068804875947535, 0.045696135610342026, 0.0, 0.11034826189279556, 0.0, 0.0, 0.0, 0.004712110385298729, 6.380659669957822e-06, 0.0, 0.004949616733938456, 0.0, 0.0023988180328160524, 6.88925729264156e-06, 0.0, 0.0, 0.0, 0.042679112404584885, 0.02068905532360077, 0.0, 0.04493480920791626, 0.0, 0.0, 0.0, 0.0, 0.0, 0.051182154566049576, 0.0, 0.001078316243365407, 0.0, 0.0, 0.0, 0.0, 0.0, 0.014988945797085762, 5.716729720006697e-05, 0.008793682791292667, 0.0, 0.08903013914823532, 0.0, 0.0, 0.0, 0.005408937577158213, 0.0, 0.0, 0.0777309387922287, 0.013132266700267792], [0.0, 0.0, 0.0, 0.0, 0.0, 0.0, 0.0, 0.0, 0.0, 0.0, 0.0, 0.0, 0.5992568731307983, 0.17369303107261658, 0.17956919968128204, 0.35373544692993164, 0.0, 0.0, 0.0, 0.0, 0.0, 0.0, 0.0, 0.0, 5.921363595007278e-07, 0.0, 0.0, 0.0, 0.41592833399772644, 0.2170514315366745, 0.0, 4.046858787536621, 0.0, 0.0, 0.0, 0.008252205327153206, 0.24018067121505737, 0.019193319603800774, 0.0, 0.07520978152751923, 0.0, 0.0, 0.0, 0.0, 12.929374694824219, 2.301487445831299, 3.247206687927246, 7.625891208648682, 0.0, 0.0, 0.010850604623556137, 0.0, 0.0, 0.0, 0.0, 0.0, 0.0, 0.0, 0.0, 0.0, 0.0, 0.0, 0.0, 0.0, 0.0, 0.0, 0.0, 0.0, 0.0, 0.0, 0.0, 0.0, 0.0, 0.0, 0.0, 0.0, 0.0, 0.0, 0.0, 8.48505715111969e-06, 0.0, 0.0, 0.0, 0.0, 0.0, 0.0, 0.0, 0.0, 0.0, 0.016917794942855835, 0.0, 0.0, 0.0, 0.001533223083242774, 0.0, 0.0]]
Time 1800.1679430007935
