Created graph
[-7.0, -5, -3.0]
[-6.0, -5, -4.0]
[-5.5, -5, -4.5]
[-5.25, -5, -4.75]
[-5.125, -5, -4.875]
[-5.0625, -5, -4.9375]
10 4 100
Score: 103.53279
Signatures: [[0.0, 0.0, 0.0, 0.0, 0.0, 0.0, 0.0, 0.0, 0.0, 0.0, 0.0, 0.0, 0.5330644249916077, 0.28852832317352295, 0.19543315470218658, 0.4195234477519989, 0.0, 0.0, 0.0, 0.0, 0.0, 0.0, 0.0, 0.0, 0.002562358044087887, 0.0, 0.0, 0.0, 0.0, 0.04139622673392296, 0.0, 3.0623085498809814, 0.009870237670838833, 0.0, 0.0, 0.06676595658063889, 0.36629369854927063, 0.03361671045422554, 0.0, 0.09910017997026443, 0.028231346979737282, 0.015105567872524261, 0.0, 0.0, 12.359883308410645, 2.643782138824463, 4.204020977020264, 6.858212947845459, 0.0, 0.0, 0.04088367149233818, 0.0, 0.0, 0.0, 0.0, 0.0, 0.0020414271857589483, 0.0, 0.0, 0.0, 0.0, 0.0, 0.0, 0.0, 0.0, 0.0, 0.0, 0.0, 0.0, 0.0, 0.0, 0.0, 0.0, 0.0, 0.0, 0.0, 0.0, 0.0, 0.0, 0.05530070140957832, 0.0, 0.0, 0.0, 0.0, 0.0, 0.0, 0.0, 0.0, 0.0, 0.029425475746393204, 0.0, 0.0, 0.0, 0.0, 0.0, 0.0], [0.45409682393074036, 0.8398151397705078, 0.2781151235103607, 0.3647345006465912, 0.4099041521549225, 0.2927086055278778, 0.3031919598579407, 0.5609748363494873, 0.07607880234718323, 0.4586120545864105, 0.14028319716453552, 0.4513912796974182, 1.7608861923217773, 0.8021985292434692, 0.1135408952832222, 1.0761233568191528, 0.4453134536743164, 0.12773951888084412, 0.2829497754573822, 0.4178928732872009, 0.33908721804618835, 0.27803558111190796, 0.19181197881698608, 0.5394827723503113, 0.10742533206939697, 0.3291754722595215, 0.052452389150857925, 0.4923672378063202, 3.2101004123687744, 1.3457167148590088, 0.719615638256073, 2.785848379135132, 0.47104692459106445, 0.14996296167373657, 2.871431827545166, 0.30844253301620483, 1.0733026266098022, 0.6911710500717163, 2.3733065128326416, 0.9377525448799133, 0.8378517031669617, 0.28040850162506104, 2.4420266151428223, 0.5739700198173523, 2.093951463699341, 1.3130099773406982, 2.446503162384033, 4.6569342613220215, 0.12336700409650803, 0.20866833627223969, 0.10085985064506531, 0.0, 0.17587782442569733, 0.20460869371891022, 0.24586105346679688, 0.19643591344356537, 0.0816064327955246, 0.2245769500732422, 0.14173755049705505, 0.17384931445121765, 0.15181832015514374, 0.0922393649816513, 0.19943031668663025, 0.04099418595433235, 0.38470956683158875, 0.0, 0.6352370381355286, 0.5546467304229736, 0.0, 0.19444115459918976, 0.21950304508209229, 0.3174850344657898, 0.18653137981891632, 0.3076341450214386, 0.07278195023536682, 0.18739500641822815, 0.04555796831846237, 0.4171696603298187, 0.049624741077423096, 0.0, 0.06450969725847244, 0.12064199894666672, 0.17117144167423248, 0.15967310965061188, 0.038166966289281845, 0.11007032543420792, 0.1754796802997589, 0.29150864481925964, 0.06820159405469894, 0.05934486165642738, 0.12765498459339142, 0.1680256724357605, 0.10058794915676117, 0.15026886761188507, 0.16466590762138367, 0.21319782733917236], [1.1594353914260864, 0.9977648258209229, 0.3163658082485199, 0.8139428496360779, 1.0045331716537476, 1.2440863847732544, 0.30414631962776184, 0.8490473628044128, 1.2411197423934937, 1.0495553016662598, 0.21964049339294434, 0.8831567168235779, 0.19280222058296204, 1.2680660486221313, 0.3797069787979126, 0.9323140978813171, 0.7049036622047424, 0.7302136421203613, 0.42607688903808594, 0.7422212958335876, 0.6429064273834229, 0.7792137861251831, 0.5089899301528931, 0.8852954506874084, 0.45011278986930847, 0.5424589514732361, 0.34714388847351074, 0.5276250243186951, 0.2719639241695404, 0.754021167755127, 0.18412883579730988, 1.2937731742858887, 1.4870787858963013, 1.6033647060394287, 4.79956579208374, 1.332459568977356, 1.3747464418411255, 1.2529011964797974, 4.118412971496582, 1.6621333360671997, 1.6391513347625732, 2.2973341941833496, 4.794968605041504, 1.6225751638412476, 1.8850425481796265, 2.4140233993530273, 2.893955945968628, 0.0, 0.29826608300209045, 0.6119146347045898, 0.5185037851333618, 0.4491320252418518, 0.12366550415754318, 0.6713602542877197, 0.6746626496315002, 0.545991063117981, 0.21733585000038147, 0.33769166469573975, 0.417159765958786, 0.22677980363368988, 0.2750203609466553, 0.3767428398132324, 0.18477597832679749, 0.4522513151168823, 0.668898344039917, 0.8676031231880188, 0.9022581577301025, 0.9171436429023743, 0.47388651967048645, 0.951208233833313, 0.9489620327949524, 0.8622321486473083, 1.1392667293548584, 0.42763668298721313, 0.944173276424408, 0.7460936307907104, 0.7122910022735596, 0.6029887199401855, 0.6476357579231262, 0.5901590585708618, 0.16600559651851654, 0.13307791948318481, 0.310930997133255, 0.14364178478717804, 0.19435127079486847, 0.29316309094429016, 0.5972159504890442, 0.5757291913032532, 0.16043692827224731, 0.2522853910923004, 0.4211527705192566, 0.19725967943668365, 0.2150736153125763, 0.23855552077293396, 0.2969304919242859, 0.4096207916736603], [0.0, 0.01776738651096821, 0.0, 0.0, 0.0006249449797905982, 0.0, 0.0, 0.0022681269329041243, 0.0, 0.0, 0.03725505992770195, 0.0, 1.281327247619629, 0.3202292323112488, 0.18090391159057617, 0.23070141673088074, 0.020325666293501854, 0.08994482457637787, 0.04918128624558449, 0.004201455507427454, 0.10751336812973022, 0.0, 0.0, 0.11164328455924988, 0.057140279561281204, 0.0, 0.0077109262347221375, 0.0, 9.329334259033203, 3.0021090507507324, 0.5341970324516296, 10.236468315124512, 0.1279432773590088, 0.013850579038262367, 0.0, 0.03771915286779404, 0.2121664434671402, 0.0, 0.0, 0.0, 0.02779988944530487, 0.0, 0.0, 0.13538095355033875, 8.475326538085938, 1.9255472421646118, 1.2946019172668457, 2.724514961242676, 0.0, 0.0, 0.04852531850337982, 0.0, 0.0737534761428833, 0.0, 0.0, 0.0, 0.0, 0.0, 0.0, 0.0, 0.0, 0.004369089379906654, 0.0, 0.0, 0.0, 0.024234775453805923, 0.0, 0.0, 0.0, 0.06172200292348862, 0.0, 0.0, 0.0, 0.0, 0.0, 0.05762099474668503, 0.026233769953250885, 0.0, 0.006946332287043333, 0.0, 0.0, 0.0, 0.0, 0.0, 0.0008486907463520765, 1.595170579093974e-05, 0.0, 0.04673740640282631, 0.0, 0.0, 0.0, 0.0, 0.0, 0.0, 0.04935870319604874, 0.0]]
Time 1847.2923746109009
