Created graph
[-7.0, -5, -3.0]
[-6.0, -5, -4.0]
[-5.5, -5, -4.5]
[-5.25, -5, -4.75]
[-5.125, -5, -4.875]
[-5.0625, -5, -4.9375]
10 3 25
Score: 107.24679
Signatures: [[1.225107192993164, 1.2557804584503174, 0.423857718706131, 0.893661618232727, 1.0598058700561523, 1.1986194849014282, 0.4267752170562744, 1.0149306058883667, 1.0647823810577393, 1.1363072395324707, 0.2521167993545532, 0.9915112257003784, 1.0326131582260132, 1.489140272140503, 0.4038773775100708, 1.3382116556167603, 0.824374794960022, 0.6534291505813599, 0.4866371750831604, 0.8362098932266235, 0.6890924572944641, 0.7991982698440552, 0.5309299826622009, 0.999212384223938, 0.42728930711746216, 0.6404897570610046, 0.3119395971298218, 0.6874046325683594, 1.3200021982192993, 1.1423277854919434, 0.48933443427085876, 1.8841365575790405, 1.4871084690093994, 1.4087233543395996, 5.719176292419434, 1.2924375534057617, 1.716176152229309, 1.4633203744888306, 4.894047737121582, 1.9408397674560547, 1.855804204940796, 2.1031641960144043, 5.5727152824401855, 1.660000205039978, 2.8555190563201904, 2.8263933658599854, 3.9917569160461426, 2.3676846027374268, 0.3252548277378082, 0.624980092048645, 0.4974954128265381, 0.35898274183273315, 0.17581504583358765, 0.6791738271713257, 0.707987904548645, 0.5682545304298401, 0.22676990926265717, 0.4123111665248871, 0.43020039796829224, 0.2886894643306732, 0.31672266125679016, 0.36213913559913635, 0.2717038691043854, 0.38214921951293945, 0.7843255400657654, 0.6952140927314758, 1.114127278327942, 1.0822217464447021, 0.38275057077407837, 0.8916489481925964, 0.9028075933456421, 0.889661967754364, 1.0651664733886719, 0.5468997359275818, 0.8312188982963562, 0.7069372534751892, 0.6086971759796143, 0.7451866865158081, 0.5624352097511292, 0.49486133456230164, 0.17786405980587006, 0.18155820667743683, 0.352755069732666, 0.20949634909629822, 0.17814742028713226, 0.3012872636318207, 0.5967193841934204, 0.6133467555046082, 0.1701851636171341, 0.24988487362861633, 0.4185454547405243, 0.25910526514053345, 0.23405762016773224, 0.29248008131980896, 0.3252561688423157, 0.4570506513118744], [0.0, 0.14533716440200806, 0.011274580843746662, 0.002748813945800066, 0.01210265513509512, 0.0, 0.0192145686596632, 0.058592211455106735, 0.0, 0.0, 0.05803593993186951, 0.0, 1.5825334787368774, 0.4705542325973511, 0.16260771453380585, 0.4193851947784424, 0.06935431063175201, 0.08723224699497223, 0.09346595406532288, 0.044585220515728, 0.151689350605011, 0.0, 0.0, 0.18242542445659637, 0.05057675391435623, 0.0, 0.0005476188380271196, 0.06827250868082047, 9.572300910949707, 3.1164073944091797, 0.6892845034599304, 9.908308982849121, 0.13897372782230377, 0.0, 0.0, 0.03473924845457077, 0.43595272302627563, 0.0210484117269516, 0.0, 0.030519448220729828, 0.07624520361423492, 0.0, 0.0, 0.13575603067874908, 7.605893611907959, 2.126405954360962, 2.021790027618408, 2.6141014099121094, 0.0, 0.0002334815071662888, 0.04572544991970062, 0.0, 0.11041343212127686, 0.0, 0.0, 0.0, 0.00470781559124589, 6.76452373227221e-06, 0.0, 0.004947948735207319, 0.0, 0.0024019258562475443, 6.523308911710046e-06, 0.0, 0.0, 0.0, 0.0426931157708168, 0.02070184238255024, 0.0, 0.044966284185647964, 0.0, 0.0, 0.0, 0.0, 0.0, 0.05120743066072464, 0.0, 0.001081898924894631, 0.0, 0.0, 0.0, 0.0, 0.0, 0.014997667632997036, 5.739556945627555e-05, 0.008799736388027668, 0.0, 0.0890805721282959, 0.0, 0.0, 0.0, 0.005407199263572693, 0.0, 0.0, 0.07777293026447296, 0.013133925385773182], [0.0, 0.0, 0.0, 0.0, 0.0, 0.0, 0.0, 0.0, 0.0, 0.0, 0.0, 0.0, 0.5997998714447021, 0.1738900989294052, 0.17964401841163635, 0.3539828956127167, 0.0, 0.0, 0.0, 0.0, 0.0, 0.0, 0.0, 0.0, 1.2209320630063303e-06, 0.0, 0.0, 0.0, 0.4176535904407501, 0.21775487065315247, 0.0, 4.049961566925049, 0.0, 0.0, 0.0, 0.008277548477053642, 0.24032482504844666, 0.019229726865887642, 0.0, 0.07526858150959015, 0.0, 0.0, 0.0, 0.0, 12.93499755859375, 2.302748918533325, 3.248645305633545, 7.629170894622803, 0.0, 0.0, 0.010860329493880272, 0.0, 0.0, 0.0, 0.0, 0.0, 0.0, 0.0, 0.0, 0.0, 0.0, 0.0, 0.0, 0.0, 0.0, 0.0, 0.0, 0.0, 0.0, 0.0, 0.0, 0.0, 0.0, 0.0, 0.0, 0.0, 0.0, 0.0, 0.0, 9.355588190373965e-06, 0.0, 0.0, 0.0, 0.0, 0.0, 0.0, 0.0, 0.0, 0.0, 0.01693330705165863, 0.0, 0.0, 0.0, 0.0015349474269896746, 0.0, 0.0]]
Time 1791.6029047966003
