Created graph
[-7.0, -5, -3.0]
[-6.0, -5, -4.0]
[-5.5, -5, -4.5]
[-5.25, -5, -4.75]
[-4.875, -4.75, -4.625]
[-4.9375, -4.875, -4.8125]
5000 3 5
Score: 106.21205
Signatures: [[0.02627120353281498, 0.3517955243587494, 0.07661639153957367, 0.1011112704873085, 0.13022887706756592, 0.0, 0.07143694907426834, 0.17407307028770447, 0.0, 0.0, 0.11021214723587036, 0.045183178037405014, 1.8839770555496216, 0.6833282113075256, 0.20647644996643066, 0.6477932333946228, 0.20963984727859497, 0.20720890164375305, 0.20448559522628784, 0.1651706099510193, 0.30726251006126404, 0.03784217685461044, 4.044806337333284e-05, 0.41510674357414246, 0.12082567065954208, 0.06113387271761894, 0.03719306364655495, 0.20810438692569733, 11.999371528625488, 4.168735980987549, 0.9169963598251343, 12.550588607788086, 0.3292403817176819, 0.018672922626137733, 0.0, 0.12367124110460281, 0.6268771886825562, 0.12296191602945328, 0.0, 0.12473779916763306, 0.21524274349212646, 0.0, 0.0, 0.36762431263923645, 9.937480926513672, 2.8945093154907227, 2.4649837017059326, 3.2216598987579346, 0.0, 0.047509368509054184, 0.08488176017999649, 0.0, 0.1740274727344513, 0.0, 0.0009201840148307383, 0.0, 0.02972368523478508, 0.03130636736750603, 0.023168407380580902, 0.03500525280833244, 0.0006456067785620689, 0.03297923877835274, 0.017878692597150803, 0.004600957501679659, 0.03571666404604912, 0.0391058512032032, 0.14744330942630768, 0.13896800577640533, 0.0, 0.15940847992897034, 0.006773969158530235, 0.04363681375980377, 0.0, 0.0017174010863527656, 0.0, 0.15798398852348328, 0.026335498318076134, 0.06415079534053802, 0.0, 0.0, 0.0, 0.004434507340192795, 0.018456166610121727, 0.04805005341768265, 0.01846422627568245, 0.05209605395793915, 0.0, 0.21310308575630188, 0.019888613373041153, 0.0, 0.012996756471693516, 0.04529702290892601, 0.023611629381775856, 0.0, 0.15712256729602814, 0.061878468841314316], [0.0, 0.0, 0.0, 0.0, 0.0, 0.0, 0.0, 0.0, 0.0, 0.0, 0.0, 0.0, 1.2907330989837646, 0.39728763699531555, 0.2940928041934967, 0.58207768201828, 0.0, 0.0, 0.0, 0.0, 0.0, 0.0, 0.0, 0.0, 0.0007948361453600228, 0.0, 0.0, 0.0, 2.405501127243042, 0.787743091583252, 0.10975950211286545, 7.22573709487915, 0.003094128333032131, 0.0, 0.08735392242670059, 0.06439930945634842, 0.505017101764679, 0.0820922926068306, 0.16784407198429108, 0.21213993430137634, 0.057861197739839554, 0.0, 0.0, 0.0, 17.60888671875, 3.4181830883026123, 4.911425590515137, 10.288312911987305, 0.0, 0.0, 0.04769785702228546, 0.0, 0.0, 0.0, 0.0, 0.0, 0.0, 1.775295277184341e-05, 0.0, 0.0, 0.0, 0.0, 0.0, 0.0, 0.0, 0.0, 0.0, 0.0, 0.0, 0.0, 0.0, 0.0, 0.0, 0.0, 0.0, 0.0, 0.0, 0.0, 0.0, 0.0282644834369421, 0.0, 0.0, 0.0, 0.0, 0.0, 0.0, 0.0, 0.0, 0.0, 0.038277801126241684, 0.0, 0.0, 0.0, 0.017201585695147514, 0.0, 0.0], [1.5284621715545654, 1.5012996196746826, 0.5055994987487793, 1.059515357017517, 1.282936692237854, 1.4891024827957153, 0.5151324272155762, 1.2207247018814087, 1.3423244953155518, 1.4325225353240967, 0.3028924763202667, 1.2084084749221802, 1.050673246383667, 1.7355332374572754, 0.4631829261779785, 1.5166679620742798, 0.9613118171691895, 0.7825925946235657, 0.5693020820617676, 1.0006581544876099, 0.82045578956604, 0.9835546016693115, 0.6779391765594482, 1.1759103536605835, 0.5067676305770874, 0.7728293538093567, 0.37288543581962585, 0.8177298307418823, 1.0196735858917236, 1.1305170059204102, 0.5577903985977173, 1.2817656993865967, 1.788943886756897, 1.7692112922668457, 7.259838581085205, 1.5512830018997192, 1.9810371398925781, 1.7588984966278076, 6.126220226287842, 2.319035768508911, 2.260706663131714, 2.6242904663085938, 7.020319938659668, 2.0100362300872803, 1.8900552988052368, 3.0436389446258545, 4.4378342628479, 2.2899839878082275, 0.41684287786483765, 0.7686768770217896, 0.5920401811599731, 0.45379185676574707, 0.21097713708877563, 0.8381897807121277, 0.8777866959571838, 0.7070693969726562, 0.26972320675849915, 0.49903005361557007, 0.5202733874320984, 0.3506370186805725, 0.3986012041568756, 0.4441644847393036, 0.33424583077430725, 0.47732093930244446, 0.9756515026092529, 0.8705014586448669, 1.378805160522461, 1.3269494771957397, 0.4846074879169464, 1.0781612396240234, 1.1393836736679077, 1.114590048789978, 1.3446917533874512, 0.6803399324417114, 1.0671944618225098, 0.8547013401985168, 0.7548381090164185, 0.9293556809425354, 0.7223735451698303, 0.6105578541755676, 0.22593432664871216, 0.2264951467514038, 0.43565577268600464, 0.2565882205963135, 0.21640413999557495, 0.3678937256336212, 0.7475444078445435, 0.740950345993042, 0.2094494104385376, 0.301742285490036, 0.5204033255577087, 0.30881214141845703, 0.2871684730052948, 0.3651558756828308, 0.38340818881988525, 0.5687735676765442]]
Time 4099.918999671936
