Created graph
[-7.0, -5, -3.0]
[-6.0, -5, -4.0]
[-5.5, -5, -4.5]
[-5.25, -5, -4.75]
[-5.125, -5, -4.875]
[-5.0625, -5, -4.9375]
10 4 200
Score: 103.533554
Signatures: [[0.0, 0.0, 0.0, 0.0, 0.0, 0.0, 0.0, 0.0, 0.0, 0.0, 0.0, 0.0, 0.5332093834877014, 0.2885526418685913, 0.19545337557792664, 0.41959095001220703, 0.0, 0.0, 0.0, 0.0, 0.0, 0.0, 0.0, 0.0, 0.0025644965935498476, 0.0, 0.0, 0.0, 0.0, 0.041525743901729584, 0.0, 3.0631089210510254, 0.009843925945460796, 0.0, 0.0, 0.06674126535654068, 0.3662969768047333, 0.033591873943805695, 0.0, 0.09911002963781357, 0.028213975951075554, 0.01508850697427988, 0.0, 0.0, 12.36125373840332, 2.644099712371826, 4.204460620880127, 6.858994960784912, 0.0, 0.0, 0.04087932035326958, 0.0, 0.0, 0.0, 0.0, 0.0, 0.002046214649453759, 0.0, 0.0, 0.0, 0.0, 0.0, 0.0, 0.0, 0.0, 0.0, 0.0, 0.0, 0.0, 0.0, 0.0, 0.0, 0.0, 0.0, 0.0, 0.0, 0.0, 0.0, 0.0, 0.05530374124646187, 0.0, 0.0, 0.0, 0.0, 0.0, 0.0, 0.0, 0.0, 0.0, 0.029414987191557884, 0.0, 0.0, 0.0, 0.0, 0.0, 0.0], [0.45424818992614746, 0.8400265574455261, 0.27817416191101074, 0.3648855984210968, 0.41006287932395935, 0.2928832471370697, 0.30324774980545044, 0.5610330104827881, 0.07613424956798553, 0.458703875541687, 0.14029468595981598, 0.4514787793159485, 1.7608981132507324, 0.8022869825363159, 0.11357101798057556, 1.0760942697525024, 0.445473313331604, 0.12783785164356232, 0.28299686312675476, 0.4180663228034973, 0.33921095728874207, 0.2781730592250824, 0.1918601244688034, 0.5396336913108826, 0.10750605911016464, 0.3292774260044098, 0.05249639227986336, 0.4925272762775421, 3.210115432739258, 1.3458834886550903, 0.7196978330612183, 2.786055088043213, 0.4711790382862091, 0.15008747577667236, 2.8714394569396973, 0.3084876835346222, 1.0735576152801514, 0.6913465857505798, 2.3735127449035645, 0.9378576278686523, 0.8380410671234131, 0.28046533465385437, 2.4421088695526123, 0.5741488933563232, 2.0942437648773193, 1.3131221532821655, 2.446148633956909, 4.657047271728516, 0.12340077757835388, 0.2086964249610901, 0.10088248550891876, 0.0, 0.1759217083454132, 0.20469242334365845, 0.24599704146385193, 0.19651800394058228, 0.08161253482103348, 0.22462166845798492, 0.14175473153591156, 0.17391781508922577, 0.15184113383293152, 0.0922769159078598, 0.19947727024555206, 0.041048355400562286, 0.38478711247444153, 0.0, 0.6353440284729004, 0.5547580122947693, 0.0, 0.1945338398218155, 0.21955692768096924, 0.31760159134864807, 0.18657907843589783, 0.30770352482795715, 0.07280511409044266, 0.18742628395557404, 0.04557163268327713, 0.41726982593536377, 0.04968332126736641, 0.0, 0.06451346725225449, 0.12067976593971252, 0.17125433683395386, 0.1597082018852234, 0.03819863498210907, 0.11013351380825043, 0.17557930946350098, 0.2916037440299988, 0.06824623048305511, 0.05939468368887901, 0.12771819531917572, 0.1680682748556137, 0.10060006380081177, 0.15030455589294434, 0.16468912363052368, 0.2132311463356018], [1.1593706607818604, 0.9976692199707031, 0.31633734703063965, 0.8138718008995056, 1.004457950592041, 1.2440083026885986, 0.3041228950023651, 0.84906005859375, 1.2411271333694458, 1.0495387315750122, 0.2196367233991623, 0.8831284642219543, 0.19282233715057373, 1.2680363655090332, 0.3797059655189514, 0.9323716163635254, 0.7048326134681702, 0.7301630973815918, 0.42606377601623535, 0.7421282529830933, 0.6428523063659668, 0.7791509628295898, 0.5089722275733948, 0.8852295875549316, 0.45007625222206116, 0.5424064993858337, 0.3471282720565796, 0.52752685546875, 0.2720397710800171, 0.7539339065551758, 0.18409153819084167, 1.2936793565750122, 1.4870418310165405, 1.6033337116241455, 4.799788475036621, 1.332480788230896, 1.3746312856674194, 1.252843976020813, 4.118462562561035, 1.662135124206543, 1.639096736907959, 2.297396183013916, 4.795173645019531, 1.6225049495697021, 1.8850511312484741, 2.4140679836273193, 2.8942930698394775, 0.0, 0.29825374484062195, 0.6119213700294495, 0.5185109376907349, 0.44914063811302185, 0.12364253401756287, 0.6713292002677917, 0.674595296382904, 0.545957624912262, 0.21733734011650085, 0.3376774191856384, 0.41716980934143066, 0.2267424464225769, 0.2750168740749359, 0.3767285943031311, 0.1847495436668396, 0.45222529768943787, 0.6688759326934814, 0.8676199316978455, 0.9022167325019836, 0.9171092510223389, 0.4738980233669281, 0.9511829018592834, 0.9489591717720032, 0.8621799945831299, 1.139281153678894, 0.42760491371154785, 0.9441946148872375, 0.7461041808128357, 0.71230548620224, 0.602943480014801, 0.6476208567619324, 0.5901709198951721, 0.16601087152957916, 0.13305583596229553, 0.3108837902545929, 0.143620565533638, 0.19433285295963287, 0.29312652349472046, 0.5971671938896179, 0.5756838917732239, 0.16040943562984467, 0.25226831436157227, 0.42112302780151367, 0.19724015891551971, 0.21507528424263, 0.23854081332683563, 0.29692456126213074, 0.4096093475818634], [0.0, 0.017762038856744766, 0.0, 0.0, 0.0006176250171847641, 0.0, 0.0, 0.0022715881932526827, 0.0, 0.0, 0.0372612439095974, 0.0, 1.2813442945480347, 0.32025405764579773, 0.18090012669563293, 0.23072095215320587, 0.020305460318922997, 0.08993672579526901, 0.04918345808982849, 0.004184241406619549, 0.1074947714805603, 0.0, 0.0, 0.11162929981946945, 0.057123735547065735, 0.0, 0.007702027913182974, 0.0, 9.329636573791504, 3.002102851867676, 0.5342141389846802, 10.236435890197754, 0.12794893980026245, 0.013833589851856232, 0.0, 0.0377424992620945, 0.21217672526836395, 0.0, 0.0, 0.0, 0.027796156704425812, 0.0, 0.0, 0.1353718638420105, 8.47557544708252, 1.9255567789077759, 1.294820785522461, 2.7246530055999756, 0.0, 0.0, 0.0485251322388649, 0.0, 0.07374963909387589, 0.0, 0.0, 0.0, 0.0, 0.0, 0.0, 0.0, 0.0, 0.004365118220448494, 0.0, 0.0, 0.0, 0.024236256256699562, 0.0, 0.0, 0.0, 0.0617070347070694, 0.0, 0.0, 0.0, 0.0, 0.0, 0.05762014538049698, 0.026235604658722878, 0.0, 0.006934178061783314, 0.0, 0.0, 0.0, 0.0, 0.0, 0.000845674832817167, 1.5433997759828344e-05, 0.0, 0.04673363268375397, 0.0, 0.0, 0.0, 0.0, 0.0, 0.0, 0.049363963305950165, 0.0]]
Time 1781.7592787742615
