Created graph
[-7.0, -5, -3.0]
[-6.0, -5, -4.0]
[-5.5, -5, -4.5]
[-5.25, -5, -4.75]
[-5.125, -5, -4.875]
[-5.0625, -5, -4.9375]
100 4 50
Score: 103.51954
Signatures: [[0.0, 0.0, 0.0, 0.0, 0.0, 0.0, 0.0, 0.0, 0.0, 0.0, 0.0, 0.0, 0.5357673168182373, 0.2901569902896881, 0.19631145894527435, 0.4212034344673157, 0.0, 0.0, 0.0, 0.0, 0.0, 0.0, 0.0, 0.0, 0.0028537220787256956, 0.0, 0.0, 0.0, 0.0, 0.04446515068411827, 0.0, 3.083204984664917, 0.010343266651034355, 0.0, 0.0, 0.06743954122066498, 0.3676203489303589, 0.03424448147416115, 0.0, 0.09929454326629639, 0.02877068892121315, 0.016578292474150658, 0.0, 0.0, 12.412961959838867, 2.6562507152557373, 4.2207770347595215, 6.8829522132873535, 0.0, 0.0, 0.04119638726115227, 0.0, 0.0, 0.0, 0.0, 0.0, 0.0020226051565259695, 0.0, 0.0, 0.0, 0.0, 0.0, 0.0, 0.0, 0.0, 0.0, 0.0, 0.0, 0.0, 0.0, 0.0, 0.0, 0.0, 0.0, 0.0, 0.0, 0.0, 0.0, 0.0, 0.05598488822579384, 0.0, 0.0, 0.0, 0.0, 0.0, 0.0, 0.0, 0.0, 0.0, 0.029909659177064896, 0.0, 0.0, 0.0, 0.0, 0.0, 0.0], [0.45387211441993713, 0.8421881794929504, 0.2777946889400482, 0.36511945724487305, 0.4119650423526764, 0.2936759889125824, 0.303596556186676, 0.5617946982383728, 0.07544969022274017, 0.45811402797698975, 0.1410370022058487, 0.452423632144928, 1.7710468769073486, 0.8099459409713745, 0.11442570388317108, 1.0852267742156982, 0.44695842266082764, 0.13008001446723938, 0.2839820981025696, 0.4194886088371277, 0.34074851870536804, 0.27967509627342224, 0.19181305170059204, 0.5425275564193726, 0.10771248489618301, 0.33105772733688354, 0.05238524079322815, 0.4937956929206848, 3.2417526245117188, 1.3603827953338623, 0.7233426570892334, 2.827519178390503, 0.47196272015571594, 0.14877241849899292, 2.8656539916992188, 0.3099519610404968, 1.0795996189117432, 0.6913588643074036, 2.369868755340576, 0.9431672096252441, 0.8384584188461304, 0.27763718366622925, 2.4304041862487793, 0.5787714719772339, 2.132113456726074, 1.3342149257659912, 2.464784622192383, 4.6979265213012695, 0.12296250462532043, 0.20958703756332397, 0.10066312551498413, 0.0, 0.17662295699119568, 0.2043095827102661, 0.24486644566059113, 0.19583873450756073, 0.08208899945020676, 0.22460626065731049, 0.1418846994638443, 0.17402781546115875, 0.1512933075428009, 0.09215222299098969, 0.19985447824001312, 0.04171716049313545, 0.38391274213790894, 0.0, 0.633952260017395, 0.5550071001052856, 0.0, 0.19526000320911407, 0.22093497216701508, 0.31665506958961487, 0.18513603508472443, 0.30842193961143494, 0.06983263045549393, 0.18776965141296387, 0.04524293541908264, 0.41676926612854004, 0.04808276519179344, 0.0, 0.0648094117641449, 0.12074442952871323, 0.1709747016429901, 0.16009831428527832, 0.0385129489004612, 0.11054462939500809, 0.17423714697360992, 0.29079198837280273, 0.06867488473653793, 0.0590616799890995, 0.1273096650838852, 0.16792511940002441, 0.10112796723842621, 0.15086565911769867, 0.1665925234556198, 0.2127068191766739], [1.1650731563568115, 1.0038084983825684, 0.3191278278827667, 0.8178296685218811, 1.0079418420791626, 1.2479342222213745, 0.3065601587295532, 0.8536595106124878, 1.2450227737426758, 1.0548694133758545, 0.22077366709709167, 0.8872522711753845, 0.19957564771175385, 1.271987795829773, 0.38110068440437317, 0.9362120032310486, 0.7081949710845947, 0.7311629056930542, 0.4281495213508606, 0.7453991174697876, 0.6455157399177551, 0.7816409468650818, 0.5116539001464844, 0.8889812231063843, 0.45164957642555237, 0.5443655252456665, 0.348183810710907, 0.5309634208679199, 0.2814825475215912, 0.7570174336433411, 0.1875787079334259, 1.2939268350601196, 1.4928034543991089, 1.6090070009231567, 4.833452224731445, 1.3361523151397705, 1.3812445402145386, 1.2602869272232056, 4.147176742553711, 1.668573021888733, 1.6480928659439087, 2.3058571815490723, 4.831270217895508, 1.6271252632141113, 1.8895459175109863, 2.4166882038116455, 2.908346176147461, 0.0, 0.3000521659851074, 0.6139752268791199, 0.5205891728401184, 0.4502219557762146, 0.1245749369263649, 0.6744956970214844, 0.6786670684814453, 0.548816442489624, 0.21805419027805328, 0.33984798192977905, 0.4189046025276184, 0.22836007177829742, 0.277007132768631, 0.37831127643585205, 0.18624940514564514, 0.45290830731391907, 0.6735217571258545, 0.8691230416297913, 0.9100481867790222, 0.9229701161384583, 0.47487130761146545, 0.9537979364395142, 0.9514528512954712, 0.8668086528778076, 1.1438930034637451, 0.4299059510231018, 0.9491207599639893, 0.7486724257469177, 0.7139313817024231, 0.6073901653289795, 0.6505031585693359, 0.5914535522460938, 0.166693314909935, 0.13406877219676971, 0.3128596842288971, 0.14483892917633057, 0.19476360082626343, 0.2942814826965332, 0.6006221771240234, 0.5793827772140503, 0.16093648970127106, 0.25327494740486145, 0.42320582270622253, 0.1989075243473053, 0.21572691202163696, 0.23965299129486084, 0.2975590229034424, 0.4125533103942871], [0.0, 0.01746763102710247, 0.0, 0.0, 0.0006090509705245495, 0.0, 0.0, 0.002271641744300723, 0.0, 0.0, 0.037302181124687195, 0.0, 1.2861863374710083, 0.3204355835914612, 0.18218187987804413, 0.2303123027086258, 0.020299991592764854, 0.09010826796293259, 0.049302589148283005, 0.004142630845308304, 0.10790944844484329, 0.0, 0.0, 0.11183802038431168, 0.05745241045951843, 0.0, 0.007942692376673222, 0.0, 9.370311737060547, 3.013944625854492, 0.5358772873878479, 10.28621768951416, 0.12897953391075134, 0.014728441834449768, 0.0, 0.038024164736270905, 0.2130921334028244, 0.0, 0.0, 0.0, 0.02809073217213154, 0.0, 0.0, 0.13534866273403168, 8.534468650817871, 1.9367419481277466, 1.305701494216919, 2.7459685802459717, 0.0, 0.0, 0.04906906560063362, 0.0, 0.07397709786891937, 0.0, 0.0, 0.0, 0.0, 0.0, 0.0, 0.0, 0.0, 0.0045544165186584, 0.0, 0.0, 0.0, 0.02490565925836563, 0.0, 0.0, 0.0, 0.06231171265244484, 0.0, 0.0, 0.0, 0.0, 0.0, 0.05814323574304581, 0.026825018227100372, 0.0, 0.007572116330265999, 0.0, 0.0, 0.0, 0.0, 0.0, 0.0008750060806050897, 2.232920451206155e-05, 0.0, 0.04731982946395874, 0.0, 0.0, 0.0, 0.0, 0.0, 0.0, 0.049292128533124924, 0.0]]
Time 2733.3197860717773
