Created graph
[-7.0, -5, -3.0]
[-6.0, -5, -4.0]
[-5.5, -5, -4.5]
[-5.25, -5, -4.75]
[-5.125, -5, -4.875]
[-5.0625, -5, -4.9375]
10 4 5
Score: 103.53066
Signatures: [[0.0, 0.0, 0.0, 0.0, 0.0, 0.0, 0.0, 0.0, 0.0, 0.0, 0.0, 0.0, 0.533028781414032, 0.288441002368927, 0.195424422621727, 0.41943877935409546, 0.0, 0.0, 0.0, 0.0, 0.0, 0.0, 0.0, 0.0, 0.0025426624342799187, 0.0, 0.0, 0.0, 0.0, 0.041312020272016525, 0.0, 3.0617454051971436, 0.009830169379711151, 0.0, 0.0, 0.06672970950603485, 0.36618900299072266, 0.03360326215624809, 0.0, 0.0990736335515976, 0.02821327932178974, 0.015151215717196465, 0.0, 0.0, 12.358797073364258, 2.6434860229492188, 4.203669548034668, 6.857753276824951, 0.0, 0.0, 0.04086936265230179, 0.0, 0.0, 0.0, 0.0, 0.0, 0.0020312306005507708, 0.0, 0.0, 0.0, 0.0, 0.0, 0.0, 0.0, 0.0, 0.0, 0.0, 0.0, 0.0, 0.0, 0.0, 0.0, 0.0, 0.0, 0.0, 0.0, 0.0, 0.0, 0.0, 0.055293913930654526, 0.0, 0.0, 0.0, 0.0, 0.0, 0.0, 0.0, 0.0, 0.0, 0.029409492388367653, 0.0, 0.0, 0.0, 0.0, 0.0, 0.0], [0.454222708940506, 0.8400896787643433, 0.278181254863739, 0.36480623483657837, 0.41022637486457825, 0.2928658723831177, 0.30327776074409485, 0.5610767006874084, 0.07608475536108017, 0.45869046449661255, 0.1403324156999588, 0.4515385925769806, 1.7609498500823975, 0.8025449514389038, 0.11351828277111053, 1.0765790939331055, 0.44550472497940063, 0.12797673046588898, 0.28322967886924744, 0.41831523180007935, 0.3394315242767334, 0.2783016562461853, 0.19192814826965332, 0.5398160219192505, 0.10759907960891724, 0.3293582797050476, 0.05257317051291466, 0.4927000403404236, 3.2105019092559814, 1.3464077711105347, 0.7198139429092407, 2.7867372035980225, 0.4711642265319824, 0.14996740221977234, 2.8705005645751953, 0.30839288234710693, 1.073647141456604, 0.6910858154296875, 2.3722124099731445, 0.9377049803733826, 0.8378353714942932, 0.279945969581604, 2.4402108192443848, 0.5743622779846191, 2.0931131839752197, 1.3136482238769531, 2.446059226989746, 4.657062530517578, 0.12333478778600693, 0.2087281197309494, 0.10082539916038513, 0.0, 0.17594866454601288, 0.20469141006469727, 0.2459699660539627, 0.19656583666801453, 0.08165403455495834, 0.22457674145698547, 0.14177238941192627, 0.1738642454147339, 0.15183253586292267, 0.092249296605587, 0.19946719706058502, 0.04107870161533356, 0.3847523033618927, 0.0, 0.6352039575576782, 0.5547310709953308, 0.0, 0.19447077810764313, 0.2196279615163803, 0.3175576329231262, 0.18636862933635712, 0.3076300024986267, 0.07257489114999771, 0.18750520050525665, 0.04554196819663048, 0.41720205545425415, 0.04954887926578522, 0.0, 0.06454435735940933, 0.12066106498241425, 0.17123419046401978, 0.15971256792545319, 0.038192495703697205, 0.11013247817754745, 0.17560900747776031, 0.291745662689209, 0.06828078627586365, 0.05939421057701111, 0.1277485340833664, 0.16806283593177795, 0.1005888283252716, 0.15026001632213593, 0.16478881239891052, 0.21326348185539246], [1.1592687368392944, 0.9975049495697021, 0.3162848949432373, 0.8138269782066345, 1.004223346710205, 1.2438833713531494, 0.3040542006492615, 0.8488969802856445, 1.2410573959350586, 1.0494328737258911, 0.21959835290908813, 0.8829649090766907, 0.1927855908870697, 1.267782211303711, 0.3797111511230469, 0.9319829940795898, 0.7047141194343567, 0.7299935817718506, 0.42586028575897217, 0.7418664693832397, 0.6426579356193542, 0.778960645198822, 0.5088687539100647, 0.8850230574607849, 0.44997453689575195, 0.5422728657722473, 0.34703129529953003, 0.5273205041885376, 0.2717979848384857, 0.7535975575447083, 0.18399010598659515, 1.2932703495025635, 1.4869072437286377, 1.6033066511154175, 4.7999420166015625, 1.3324114084243774, 1.3744415044784546, 1.2528772354125977, 4.118948459625244, 1.6620408296585083, 1.6390538215637207, 2.2975096702575684, 4.7959675788879395, 1.6222387552261353, 1.885586142539978, 2.413484573364258, 2.8940987586975098, 0.0, 0.2982780933380127, 0.6118233799934387, 0.5184876322746277, 0.4491136968135834, 0.12361662089824677, 0.671246349811554, 0.6745353937149048, 0.5458495020866394, 0.2172897309064865, 0.3376612961292267, 0.4170989692211151, 0.22675232589244843, 0.27498945593833923, 0.3767208158969879, 0.18473725020885468, 0.45216134190559387, 0.6688125729560852, 0.8675114512443542, 0.902229368686676, 0.9170236587524414, 0.4738377630710602, 0.9511235952377319, 0.9488101601600647, 0.8621289730072021, 1.1393146514892578, 0.42760270833969116, 0.9442694783210754, 0.7459746599197388, 0.7122486233711243, 0.6029165983200073, 0.6476512551307678, 0.5901282429695129, 0.16597230732440948, 0.13305629789829254, 0.310869961977005, 0.14359904825687408, 0.19431531429290771, 0.29310157895088196, 0.5970878005027771, 0.5755380988121033, 0.16036783158779144, 0.25223657488822937, 0.42105576395988464, 0.19720891118049622, 0.21505317091941833, 0.23854437470436096, 0.2968384027481079, 0.4095463752746582], [0.0, 0.017693059518933296, 0.0, 0.0, 0.0005994736566208303, 0.0, 0.0, 0.002238103887066245, 0.0, 0.0, 0.037233103066682816, 0.0, 1.2810360193252563, 0.32010868191719055, 0.1808723509311676, 0.23054757714271545, 0.020268013700842857, 0.08988930284976959, 0.04910065233707428, 0.004123565275222063, 0.10739926993846893, 0.0, 0.0, 0.11153343319892883, 0.057104382663965225, 0.0, 0.007687004748731852, 0.0, 9.328391075134277, 3.0016305446624756, 0.5340615510940552, 10.235222816467285, 0.12791790068149567, 0.013856679201126099, 0.0, 0.03774789348244667, 0.21205496788024902, 0.0, 0.0, 0.0, 0.027778565883636475, 0.0, 0.0, 0.13525962829589844, 8.474136352539062, 1.9251294136047363, 1.2943412065505981, 2.7236127853393555, 0.0, 0.0, 0.048541516065597534, 0.0, 0.07371716946363449, 0.0, 0.0, 0.0, 0.0, 0.0, 0.0, 0.0, 0.0, 0.004364397842437029, 0.0, 0.0, 0.0, 0.02424204908311367, 0.0, 0.0, 0.0, 0.06170939281582832, 0.0, 0.0, 0.0, 0.0, 0.0, 0.05758745223283768, 0.02624211460351944, 0.0, 0.006962894462049007, 0.0, 0.0, 0.0, 0.0, 0.0, 0.0008447759319096804, 1.4214503607945517e-05, 0.0, 0.046668943017721176, 0.0, 0.0, 0.0, 0.0, 0.0, 0.0, 0.04931853339076042, 0.0]]
Time 1793.7632067203522
