Created graph
0.1 1000
[[6.980859e+18, 0, 0], [0, 0, 0], [0, 0, 0]]
0.1 100000
[[6.980859e+18, 9.921155e+18, 0], [0, 0, 0], [0, 0, 0]]
0.1 10000000
[[6.980859e+18, 9.921155e+18, inf], [0, 0, 0], [0, 0, 0]]
1e-05 1000
[[6.980859e+18, 9.921155e+18, inf], [94.77792, 0, 0], [0, 0, 0]]
1e-05 100000
[[6.980859e+18, 9.921155e+18, inf], [94.77792, 107.53886, 0], [0, 0, 0]]
1e-05 10000000
[[6.980859e+18, 9.921155e+18, inf], [94.77792, 107.53886, 232.44261], [0, 0, 0]]
1e-09 1000
[[6.980859e+18, 9.921155e+18, inf], [94.77792, 107.53886, 232.44261], [260.35135, 0, 0]]
1e-09 100000
[[6.980859e+18, 9.921155e+18, inf], [94.77792, 107.53886, 232.44261], [260.35135, 260.66248, 0]]
1e-09 10000000
[[6.980859e+18, 9.921155e+18, inf], [94.77792, 107.53886, 232.44261], [260.35135, 260.66248, 259.87048]]
[-7.0, -5, -3.0]
[1.0, 3, 5.0]
1e-07 10.0
[[249.93086, 0, 0], [0, 0, 0], [0, 0, 0]]
1e-07 1000
[[249.93086, 250.44156, 0], [0, 0, 0], [0, 0, 0]]
1e-07 100000.0
[[249.93086, 250.44156, 250.17442], [0, 0, 0], [0, 0, 0]]
1e-05 10.0
[[249.93086, 250.44156, 250.17442], [95.84656, 0, 0], [0, 0, 0]]
1e-05 1000
[[249.93086, 250.44156, 250.17442], [95.84656, 95.20214, 0], [0, 0, 0]]
1e-05 100000.0
[[249.93086, 250.44156, 250.17442], [95.84656, 95.20214, 112.13581], [0, 0, 0]]
0.001 10.0
[[249.93086, 250.44156, 250.17442], [95.84656, 95.20214, 112.13581], [103.694565, 0, 0]]
0.001 1000
[[249.93086, 250.44156, 250.17442], [95.84656, 95.20214, 112.13581], [103.694565, 99.174126, 0]]
0.001 100000.0
[[249.93086, 250.44156, 250.17442], [95.84656, 95.20214, 112.13581], [103.694565, 99.174126, 201.92188]]
[-6.0, -5, -4.0]
[2.0, 3, 4.0]
1e-06 100.0
[[129.99397, 0, 0], [0, 0, 0], [0, 0, 0]]
1e-06 1000
[[129.99397, 134.8723, 0], [0, 0, 0], [0, 0, 0]]
1e-06 10000.0
[[129.99397, 134.8723, 132.57776], [0, 0, 0], [0, 0, 0]]
1e-05 100.0
[[129.99397, 134.8723, 132.57776], [95.04022, 0, 0], [0, 0, 0]]
1e-05 1000
[[129.99397, 134.8723, 132.57776], [95.04022, 96.03555, 0], [0, 0, 0]]
1e-05 10000.0
[[129.99397, 134.8723, 132.57776], [95.04022, 96.03555, 95.89836], [0, 0, 0]]
0.0001 100.0
[[129.99397, 134.8723, 132.57776], [95.04022, 96.03555, 95.89836], [100.41543, 0, 0]]
0.0001 1000
[[129.99397, 134.8723, 132.57776], [95.04022, 96.03555, 95.89836], [100.41543, 98.69845, 0]]
0.0001 10000.0
[[129.99397, 134.8723, 132.57776], [95.04022, 96.03555, 95.89836], [100.41543, 98.69845, 96.88061]]
[-5.5, -5, -4.5]
[1.5, 2.0, 2.5]
3.162277660168379e-06 31.622776601683793
[[97.87847, 0, 0], [0, 0, 0], [0, 0, 0]]
3.162277660168379e-06 100.0
[[97.87847, 96.64793, 0], [0, 0, 0], [0, 0, 0]]
3.162277660168379e-06 316.22776601683796
[[97.87847, 96.64793, 96.49196], [0, 0, 0], [0, 0, 0]]
1e-05 31.622776601683793
[[97.87847, 96.64793, 96.49196], [94.65015, 0, 0], [0, 0, 0]]
1e-05 100.0
[[97.87847, 96.64793, 96.49196], [94.65015, 95.88597, 0], [0, 0, 0]]
1e-05 316.22776601683796
[[97.87847, 96.64793, 96.49196], [94.65015, 95.88597, 96.534744], [0, 0, 0]]
3.1622776601683795e-05 31.622776601683793
[[97.87847, 96.64793, 96.49196], [94.65015, 95.88597, 96.534744], [97.310776, 0, 0]]
3.1622776601683795e-05 100.0
[[97.87847, 96.64793, 96.49196], [94.65015, 95.88597, 96.534744], [97.310776, 97.42331, 0]]
3.1622776601683795e-05 316.22776601683796
[[97.87847, 96.64793, 96.49196], [94.65015, 95.88597, 96.534744], [97.310776, 97.42331, 98.92893]]
[-5.25, -5, -4.75]
[1.25, 1.5, 1.75]
5.623413251903491e-06 17.78279410038923
[[95.557045, 0, 0], [0, 0, 0], [0, 0, 0]]
5.623413251903491e-06 31.622776601683793
[[95.557045, 96.93161, 0], [0, 0, 0], [0, 0, 0]]
5.623413251903491e-06 56.23413251903491
[[95.557045, 96.93161, 96.10209], [0, 0, 0], [0, 0, 0]]
1e-05 17.78279410038923
[[95.557045, 96.93161, 96.10209], [95.71123, 0, 0], [0, 0, 0]]
1e-05 31.622776601683793
[[95.557045, 96.93161, 96.10209], [95.71123, 95.52786, 0], [0, 0, 0]]
1e-05 56.23413251903491
[[95.557045, 96.93161, 96.10209], [95.71123, 95.52786, 96.145836], [0, 0, 0]]
1.778279410038923e-05 17.78279410038923
[[95.557045, 96.93161, 96.10209], [95.71123, 95.52786, 96.145836], [96.405975, 0, 0]]
1.778279410038923e-05 31.622776601683793
[[95.557045, 96.93161, 96.10209], [95.71123, 95.52786, 96.145836], [96.405975, 94.407005, 0]]
1.778279410038923e-05 56.23413251903491
[[95.557045, 96.93161, 96.10209], [95.71123, 95.52786, 96.145836], [96.405975, 94.407005, 96.09823]]
[-4.875, -4.75, -4.625]
[1.375, 1.5, 1.625]
1.333521432163324e-05 23.71373705661655
[[96.140854, 0, 0], [0, 0, 0], [0, 0, 0]]
1.333521432163324e-05 31.622776601683793
[[96.140854, 96.44399, 0], [0, 0, 0], [0, 0, 0]]
1.333521432163324e-05 42.169650342858226
[[96.140854, 96.44399, 94.42368], [0, 0, 0], [0, 0, 0]]
1.778279410038923e-05 23.71373705661655
[[96.140854, 96.44399, 94.42368], [96.147896, 0, 0], [0, 0, 0]]
1.778279410038923e-05 31.622776601683793
[[96.140854, 96.44399, 94.42368], [96.147896, 97.27828, 0], [0, 0, 0]]
1.778279410038923e-05 42.169650342858226
[[96.140854, 96.44399, 94.42368], [96.147896, 97.27828, 95.394356], [0, 0, 0]]
2.3713737056616554e-05 23.71373705661655
[[96.140854, 96.44399, 94.42368], [96.147896, 97.27828, 95.394356], [94.79685, 0, 0]]
2.3713737056616554e-05 31.622776601683793
[[96.140854, 96.44399, 94.42368], [96.147896, 97.27828, 95.394356], [94.79685, 95.46258, 0]]
2.3713737056616554e-05 42.169650342858226
[[96.140854, 96.44399, 94.42368], [96.147896, 97.27828, 95.394356], [94.79685, 95.46258, 95.78412]]
[-4.9375, -4.875, -4.8125]
[1.5625, 1.625, 1.6875]
3 200
Score: 94.42368
1.333521432163324e-05 42.169650342858226
Time 16505.653358459473
