Created graph
0.1 1000
[[1.1103306e+19, 0, 0], [0, 0, 0], [0, 0, 0]]
0.1 100000
[[1.1103306e+19, inf, 0], [0, 0, 0], [0, 0, 0]]
0.1 10000000
[[1.1103306e+19, inf, inf], [0, 0, 0], [0, 0, 0]]
1e-05 1000
[[1.1103306e+19, inf, inf], [93.84626, 0, 0], [0, 0, 0]]
1e-05 100000
[[1.1103306e+19, inf, inf], [93.84626, 111.89467, 0], [0, 0, 0]]
1e-05 10000000
[[1.1103306e+19, inf, inf], [93.84626, 111.89467, 241.53777], [0, 0, 0]]
1e-09 1000
[[1.1103306e+19, inf, inf], [93.84626, 111.89467, 241.53777], [264.50616, 0, 0]]
1e-09 100000
[[1.1103306e+19, inf, inf], [93.84626, 111.89467, 241.53777], [264.50616, 264.68042, 0]]
1e-09 10000000
[[1.1103306e+19, inf, inf], [93.84626, 111.89467, 241.53777], [264.50616, 264.68042, 265.0895]]
[-7.0, -5, -3.0]
[1.0, 3, 5.0]
1e-07 10.0
[[250.26025, 0, 0], [0, 0, 0], [0, 0, 0]]
1e-07 1000
[[250.26025, 250.37904, 0], [0, 0, 0], [0, 0, 0]]
1e-07 100000.0
[[250.26025, 250.37904, 250.38956], [0, 0, 0], [0, 0, 0]]
1e-05 10.0
[[250.26025, 250.37904, 250.38956], [94.16735, 0, 0], [0, 0, 0]]
1e-05 1000
[[250.26025, 250.37904, 250.38956], [94.16735, 88.96107, 0], [0, 0, 0]]
1e-05 100000.0
[[250.26025, 250.37904, 250.38956], [94.16735, 88.96107, 111.37625], [0, 0, 0]]
0.001 10.0
[[250.26025, 250.37904, 250.38956], [94.16735, 88.96107, 111.37625], [132.10028, 0, 0]]
0.001 1000
[[250.26025, 250.37904, 250.38956], [94.16735, 88.96107, 111.37625], [132.10028, 122.98145, 0]]
0.001 100000.0
[[250.26025, 250.37904, 250.38956], [94.16735, 88.96107, 111.37625], [132.10028, 122.98145, 199.20522]]
[-6.0, -5, -4.0]
[2.0, 3, 4.0]
1e-06 100.0
[[129.13582, 0, 0], [0, 0, 0], [0, 0, 0]]
1e-06 1000
[[129.13582, 130.92136, 0], [0, 0, 0], [0, 0, 0]]
1e-06 10000.0
[[129.13582, 130.92136, 129.52225], [0, 0, 0], [0, 0, 0]]
1e-05 100.0
[[129.13582, 130.92136, 129.52225], [92.48248, 0, 0], [0, 0, 0]]
1e-05 1000
[[129.13582, 130.92136, 129.52225], [92.48248, 93.54575, 0], [0, 0, 0]]
1e-05 10000.0
[[129.13582, 130.92136, 129.52225], [92.48248, 93.54575, 94.4762], [0, 0, 0]]
0.0001 100.0
[[129.13582, 130.92136, 129.52225], [92.48248, 93.54575, 94.4762], [104.43041, 0, 0]]
0.0001 1000
[[129.13582, 130.92136, 129.52225], [92.48248, 93.54575, 94.4762], [104.43041, 103.0829, 0]]
0.0001 10000.0
[[129.13582, 130.92136, 129.52225], [92.48248, 93.54575, 94.4762], [104.43041, 103.0829, 99.11539]]
[-5.5, -5, -4.5]
[1.5, 2.0, 2.5]
3.162277660168379e-06 31.622776601683793
[[94.329956, 0, 0], [0, 0, 0], [0, 0, 0]]
3.162277660168379e-06 100.0
[[94.329956, 93.91591, 0], [0, 0, 0], [0, 0, 0]]
3.162277660168379e-06 316.22776601683796
[[94.329956, 93.91591, 92.42643], [0, 0, 0], [0, 0, 0]]
1e-05 31.622776601683793
[[94.329956, 93.91591, 92.42643], [94.67436, 0, 0], [0, 0, 0]]
1e-05 100.0
[[94.329956, 93.91591, 92.42643], [94.67436, 94.52492, 0], [0, 0, 0]]
1e-05 316.22776601683796
[[94.329956, 93.91591, 92.42643], [94.67436, 94.52492, 95.435104], [0, 0, 0]]
3.1622776601683795e-05 31.622776601683793
[[94.329956, 93.91591, 92.42643], [94.67436, 94.52492, 95.435104], [97.929344, 0, 0]]
3.1622776601683795e-05 100.0
[[94.329956, 93.91591, 92.42643], [94.67436, 94.52492, 95.435104], [97.929344, 95.40014, 0]]
3.1622776601683795e-05 316.22776601683796
[[94.329956, 93.91591, 92.42643], [94.67436, 94.52492, 95.435104], [97.929344, 95.40014, 94.51084]]
[-5.75, -5.5, -5.25]
[2.25, 2.5, 2.75]
1.778279410038923e-06 177.82794100389228
[[106.02139, 0, 0], [0, 0, 0], [0, 0, 0]]
1.778279410038923e-06 316.22776601683796
[[106.02139, 105.17831, 0], [0, 0, 0], [0, 0, 0]]
1.778279410038923e-06 562.341325190349
[[106.02139, 105.17831, 103.528114], [0, 0, 0], [0, 0, 0]]
3.162277660168379e-06 177.82794100389228
[[106.02139, 105.17831, 103.528114], [95.98337, 0, 0], [0, 0, 0]]
3.162277660168379e-06 316.22776601683796
[[106.02139, 105.17831, 103.528114], [95.98337, 94.74355, 0], [0, 0, 0]]
3.162277660168379e-06 562.341325190349
[[106.02139, 105.17831, 103.528114], [95.98337, 94.74355, 95.37859], [0, 0, 0]]
5.623413251903491e-06 177.82794100389228
[[106.02139, 105.17831, 103.528114], [95.98337, 94.74355, 95.37859], [92.701004, 0, 0]]
5.623413251903491e-06 316.22776601683796
[[106.02139, 105.17831, 103.528114], [95.98337, 94.74355, 95.37859], [92.701004, 94.39522, 0]]
5.623413251903491e-06 562.341325190349
[[106.02139, 105.17831, 103.528114], [95.98337, 94.74355, 95.37859], [92.701004, 94.39522, 93.30552]]
[-5.375, -5.25, -5.125]
[2.125, 2.25, 2.375]
4.216965034285822e-06 133.3521432163324
[[90.79419, 0, 0], [0, 0, 0], [0, 0, 0]]
4.216965034285822e-06 177.82794100389228
[[90.79419, 93.20177, 0], [0, 0, 0], [0, 0, 0]]
4.216965034285822e-06 237.13737056616552
[[90.79419, 93.20177, 92.68188], [0, 0, 0], [0, 0, 0]]
5.623413251903491e-06 133.3521432163324
[[90.79419, 93.20177, 92.68188], [95.33118, 0, 0], [0, 0, 0]]
5.623413251903491e-06 177.82794100389228
[[90.79419, 93.20177, 92.68188], [95.33118, 91.47627, 0], [0, 0, 0]]
5.623413251903491e-06 237.13737056616552
[[90.79419, 93.20177, 92.68188], [95.33118, 91.47627, 91.04575], [0, 0, 0]]
7.498942093324558e-06 133.3521432163324
[[90.79419, 93.20177, 92.68188], [95.33118, 91.47627, 91.04575], [95.862045, 0, 0]]
7.498942093324558e-06 177.82794100389228
[[90.79419, 93.20177, 92.68188], [95.33118, 91.47627, 91.04575], [95.862045, 92.19109, 0]]
7.498942093324558e-06 237.13737056616552
[[90.79419, 93.20177, 92.68188], [95.33118, 91.47627, 91.04575], [95.862045, 92.19109, 92.88189]]
[-5.4375, -5.375, -5.3125]
[2.0625, 2.125, 2.1875]
5 100
Score: 90.79419
4.216965034285822e-06 133.3521432163324
Time 21165.649350881577
