Created graph
0.1 1000
[[241.73126, 0, 0], [0, 0, 0], [0, 0, 0]]
0.1 100000
[[241.73126, inf, 0], [0, 0, 0], [0, 0, 0]]
0.1 10000000
[[241.73126, inf, 1.049737e+19], [0, 0, 0], [0, 0, 0]]
1e-05 1000
[[241.73126, inf, 1.049737e+19], [91.428345, 0, 0], [0, 0, 0]]
1e-05 100000
[[241.73126, inf, 1.049737e+19], [91.428345, 98.38445, 0], [0, 0, 0]]
1e-05 10000000
[[241.73126, inf, 1.049737e+19], [91.428345, 98.38445, 213.16127], [0, 0, 0]]
1e-09 1000
[[241.73126, inf, 1.049737e+19], [91.428345, 98.38445, 213.16127], [237.59764, 0, 0]]
1e-09 100000
[[241.73126, inf, 1.049737e+19], [91.428345, 98.38445, 213.16127], [237.59764, 237.17508, 0]]
1e-09 10000000
[[241.73126, inf, 1.049737e+19], [91.428345, 98.38445, 213.16127], [237.59764, 237.17508, 237.26804]]
[-7.0, -5, -3.0]
[1.0, 3, 5.0]
1e-07 10.0
[[224.92616, 0, 0], [0, 0, 0], [0, 0, 0]]
1e-07 1000
[[224.92616, 225.06238, 0], [0, 0, 0], [0, 0, 0]]
1e-07 100000.0
[[224.92616, 225.06238, 226.73225], [0, 0, 0], [0, 0, 0]]
1e-05 10.0
[[224.92616, 225.06238, 226.73225], [92.28174, 0, 0], [0, 0, 0]]
1e-05 1000
[[224.92616, 225.06238, 226.73225], [92.28174, 91.15838, 0], [0, 0, 0]]
1e-05 100000.0
[[224.92616, 225.06238, 226.73225], [92.28174, 91.15838, 99.10558], [0, 0, 0]]
0.001 10.0
[[224.92616, 225.06238, 226.73225], [92.28174, 91.15838, 99.10558], [95.220474, 0, 0]]
0.001 1000
[[224.92616, 225.06238, 226.73225], [92.28174, 91.15838, 99.10558], [95.220474, 95.66456, 0]]
0.001 100000.0
[[224.92616, 225.06238, 226.73225], [92.28174, 91.15838, 99.10558], [95.220474, 95.66456, 147.25151]]
[-6.0, -5, -4.0]
[2.0, 3, 4.0]
1e-06 100.0
[[115.17479, 0, 0], [0, 0, 0], [0, 0, 0]]
1e-06 1000
[[115.17479, 114.57713, 0], [0, 0, 0], [0, 0, 0]]
1e-06 10000.0
[[115.17479, 114.57713, 121.128845], [0, 0, 0], [0, 0, 0]]
1e-05 100.0
[[115.17479, 114.57713, 121.128845], [91.413795, 0, 0], [0, 0, 0]]
1e-05 1000
[[115.17479, 114.57713, 121.128845], [91.413795, 91.50459, 0], [0, 0, 0]]
1e-05 10000.0
[[115.17479, 114.57713, 121.128845], [91.413795, 91.50459, 92.0766], [0, 0, 0]]
0.0001 100.0
[[115.17479, 114.57713, 121.128845], [91.413795, 91.50459, 92.0766], [94.488144, 0, 0]]
0.0001 1000
[[115.17479, 114.57713, 121.128845], [91.413795, 91.50459, 92.0766], [94.488144, 94.65756, 0]]
0.0001 10000.0
[[115.17479, 114.57713, 121.128845], [91.413795, 91.50459, 92.0766], [94.488144, 94.65756, 93.40653]]
[-5.5, -5, -4.5]
[1.5, 2.0, 2.5]
3.162277660168379e-06 31.622776601683793
[[94.960045, 0, 0], [0, 0, 0], [0, 0, 0]]
3.162277660168379e-06 100.0
[[94.960045, 93.76941, 0], [0, 0, 0], [0, 0, 0]]
3.162277660168379e-06 316.22776601683796
[[94.960045, 93.76941, 94.35949], [0, 0, 0], [0, 0, 0]]
1e-05 31.622776601683793
[[94.960045, 93.76941, 94.35949], [92.70857, 0, 0], [0, 0, 0]]
1e-05 100.0
[[94.960045, 93.76941, 94.35949], [92.70857, 91.90865, 0], [0, 0, 0]]
1e-05 316.22776601683796
[[94.960045, 93.76941, 94.35949], [92.70857, 91.90865, 93.04773], [0, 0, 0]]
3.1622776601683795e-05 31.622776601683793
[[94.960045, 93.76941, 94.35949], [92.70857, 91.90865, 93.04773], [93.05171, 0, 0]]
3.1622776601683795e-05 100.0
[[94.960045, 93.76941, 94.35949], [92.70857, 91.90865, 93.04773], [93.05171, 91.696205, 0]]
3.1622776601683795e-05 316.22776601683796
[[94.960045, 93.76941, 94.35949], [92.70857, 91.90865, 93.04773], [93.05171, 91.696205, 93.44396]]
[-4.75, -4.5, -4.25]
[1.75, 2.0, 2.25]
1.778279410038923e-05 56.23413251903491
[[91.62748, 0, 0], [0, 0, 0], [0, 0, 0]]
1.778279410038923e-05 100.0
[[91.62748, 92.83651, 0], [0, 0, 0], [0, 0, 0]]
1.778279410038923e-05 177.82794100389228
[[91.62748, 92.83651, 91.671936], [0, 0, 0], [0, 0, 0]]
3.1622776601683795e-05 56.23413251903491
[[91.62748, 92.83651, 91.671936], [93.30174, 0, 0], [0, 0, 0]]
3.1622776601683795e-05 100.0
[[91.62748, 92.83651, 91.671936], [93.30174, 90.528915, 0], [0, 0, 0]]
3.1622776601683795e-05 177.82794100389228
[[91.62748, 92.83651, 91.671936], [93.30174, 90.528915, 90.5807], [0, 0, 0]]
5.623413251903491e-05 56.23413251903491
[[91.62748, 92.83651, 91.671936], [93.30174, 90.528915, 90.5807], [94.72199, 0, 0]]
5.623413251903491e-05 100.0
[[91.62748, 92.83651, 91.671936], [93.30174, 90.528915, 90.5807], [94.72199, 93.76678, 0]]
5.623413251903491e-05 177.82794100389228
[[91.62748, 92.83651, 91.671936], [93.30174, 90.528915, 90.5807], [94.72199, 93.76678, 94.56229]]
[-4.625, -4.5, -4.375]
[1.875, 2.0, 2.125]
2.3713737056616554e-05 74.98942093324558
[[92.70506, 0, 0], [0, 0, 0], [0, 0, 0]]
2.3713737056616554e-05 100.0
[[92.70506, 92.275116, 0], [0, 0, 0], [0, 0, 0]]
2.3713737056616554e-05 133.3521432163324
[[92.70506, 92.275116, 92.9056], [0, 0, 0], [0, 0, 0]]
3.1622776601683795e-05 74.98942093324558
[[92.70506, 92.275116, 92.9056], [92.933716, 0, 0], [0, 0, 0]]
3.1622776601683795e-05 100.0
[[92.70506, 92.275116, 92.9056], [92.933716, 93.486725, 0], [0, 0, 0]]
3.1622776601683795e-05 133.3521432163324
[[92.70506, 92.275116, 92.9056], [92.933716, 93.486725, 92.84715], [0, 0, 0]]
4.216965034285822e-05 74.98942093324558
[[92.70506, 92.275116, 92.9056], [92.933716, 93.486725, 92.84715], [94.24467, 0, 0]]
4.216965034285822e-05 100.0
[[92.70506, 92.275116, 92.9056], [92.933716, 93.486725, 92.84715], [94.24467, 93.20669, 0]]
4.216965034285822e-05 133.3521432163324
[[92.70506, 92.275116, 92.9056], [92.933716, 93.486725, 92.84715], [94.24467, 93.20669, 93.61401]]
[-4.6875, -4.625, -4.5625]
[1.9375, 2.0, 2.0625]
3 10
Score: 92.275116
2.3713737056616554e-05 100.0
Time 14498.902131080627
