Created graph
0.1 1000
[[1.4795183e+19, 0, 0], [0, 0, 0], [0, 0, 0]]
0.1 100000
[[1.4795183e+19, inf, 0], [0, 0, 0], [0, 0, 0]]
0.1 10000000
[[1.4795183e+19, inf, inf], [0, 0, 0], [0, 0, 0]]
1e-05 1000
[[1.4795183e+19, inf, inf], [91.490906, 0, 0], [0, 0, 0]]
1e-05 100000
[[1.4795183e+19, inf, inf], [91.490906, 98.2104, 0], [0, 0, 0]]
1e-05 10000000
[[1.4795183e+19, inf, inf], [91.490906, 98.2104, 171.73622], [0, 0, 0]]
1e-09 1000
[[1.4795183e+19, inf, inf], [91.490906, 98.2104, 171.73622], [195.70692, 0, 0]]
1e-09 100000
[[1.4795183e+19, inf, inf], [91.490906, 98.2104, 171.73622], [195.70692, 195.18738, 0]]
1e-09 10000000
[[1.4795183e+19, inf, inf], [91.490906, 98.2104, 171.73622], [195.70692, 195.18738, 193.77153]]
[-7.0, -5, -3.0]
[1.0, 3, 5.0]
1e-07 10.0
[[177.63493, 0, 0], [0, 0, 0], [0, 0, 0]]
1e-07 1000
[[177.63493, 177.94444, 0], [0, 0, 0], [0, 0, 0]]
1e-07 100000.0
[[177.63493, 177.94444, 180.13438], [0, 0, 0], [0, 0, 0]]
1e-05 10.0
[[177.63493, 177.94444, 180.13438], [93.95702, 0, 0], [0, 0, 0]]
1e-05 1000
[[177.63493, 177.94444, 180.13438], [93.95702, 93.69938, 0], [0, 0, 0]]
1e-05 100000.0
[[177.63493, 177.94444, 180.13438], [93.95702, 93.69938, 99.07328], [0, 0, 0]]
0.001 10.0
[[177.63493, 177.94444, 180.13438], [93.95702, 93.69938, 99.07328], [203.74237, 0, 0]]
0.001 1000
[[177.63493, 177.94444, 180.13438], [93.95702, 93.69938, 99.07328], [203.74237, 126.80549, 0]]
0.001 100000.0
[[177.63493, 177.94444, 180.13438], [93.95702, 93.69938, 99.07328], [203.74237, 126.80549, 155.96658]]
[-6.0, -5, -4.0]
[2.0, 3, 4.0]
1e-06 100.0
[[116.905365, 0, 0], [0, 0, 0], [0, 0, 0]]
1e-06 1000
[[116.905365, 119.668045, 0], [0, 0, 0], [0, 0, 0]]
1e-06 10000.0
[[116.905365, 119.668045, 114.102196], [0, 0, 0], [0, 0, 0]]
1e-05 100.0
[[116.905365, 119.668045, 114.102196], [94.59775, 0, 0], [0, 0, 0]]
1e-05 1000
[[116.905365, 119.668045, 114.102196], [94.59775, 93.414024, 0], [0, 0, 0]]
1e-05 10000.0
[[116.905365, 119.668045, 114.102196], [94.59775, 93.414024, 91.298256], [0, 0, 0]]
0.0001 100.0
[[116.905365, 119.668045, 114.102196], [94.59775, 93.414024, 91.298256], [101.4222, 0, 0]]
0.0001 1000
[[116.905365, 119.668045, 114.102196], [94.59775, 93.414024, 91.298256], [101.4222, 101.37006, 0]]
0.0001 10000.0
[[116.905365, 119.668045, 114.102196], [94.59775, 93.414024, 91.298256], [101.4222, 101.37006, 88.30937]]
[-4.5, -4.0, -3.5]
[3.5, 4.0, 4.5]
3.1622776601683795e-05 3162.2776601683795
[[92.23234, 0, 0], [0, 0, 0], [0, 0, 0]]
3.1622776601683795e-05 10000.0
[[92.23234, 91.43911, 0], [0, 0, 0], [0, 0, 0]]
3.1622776601683795e-05 31622.776601683792
[[92.23234, 91.43911, 90.986595], [0, 0, 0], [0, 0, 0]]
0.0001 3162.2776601683795
[[92.23234, 91.43911, 90.986595], [92.28342, 0, 0], [0, 0, 0]]
0.0001 10000.0
[[92.23234, 91.43911, 90.986595], [92.28342, 89.05904, 0], [0, 0, 0]]
0.0001 31622.776601683792
[[92.23234, 91.43911, 90.986595], [92.28342, 89.05904, 88.79507], [0, 0, 0]]
0.00031622776601683794 3162.2776601683795
[[92.23234, 91.43911, 90.986595], [92.28342, 89.05904, 88.79507], [103.83972, 0, 0]]
0.00031622776601683794 10000.0
[[92.23234, 91.43911, 90.986595], [92.28342, 89.05904, 88.79507], [103.83972, 99.03236, 0]]
0.00031622776601683794 31622.776601683792
[[92.23234, 91.43911, 90.986595], [92.28342, 89.05904, 88.79507], [103.83972, 99.03236, 92.70003]]
[-4.25, -4.0, -3.75]
[4.25, 4.5, 4.75]
5.623413251903491e-05 17782.794100389227
[[90.74415, 0, 0], [0, 0, 0], [0, 0, 0]]
5.623413251903491e-05 31622.776601683792
[[90.74415, 89.22693, 0], [0, 0, 0], [0, 0, 0]]
5.623413251903491e-05 56234.13251903491
[[90.74415, 89.22693, 90.71168], [0, 0, 0], [0, 0, 0]]
0.0001 17782.794100389227
[[90.74415, 89.22693, 90.71168], [90.575134, 0, 0], [0, 0, 0]]
0.0001 31622.776601683792
[[90.74415, 89.22693, 90.71168], [90.575134, 90.34293, 0], [0, 0, 0]]
0.0001 56234.13251903491
[[90.74415, 89.22693, 90.71168], [90.575134, 90.34293, 89.247246], [0, 0, 0]]
0.00017782794100389227 17782.794100389227
[[90.74415, 89.22693, 90.71168], [90.575134, 90.34293, 89.247246], [91.664, 0, 0]]
0.00017782794100389227 31622.776601683792
[[90.74415, 89.22693, 90.71168], [90.575134, 90.34293, 89.247246], [91.664, 91.28967, 0]]
0.00017782794100389227 56234.13251903491
[[90.74415, 89.22693, 90.71168], [90.575134, 90.34293, 89.247246], [91.664, 91.28967, 87.00446]]
[-3.875, -3.75, -3.625]
[4.625, 4.75, 4.875]
0.0001333521432163324 42169.65034285822
[[88.53665, 0, 0], [0, 0, 0], [0, 0, 0]]
0.0001333521432163324 56234.13251903491
[[88.53665, 90.302315, 0], [0, 0, 0], [0, 0, 0]]
0.0001333521432163324 74989.42093324558
[[88.53665, 90.302315, 90.17582], [0, 0, 0], [0, 0, 0]]
0.00017782794100389227 42169.65034285822
[[88.53665, 90.302315, 90.17582], [88.31824, 0, 0], [0, 0, 0]]
0.00017782794100389227 56234.13251903491
[[88.53665, 90.302315, 90.17582], [88.31824, 88.579994, 0], [0, 0, 0]]
0.00017782794100389227 74989.42093324558
[[88.53665, 90.302315, 90.17582], [88.31824, 88.579994, 89.3916], [0, 0, 0]]
0.00023713737056616554 42169.65034285822
[[88.53665, 90.302315, 90.17582], [88.31824, 88.579994, 89.3916], [88.91828, 0, 0]]
0.00023713737056616554 56234.13251903491
[[88.53665, 90.302315, 90.17582], [88.31824, 88.579994, 89.3916], [88.91828, 90.25422, 0]]
0.00023713737056616554 74989.42093324558
[[88.53665, 90.302315, 90.17582], [88.31824, 88.579994, 89.3916], [88.91828, 90.25422, 90.50868]]
[-3.8125, -3.75, -3.6875]
[4.5625, 4.625, 4.6875]
7 100
Score: 88.31824
0.00017782794100389227 42169.65034285822
Time 12233.685580015182
