Created graph
0.1 1000
[[inf, 0, 0], [0, 0, 0], [0, 0, 0]]
0.1 100000
[[inf, inf, 0], [0, 0, 0], [0, 0, 0]]
0.1 10000000
[[inf, inf, inf], [0, 0, 0], [0, 0, 0]]
1e-05 1000
[[inf, inf, inf], [98.75023, 0, 0], [0, 0, 0]]
1e-05 100000
[[inf, inf, inf], [98.75023, 111.992195, 0], [0, 0, 0]]
1e-05 10000000
[[inf, inf, inf], [98.75023, 111.992195, 226.0139], [0, 0, 0]]
1e-09 1000
[[inf, inf, inf], [98.75023, 111.992195, 226.0139], [251.40681, 0, 0]]
1e-09 100000
[[inf, inf, inf], [98.75023, 111.992195, 226.0139], [251.40681, 251.61131, 0]]
1e-09 10000000
[[inf, inf, inf], [98.75023, 111.992195, 226.0139], [251.40681, 251.61131, 251.75594]]
[-7.0, -5, -3.0]
[1.0, 3, 5.0]
1e-07 10.0
[[239.88658, 0, 0], [0, 0, 0], [0, 0, 0]]
1e-07 1000
[[239.88658, 237.0442, 0], [0, 0, 0], [0, 0, 0]]
1e-07 100000.0
[[239.88658, 237.0442, 238.75151], [0, 0, 0], [0, 0, 0]]
1e-05 10.0
[[239.88658, 237.0442, 238.75151], [94.18487, 0, 0], [0, 0, 0]]
1e-05 1000
[[239.88658, 237.0442, 238.75151], [94.18487, 100.28995, 0], [0, 0, 0]]
1e-05 100000.0
[[239.88658, 237.0442, 238.75151], [94.18487, 100.28995, 113.70655], [0, 0, 0]]
0.001 10.0
[[239.88658, 237.0442, 238.75151], [94.18487, 100.28995, 113.70655], [124.36099, 0, 0]]
0.001 1000
[[239.88658, 237.0442, 238.75151], [94.18487, 100.28995, 113.70655], [124.36099, 113.18215, 0]]
0.001 100000.0
[[239.88658, 237.0442, 238.75151], [94.18487, 100.28995, 113.70655], [124.36099, 113.18215, 204.49644]]
[-6.0, -5, -4.0]
[0.0, 1.0, 2.0]
1e-06 1.0
[[122.363884, 0, 0], [0, 0, 0], [0, 0, 0]]
1e-06 10.0
[[122.363884, 121.82061, 0], [0, 0, 0], [0, 0, 0]]
1e-06 100.0
[[122.363884, 121.82061, 120.1035], [0, 0, 0], [0, 0, 0]]
1e-05 1.0
[[122.363884, 121.82061, 120.1035], [97.8437, 0, 0], [0, 0, 0]]
1e-05 10.0
[[122.363884, 121.82061, 120.1035], [97.8437, 99.86032, 0], [0, 0, 0]]
1e-05 100.0
[[122.363884, 121.82061, 120.1035], [97.8437, 99.86032, 96.47243], [0, 0, 0]]
0.0001 1.0
[[122.363884, 121.82061, 120.1035], [97.8437, 99.86032, 96.47243], [106.3743, 0, 0]]
0.0001 10.0
[[122.363884, 121.82061, 120.1035], [97.8437, 99.86032, 96.47243], [106.3743, 101.62009, 0]]
0.0001 100.0
[[122.363884, 121.82061, 120.1035], [97.8437, 99.86032, 96.47243], [106.3743, 101.62009, 104.34557]]
[-5.5, -5, -4.5]
[1.5, 2.0, 2.5]
3.162277660168379e-06 31.622776601683793
[[97.363594, 0, 0], [0, 0, 0], [0, 0, 0]]
3.162277660168379e-06 100.0
[[97.363594, 98.95343, 0], [0, 0, 0], [0, 0, 0]]
3.162277660168379e-06 316.22776601683796
[[97.363594, 98.95343, 98.0887], [0, 0, 0], [0, 0, 0]]
1e-05 31.622776601683793
[[97.363594, 98.95343, 98.0887], [99.17851, 0, 0], [0, 0, 0]]
1e-05 100.0
[[97.363594, 98.95343, 98.0887], [99.17851, 99.93013, 0], [0, 0, 0]]
1e-05 316.22776601683796
[[97.363594, 98.95343, 98.0887], [99.17851, 99.93013, 94.12149], [0, 0, 0]]
3.1622776601683795e-05 31.622776601683793
[[97.363594, 98.95343, 98.0887], [99.17851, 99.93013, 94.12149], [96.76607, 0, 0]]
3.1622776601683795e-05 100.0
[[97.363594, 98.95343, 98.0887], [99.17851, 99.93013, 94.12149], [96.76607, 92.8914, 0]]
3.1622776601683795e-05 316.22776601683796
[[97.363594, 98.95343, 98.0887], [99.17851, 99.93013, 94.12149], [96.76607, 92.8914, 96.74185]]
[-4.75, -4.5, -4.25]
[1.75, 2.0, 2.25]
1.778279410038923e-05 56.23413251903491
[[97.25625, 0, 0], [0, 0, 0], [0, 0, 0]]
1.778279410038923e-05 100.0
[[97.25625, 98.036415, 0], [0, 0, 0], [0, 0, 0]]
1.778279410038923e-05 177.82794100389228
[[97.25625, 98.036415, 99.3854], [0, 0, 0], [0, 0, 0]]
3.1622776601683795e-05 56.23413251903491
[[97.25625, 98.036415, 99.3854], [100.708916, 0, 0], [0, 0, 0]]
3.1622776601683795e-05 100.0
[[97.25625, 98.036415, 99.3854], [100.708916, 94.75592, 0], [0, 0, 0]]
3.1622776601683795e-05 177.82794100389228
[[97.25625, 98.036415, 99.3854], [100.708916, 94.75592, 94.5327], [0, 0, 0]]
5.623413251903491e-05 56.23413251903491
[[97.25625, 98.036415, 99.3854], [100.708916, 94.75592, 94.5327], [99.817184, 0, 0]]
5.623413251903491e-05 100.0
[[97.25625, 98.036415, 99.3854], [100.708916, 94.75592, 94.5327], [99.817184, 96.0713, 0]]
5.623413251903491e-05 177.82794100389228
[[97.25625, 98.036415, 99.3854], [100.708916, 94.75592, 94.5327], [99.817184, 96.0713, 98.926315]]
[-4.625, -4.5, -4.375]
[2.125, 2.25, 2.375]
2.3713737056616554e-05 133.3521432163324
[[97.42328, 0, 0], [0, 0, 0], [0, 0, 0]]
2.3713737056616554e-05 177.82794100389228
[[97.42328, 93.716324, 0], [0, 0, 0], [0, 0, 0]]
2.3713737056616554e-05 237.13737056616552
[[97.42328, 93.716324, 95.355515], [0, 0, 0], [0, 0, 0]]
3.1622776601683795e-05 133.3521432163324
[[97.42328, 93.716324, 95.355515], [100.48538, 0, 0], [0, 0, 0]]
3.1622776601683795e-05 177.82794100389228
[[97.42328, 93.716324, 95.355515], [100.48538, 93.81953, 0], [0, 0, 0]]
3.1622776601683795e-05 237.13737056616552
[[97.42328, 93.716324, 95.355515], [100.48538, 93.81953, 94.96576], [0, 0, 0]]
4.216965034285822e-05 133.3521432163324
[[97.42328, 93.716324, 95.355515], [100.48538, 93.81953, 94.96576], [100.90648, 0, 0]]
4.216965034285822e-05 177.82794100389228
[[97.42328, 93.716324, 95.355515], [100.48538, 93.81953, 94.96576], [100.90648, 99.04889, 0]]
4.216965034285822e-05 237.13737056616552
[[97.42328, 93.716324, 95.355515], [100.48538, 93.81953, 94.96576], [100.90648, 99.04889, 93.845345]]
[-4.6875, -4.625, -4.5625]
[2.1875, 2.25, 2.3125]
5 25
Score: 93.716324
2.3713737056616554e-05 177.82794100389228
Time 14178.804678916931
