Created graph
0.1 1000
[[inf, 0, 0], [0, 0, 0], [0, 0, 0]]
0.1 100000
[[inf, 1.7863675e+19, 0], [0, 0, 0], [0, 0, 0]]
0.1 10000000
[[inf, 1.7863675e+19, inf], [0, 0, 0], [0, 0, 0]]
1e-05 1000
[[inf, 1.7863675e+19, inf], [101.23476, 0, 0], [0, 0, 0]]
1e-05 100000
[[inf, 1.7863675e+19, inf], [101.23476, 112.64996, 0], [0, 0, 0]]
1e-05 10000000
[[inf, 1.7863675e+19, inf], [101.23476, 112.64996, 231.50633], [0, 0, 0]]
1e-09 1000
[[inf, 1.7863675e+19, inf], [101.23476, 112.64996, 231.50633], [258.51382, 0, 0]]
1e-09 100000
[[inf, 1.7863675e+19, inf], [101.23476, 112.64996, 231.50633], [258.51382, 259.22473, 0]]
1e-09 10000000
[[inf, 1.7863675e+19, inf], [101.23476, 112.64996, 231.50633], [258.51382, 259.22473, 258.3317]]
[-7.0, -5, -3.0]
[1.0, 3, 5.0]
1e-07 10.0
[[244.56796, 0, 0], [0, 0, 0], [0, 0, 0]]
1e-07 1000
[[244.56796, 246.27817, 0], [0, 0, 0], [0, 0, 0]]
1e-07 100000.0
[[244.56796, 246.27817, 244.9339], [0, 0, 0], [0, 0, 0]]
1e-05 10.0
[[244.56796, 246.27817, 244.9339], [99.80149, 0, 0], [0, 0, 0]]
1e-05 1000
[[244.56796, 246.27817, 244.9339], [99.80149, 99.665596, 0], [0, 0, 0]]
1e-05 100000.0
[[244.56796, 246.27817, 244.9339], [99.80149, 99.665596, 112.36934], [0, 0, 0]]
0.001 10.0
[[244.56796, 246.27817, 244.9339], [99.80149, 99.665596, 112.36934], [99.42423, 0, 0]]
0.001 1000
[[244.56796, 246.27817, 244.9339], [99.80149, 99.665596, 112.36934], [99.42423, 100.87818, 0]]
0.001 100000.0
[[244.56796, 246.27817, 244.9339], [99.80149, 99.665596, 112.36934], [99.42423, 100.87818, 194.31508]]
[-4.0, -3.0, -2.0]
[0.0, 1.0, 2.0]
0.0001 1.0
[[98.97613, 0, 0], [0, 0, 0], [0, 0, 0]]
0.0001 10.0
[[98.97613, 99.01092, 0], [0, 0, 0], [0, 0, 0]]
0.0001 100.0
[[98.97613, 99.01092, 99.338585], [0, 0, 0], [0, 0, 0]]
0.001 1.0
[[98.97613, 99.01092, 99.338585], [99.42338, 0, 0], [0, 0, 0]]
0.001 10.0
[[98.97613, 99.01092, 99.338585], [99.42338, 99.42427, 0], [0, 0, 0]]
0.001 100.0
[[98.97613, 99.01092, 99.338585], [99.42338, 99.42427, 99.433365], [0, 0, 0]]
0.01 1.0
[[98.97613, 99.01092, 99.338585], [99.42338, 99.42427, 99.433365], [263.84845, 0, 0]]
0.01 10.0
[[98.97613, 99.01092, 99.338585], [99.42338, 99.42427, 99.433365], [263.84845, inf, 0]]
0.01 100.0
[[98.97613, 99.01092, 99.338585], [99.42338, 99.42427, 99.433365], [263.84845, inf, 7.8381496e+18]]
[-4.5, -4.0, -3.5]
[-0.5, 0.0, 0.5]
3.1622776601683795e-05 0.31622776601683794
[[99.444, 0, 0], [0, 0, 0], [0, 0, 0]]
3.1622776601683795e-05 1.0
[[99.444, 100.445984, 0], [0, 0, 0], [0, 0, 0]]
3.1622776601683795e-05 3.1622776601683795
[[99.444, 100.445984, 100.042816], [0, 0, 0], [0, 0, 0]]
0.0001 0.31622776601683794
[[99.444, 100.445984, 100.042816], [99.27317, 0, 0], [0, 0, 0]]
0.0001 1.0
[[99.444, 100.445984, 100.042816], [99.27317, 99.27738, 0], [0, 0, 0]]
0.0001 3.1622776601683795
[[99.444, 100.445984, 100.042816], [99.27317, 99.27738, 99.308556], [0, 0, 0]]
0.00031622776601683794 0.31622776601683794
[[99.444, 100.445984, 100.042816], [99.27317, 99.27738, 99.308556], [99.42039, 0, 0]]
0.00031622776601683794 1.0
[[99.444, 100.445984, 100.042816], [99.27317, 99.27738, 99.308556], [99.42039, 99.471565, 0]]
0.00031622776601683794 3.1622776601683795
[[99.444, 100.445984, 100.042816], [99.27317, 99.27738, 99.308556], [99.42039, 99.471565, 99.30407]]
[-4.25, -4.0, -3.75]
[-0.75, -0.5, -0.25]
5.623413251903491e-05 0.1778279410038923
[[101.579216, 0, 0], [0, 0, 0], [0, 0, 0]]
5.623413251903491e-05 0.31622776601683794
[[101.579216, 98.90214, 0], [0, 0, 0], [0, 0, 0]]
5.623413251903491e-05 0.5623413251903491
[[101.579216, 98.90214, 99.117035], [0, 0, 0], [0, 0, 0]]
0.0001 0.1778279410038923
[[101.579216, 98.90214, 99.117035], [98.81736, 0, 0], [0, 0, 0]]
0.0001 0.31622776601683794
[[101.579216, 98.90214, 99.117035], [98.81736, 99.04055, 0], [0, 0, 0]]
0.0001 0.5623413251903491
[[101.579216, 98.90214, 99.117035], [98.81736, 99.04055, 98.910065], [0, 0, 0]]
0.00017782794100389227 0.1778279410038923
[[101.579216, 98.90214, 99.117035], [98.81736, 99.04055, 98.910065], [99.35097, 0, 0]]
0.00017782794100389227 0.31622776601683794
[[101.579216, 98.90214, 99.117035], [98.81736, 99.04055, 98.910065], [99.35097, 99.27077, 0]]
0.00017782794100389227 0.5623413251903491
[[101.579216, 98.90214, 99.117035], [98.81736, 99.04055, 98.910065], [99.35097, 99.27077, 99.374756]]
[-4.125, -4.0, -3.875]
[-0.875, -0.75, -0.625]
7.498942093324559e-05 0.1333521432163324
[[99.23603, 0, 0], [0, 0, 0], [0, 0, 0]]
7.498942093324559e-05 0.1778279410038923
[[99.23603, 99.23101, 0], [0, 0, 0], [0, 0, 0]]
7.498942093324559e-05 0.23713737056616552
[[99.23603, 99.23101, 99.490486], [0, 0, 0], [0, 0, 0]]
0.0001 0.1333521432163324
[[99.23603, 99.23101, 99.490486], [99.34863, 0, 0], [0, 0, 0]]
0.0001 0.1778279410038923
[[99.23603, 99.23101, 99.490486], [99.34863, 99.29605, 0], [0, 0, 0]]
0.0001 0.23713737056616552
[[99.23603, 99.23101, 99.490486], [99.34863, 99.29605, 99.37255], [0, 0, 0]]
0.0001333521432163324 0.1333521432163324
[[99.23603, 99.23101, 99.490486], [99.34863, 99.29605, 99.37255], [99.04018, 0, 0]]
0.0001333521432163324 0.1778279410038923
[[99.23603, 99.23101, 99.490486], [99.34863, 99.29605, 99.37255], [99.04018, 99.13436, 0]]
0.0001333521432163324 0.23713737056616552
[[99.23603, 99.23101, 99.490486], [99.34863, 99.29605, 99.37255], [99.04018, 99.13436, 99.31805]]
[-3.9375, -3.875, -3.8125]
[-0.9375, -0.875, -0.8125]
4 200
Score: 99.04018
0.0001333521432163324 0.1333521432163324
Time 10390.590032100677
