Created graph
0.1 1000
[[1.5672754e+19, 0, 0], [0, 0, 0], [0, 0, 0]]
0.1 100000
[[1.5672754e+19, inf, 0], [0, 0, 0], [0, 0, 0]]
0.1 10000000
[[1.5672754e+19, inf, inf], [0, 0, 0], [0, 0, 0]]
1e-05 1000
[[1.5672754e+19, inf, inf], [104.09966, 0, 0], [0, 0, 0]]
1e-05 100000
[[1.5672754e+19, inf, inf], [104.09966, 117.69659, 0], [0, 0, 0]]
1e-05 10000000
[[1.5672754e+19, inf, inf], [104.09966, 117.69659, 259.34177], [0, 0, 0]]
1e-09 1000
[[1.5672754e+19, inf, inf], [104.09966, 117.69659, 259.34177], [285.51395, 0, 0]]
1e-09 100000
[[1.5672754e+19, inf, inf], [104.09966, 117.69659, 259.34177], [285.51395, 286.11057, 0]]
1e-09 10000000
[[1.5672754e+19, inf, inf], [104.09966, 117.69659, 259.34177], [285.51395, 286.11057, 285.6721]]
[-7.0, -5, -3.0]
[1.0, 3, 5.0]
1e-07 10.0
[[269.1766, 0, 0], [0, 0, 0], [0, 0, 0]]
1e-07 1000
[[269.1766, 270.74866, 0], [0, 0, 0], [0, 0, 0]]
1e-07 100000.0
[[269.1766, 270.74866, 272.00107], [0, 0, 0], [0, 0, 0]]
1e-05 10.0
[[269.1766, 270.74866, 272.00107], [102.7057, 0, 0], [0, 0, 0]]
1e-05 1000
[[269.1766, 270.74866, 272.00107], [102.7057, 105.07742, 0], [0, 0, 0]]
1e-05 100000.0
[[269.1766, 270.74866, 272.00107], [102.7057, 105.07742, 116.840096], [0, 0, 0]]
0.001 10.0
[[269.1766, 270.74866, 272.00107], [102.7057, 105.07742, 116.840096], [146.66661, 0, 0]]
0.001 1000
[[269.1766, 270.74866, 272.00107], [102.7057, 105.07742, 116.840096], [146.66661, 122.9174, 0]]
0.001 100000.0
[[269.1766, 270.74866, 272.00107], [102.7057, 105.07742, 116.840096], [146.66661, 122.9174, 230.0032]]
[-6.0, -5, -4.0]
[0.0, 1.0, 2.0]
1e-06 1.0
[[127.764626, 0, 0], [0, 0, 0], [0, 0, 0]]
1e-06 10.0
[[127.764626, 124.04136, 0], [0, 0, 0], [0, 0, 0]]
1e-06 100.0
[[127.764626, 124.04136, 127.25063], [0, 0, 0], [0, 0, 0]]
1e-05 1.0
[[127.764626, 124.04136, 127.25063], [102.30074, 0, 0], [0, 0, 0]]
1e-05 10.0
[[127.764626, 124.04136, 127.25063], [102.30074, 103.732735, 0], [0, 0, 0]]
1e-05 100.0
[[127.764626, 124.04136, 127.25063], [102.30074, 103.732735, 102.95467], [0, 0, 0]]
0.0001 1.0
[[127.764626, 124.04136, 127.25063], [102.30074, 103.732735, 102.95467], [109.64636, 0, 0]]
0.0001 10.0
[[127.764626, 124.04136, 127.25063], [102.30074, 103.732735, 102.95467], [109.64636, 111.57278, 0]]
0.0001 100.0
[[127.764626, 124.04136, 127.25063], [102.30074, 103.732735, 102.95467], [109.64636, 111.57278, 110.415436]]
[-5.5, -5, -4.5]
[-0.5, 0.0, 0.5]
3.162277660168379e-06 0.31622776601683794
[[104.80272, 0, 0], [0, 0, 0], [0, 0, 0]]
3.162277660168379e-06 1.0
[[104.80272, 106.141174, 0], [0, 0, 0], [0, 0, 0]]
3.162277660168379e-06 3.1622776601683795
[[104.80272, 106.141174, 105.930565], [0, 0, 0], [0, 0, 0]]
1e-05 0.31622776601683794
[[104.80272, 106.141174, 105.930565], [103.659065, 0, 0], [0, 0, 0]]
1e-05 1.0
[[104.80272, 106.141174, 105.930565], [103.659065, 104.83146, 0], [0, 0, 0]]
1e-05 3.1622776601683795
[[104.80272, 106.141174, 105.930565], [103.659065, 104.83146, 103.18623], [0, 0, 0]]
3.1622776601683795e-05 0.31622776601683794
[[104.80272, 106.141174, 105.930565], [103.659065, 104.83146, 103.18623], [102.83054, 0, 0]]
3.1622776601683795e-05 1.0
[[104.80272, 106.141174, 105.930565], [103.659065, 104.83146, 103.18623], [102.83054, 101.27771, 0]]
3.1622776601683795e-05 3.1622776601683795
[[104.80272, 106.141174, 105.930565], [103.659065, 104.83146, 103.18623], [102.83054, 101.27771, 100.24063]]
[-4.75, -4.5, -4.25]
[0.25, 0.5, 0.75]
1.778279410038923e-05 1.7782794100389228
[[102.36915, 0, 0], [0, 0, 0], [0, 0, 0]]
1.778279410038923e-05 3.1622776601683795
[[102.36915, 100.78705, 0], [0, 0, 0], [0, 0, 0]]
1.778279410038923e-05 5.623413251903491
[[102.36915, 100.78705, 104.49292], [0, 0, 0], [0, 0, 0]]
3.1622776601683795e-05 1.7782794100389228
[[102.36915, 100.78705, 104.49292], [99.627716, 0, 0], [0, 0, 0]]
3.1622776601683795e-05 3.1622776601683795
[[102.36915, 100.78705, 104.49292], [99.627716, 101.58496, 0], [0, 0, 0]]
3.1622776601683795e-05 5.623413251903491
[[102.36915, 100.78705, 104.49292], [99.627716, 101.58496, 104.67401], [0, 0, 0]]
5.623413251903491e-05 1.7782794100389228
[[102.36915, 100.78705, 104.49292], [99.627716, 101.58496, 104.67401], [108.06911, 0, 0]]
5.623413251903491e-05 3.1622776601683795
[[102.36915, 100.78705, 104.49292], [99.627716, 101.58496, 104.67401], [108.06911, 112.35825, 0]]
5.623413251903491e-05 5.623413251903491
[[102.36915, 100.78705, 104.49292], [99.627716, 101.58496, 104.67401], [108.06911, 112.35825, 102.02823]]
[-4.625, -4.5, -4.375]
[0.125, 0.25, 0.375]
2.3713737056616554e-05 1.333521432163324
[[103.03137, 0, 0], [0, 0, 0], [0, 0, 0]]
2.3713737056616554e-05 1.7782794100389228
[[103.03137, 104.316086, 0], [0, 0, 0], [0, 0, 0]]
2.3713737056616554e-05 2.371373705661655
[[103.03137, 104.316086, 102.86801], [0, 0, 0], [0, 0, 0]]
3.1622776601683795e-05 1.333521432163324
[[103.03137, 104.316086, 102.86801], [103.61167, 0, 0], [0, 0, 0]]
3.1622776601683795e-05 1.7782794100389228
[[103.03137, 104.316086, 102.86801], [103.61167, 105.078545, 0], [0, 0, 0]]
3.1622776601683795e-05 2.371373705661655
[[103.03137, 104.316086, 102.86801], [103.61167, 105.078545, 105.10413], [0, 0, 0]]
4.216965034285822e-05 1.333521432163324
[[103.03137, 104.316086, 102.86801], [103.61167, 105.078545, 105.10413], [100.5098, 0, 0]]
4.216965034285822e-05 1.7782794100389228
[[103.03137, 104.316086, 102.86801], [103.61167, 105.078545, 105.10413], [100.5098, 103.14157, 0]]
4.216965034285822e-05 2.371373705661655
[[103.03137, 104.316086, 102.86801], [103.61167, 105.078545, 105.10413], [100.5098, 103.14157, 106.82482]]
[-4.4375, -4.375, -4.3125]
[0.0625, 0.125, 0.1875]
6 250
Score: 100.5098
4.216965034285822e-05 1.333521432163324
Time 14350.52782535553
