Created graph
0.1 1000
[[inf, 0, 0], [0, 0, 0], [0, 0, 0]]
0.1 100000
[[inf, inf, 0], [0, 0, 0], [0, 0, 0]]
0.1 10000000
[[inf, inf, 9.538913e+18], [0, 0, 0], [0, 0, 0]]
1e-05 1000
[[inf, inf, 9.538913e+18], [94.583145, 0, 0], [0, 0, 0]]
1e-05 100000
[[inf, inf, 9.538913e+18], [94.583145, 104.86893, 0], [0, 0, 0]]
1e-05 10000000
[[inf, inf, 9.538913e+18], [94.583145, 104.86893, 186.41393], [0, 0, 0]]
1e-09 1000
[[inf, inf, 9.538913e+18], [94.583145, 104.86893, 186.41393], [209.75166, 0, 0]]
1e-09 100000
[[inf, inf, 9.538913e+18], [94.583145, 104.86893, 186.41393], [209.75166, 209.83655, 0]]
1e-09 10000000
[[inf, inf, 9.538913e+18], [94.583145, 104.86893, 186.41393], [209.75166, 209.83655, 209.70537]]
[-7.0, -5, -3.0]
[1.0, 3, 5.0]
1e-07 10.0
[[199.11104, 0, 0], [0, 0, 0], [0, 0, 0]]
1e-07 1000
[[199.11104, 198.35455, 0], [0, 0, 0], [0, 0, 0]]
1e-07 100000.0
[[199.11104, 198.35455, 197.6291], [0, 0, 0], [0, 0, 0]]
1e-05 10.0
[[199.11104, 198.35455, 197.6291], [95.25211, 0, 0], [0, 0, 0]]
1e-05 1000
[[199.11104, 198.35455, 197.6291], [95.25211, 94.231766, 0], [0, 0, 0]]
1e-05 100000.0
[[199.11104, 198.35455, 197.6291], [95.25211, 94.231766, 104.96865], [0, 0, 0]]
0.001 10.0
[[199.11104, 198.35455, 197.6291], [95.25211, 94.231766, 104.96865], [103.63778, 0, 0]]
0.001 1000
[[199.11104, 198.35455, 197.6291], [95.25211, 94.231766, 104.96865], [103.63778, 100.32792, 0]]
0.001 100000.0
[[199.11104, 198.35455, 197.6291], [95.25211, 94.231766, 104.96865], [103.63778, 100.32792, 124.40056]]
[-6.0, -5, -4.0]
[2.0, 3, 4.0]
1e-06 100.0
[[125.666336, 0, 0], [0, 0, 0], [0, 0, 0]]
1e-06 1000
[[125.666336, 126.123405, 0], [0, 0, 0], [0, 0, 0]]
1e-06 10000.0
[[125.666336, 126.123405, 123.45543], [0, 0, 0], [0, 0, 0]]
1e-05 100.0
[[125.666336, 126.123405, 123.45543], [95.50724, 0, 0], [0, 0, 0]]
1e-05 1000
[[125.666336, 126.123405, 123.45543], [95.50724, 94.69755, 0], [0, 0, 0]]
1e-05 10000.0
[[125.666336, 126.123405, 123.45543], [95.50724, 94.69755, 94.28179], [0, 0, 0]]
0.0001 100.0
[[125.666336, 126.123405, 123.45543], [95.50724, 94.69755, 94.28179], [98.44744, 0, 0]]
0.0001 1000
[[125.666336, 126.123405, 123.45543], [95.50724, 94.69755, 94.28179], [98.44744, 97.83002, 0]]
0.0001 10000.0
[[125.666336, 126.123405, 123.45543], [95.50724, 94.69755, 94.28179], [98.44744, 97.83002, 94.8103]]
[-5.5, -5, -4.5]
[3.5, 4.0, 4.5]
3.162277660168379e-06 3162.2776601683795
[[99.27767, 0, 0], [0, 0, 0], [0, 0, 0]]
3.162277660168379e-06 10000.0
[[99.27767, 102.95905, 0], [0, 0, 0], [0, 0, 0]]
3.162277660168379e-06 31622.776601683792
[[99.27767, 102.95905, 103.271866], [0, 0, 0], [0, 0, 0]]
1e-05 3162.2776601683795
[[99.27767, 102.95905, 103.271866], [95.835464, 0, 0], [0, 0, 0]]
1e-05 10000.0
[[99.27767, 102.95905, 103.271866], [95.835464, 93.87352, 0], [0, 0, 0]]
1e-05 31622.776601683792
[[99.27767, 102.95905, 103.271866], [95.835464, 93.87352, 95.379456], [0, 0, 0]]
3.1622776601683795e-05 3162.2776601683795
[[99.27767, 102.95905, 103.271866], [95.835464, 93.87352, 95.379456], [95.23735, 0, 0]]
3.1622776601683795e-05 10000.0
[[99.27767, 102.95905, 103.271866], [95.835464, 93.87352, 95.379456], [95.23735, 94.414345, 0]]
3.1622776601683795e-05 31622.776601683792
[[99.27767, 102.95905, 103.271866], [95.835464, 93.87352, 95.379456], [95.23735, 94.414345, 95.334564]]
[-5.25, -5, -4.75]
[3.75, 4.0, 4.25]
5.623413251903491e-06 5623.413251903491
[[94.385376, 0, 0], [0, 0, 0], [0, 0, 0]]
5.623413251903491e-06 10000.0
[[94.385376, 94.40056, 0], [0, 0, 0], [0, 0, 0]]
5.623413251903491e-06 17782.794100389227
[[94.385376, 94.40056, 94.07753], [0, 0, 0], [0, 0, 0]]
1e-05 5623.413251903491
[[94.385376, 94.40056, 94.07753], [94.91647, 0, 0], [0, 0, 0]]
1e-05 10000.0
[[94.385376, 94.40056, 94.07753], [94.91647, 94.085106, 0], [0, 0, 0]]
1e-05 17782.794100389227
[[94.385376, 94.40056, 94.07753], [94.91647, 94.085106, 94.14175], [0, 0, 0]]
1.778279410038923e-05 5623.413251903491
[[94.385376, 94.40056, 94.07753], [94.91647, 94.085106, 94.14175], [94.735466, 0, 0]]
1.778279410038923e-05 10000.0
[[94.385376, 94.40056, 94.07753], [94.91647, 94.085106, 94.14175], [94.735466, 94.65073, 0]]
1.778279410038923e-05 17782.794100389227
[[94.385376, 94.40056, 94.07753], [94.91647, 94.085106, 94.14175], [94.735466, 94.65073, 94.10988]]
[-5.375, -5.25, -5.125]
[4.125, 4.25, 4.375]
4.216965034285822e-06 13335.21432163324
[[94.60297, 0, 0], [0, 0, 0], [0, 0, 0]]
4.216965034285822e-06 17782.794100389227
[[94.60297, 95.34311, 0], [0, 0, 0], [0, 0, 0]]
4.216965034285822e-06 23713.737056616552
[[94.60297, 95.34311, 98.14121], [0, 0, 0], [0, 0, 0]]
5.623413251903491e-06 13335.21432163324
[[94.60297, 95.34311, 98.14121], [93.971275, 0, 0], [0, 0, 0]]
5.623413251903491e-06 17782.794100389227
[[94.60297, 95.34311, 98.14121], [93.971275, 94.62142, 0], [0, 0, 0]]
5.623413251903491e-06 23713.737056616552
[[94.60297, 95.34311, 98.14121], [93.971275, 94.62142, 97.73742], [0, 0, 0]]
7.498942093324558e-06 13335.21432163324
[[94.60297, 95.34311, 98.14121], [93.971275, 94.62142, 97.73742], [94.10142, 0, 0]]
7.498942093324558e-06 17782.794100389227
[[94.60297, 95.34311, 98.14121], [93.971275, 94.62142, 97.73742], [94.10142, 94.42347, 0]]
7.498942093324558e-06 23713.737056616552
[[94.60297, 95.34311, 98.14121], [93.971275, 94.62142, 97.73742], [94.10142, 94.42347, 94.49333]]
[-5.3125, -5.25, -5.1875]
[4.0625, 4.125, 4.1875]
3 5
Score: 93.971275
5.623413251903491e-06 13335.21432163324
Time 21103.08662891388
