Created graph
0.1 1000
[[inf, 0, 0], [0, 0, 0], [0, 0, 0]]
0.1 100000
[[inf, 1.4860696e+19, 0], [0, 0, 0], [0, 0, 0]]
0.1 10000000
[[inf, 1.4860696e+19, 8.7915147e+18], [0, 0, 0], [0, 0, 0]]
1e-05 1000
[[inf, 1.4860696e+19, 8.7915147e+18], [106.03886, 0, 0], [0, 0, 0]]
1e-05 100000
[[inf, 1.4860696e+19, 8.7915147e+18], [106.03886, 121.26218, 0], [0, 0, 0]]
1e-05 10000000
[[inf, 1.4860696e+19, 8.7915147e+18], [106.03886, 121.26218, 243.0905], [0, 0, 0]]
1e-09 1000
[[inf, 1.4860696e+19, 8.7915147e+18], [106.03886, 121.26218, 243.0905], [274.30722, 0, 0]]
1e-09 100000
[[inf, 1.4860696e+19, 8.7915147e+18], [106.03886, 121.26218, 243.0905], [274.30722, 273.02402, 0]]
1e-09 10000000
[[inf, 1.4860696e+19, 8.7915147e+18], [106.03886, 121.26218, 243.0905], [274.30722, 273.02402, 273.34198]]
[-7.0, -5, -3.0]
[1.0, 3, 5.0]
1e-07 10.0
[[264.66995, 0, 0], [0, 0, 0], [0, 0, 0]]
1e-07 1000
[[264.66995, 265.10028, 0], [0, 0, 0], [0, 0, 0]]
1e-07 100000.0
[[264.66995, 265.10028, 263.9661], [0, 0, 0], [0, 0, 0]]
1e-05 10.0
[[264.66995, 265.10028, 263.9661], [105.90593, 0, 0], [0, 0, 0]]
1e-05 1000
[[264.66995, 265.10028, 263.9661], [105.90593, 105.22108, 0], [0, 0, 0]]
1e-05 100000.0
[[264.66995, 265.10028, 263.9661], [105.90593, 105.22108, 121.10442], [0, 0, 0]]
0.001 10.0
[[264.66995, 265.10028, 263.9661], [105.90593, 105.22108, 121.10442], [118.77805, 0, 0]]
0.001 1000
[[264.66995, 265.10028, 263.9661], [105.90593, 105.22108, 121.10442], [118.77805, 119.761314, 0]]
0.001 100000.0
[[264.66995, 265.10028, 263.9661], [105.90593, 105.22108, 121.10442], [118.77805, 119.761314, 175.31732]]
[-6.0, -5, -4.0]
[2.0, 3, 4.0]
1e-06 100.0
[[140.09534, 0, 0], [0, 0, 0], [0, 0, 0]]
1e-06 1000
[[140.09534, 140.56265, 0], [0, 0, 0], [0, 0, 0]]
1e-06 10000.0
[[140.09534, 140.56265, 139.21692], [0, 0, 0], [0, 0, 0]]
1e-05 100.0
[[140.09534, 140.56265, 139.21692], [107.01107, 0, 0], [0, 0, 0]]
1e-05 1000
[[140.09534, 140.56265, 139.21692], [107.01107, 107.87949, 0], [0, 0, 0]]
1e-05 10000.0
[[140.09534, 140.56265, 139.21692], [107.01107, 107.87949, 108.26961], [0, 0, 0]]
0.0001 100.0
[[140.09534, 140.56265, 139.21692], [107.01107, 107.87949, 108.26961], [111.574326, 0, 0]]
0.0001 1000
[[140.09534, 140.56265, 139.21692], [107.01107, 107.87949, 108.26961], [111.574326, 111.065544, 0]]
0.0001 10000.0
[[140.09534, 140.56265, 139.21692], [107.01107, 107.87949, 108.26961], [111.574326, 111.065544, 107.22509]]
[-5.5, -5, -4.5]
[1.5, 2.0, 2.5]
3.162277660168379e-06 31.622776601683793
[[111.491455, 0, 0], [0, 0, 0], [0, 0, 0]]
3.162277660168379e-06 100.0
[[111.491455, 106.96059, 0], [0, 0, 0], [0, 0, 0]]
3.162277660168379e-06 316.22776601683796
[[111.491455, 106.96059, 107.13944], [0, 0, 0], [0, 0, 0]]
1e-05 31.622776601683793
[[111.491455, 106.96059, 107.13944], [104.849304, 0, 0], [0, 0, 0]]
1e-05 100.0
[[111.491455, 106.96059, 107.13944], [104.849304, 104.8373, 0], [0, 0, 0]]
1e-05 316.22776601683796
[[111.491455, 106.96059, 107.13944], [104.849304, 104.8373, 106.42792], [0, 0, 0]]
3.1622776601683795e-05 31.622776601683793
[[111.491455, 106.96059, 107.13944], [104.849304, 104.8373, 106.42792], [105.848404, 0, 0]]
3.1622776601683795e-05 100.0
[[111.491455, 106.96059, 107.13944], [104.849304, 104.8373, 106.42792], [105.848404, 102.91731, 0]]
3.1622776601683795e-05 316.22776601683796
[[111.491455, 106.96059, 107.13944], [104.849304, 104.8373, 106.42792], [105.848404, 102.91731, 103.959045]]
[-4.75, -4.5, -4.25]
[1.75, 2.0, 2.25]
1.778279410038923e-05 56.23413251903491
[[105.72861, 0, 0], [0, 0, 0], [0, 0, 0]]
1.778279410038923e-05 100.0
[[105.72861, 107.60353, 0], [0, 0, 0], [0, 0, 0]]
1.778279410038923e-05 177.82794100389228
[[105.72861, 107.60353, 105.11551], [0, 0, 0], [0, 0, 0]]
3.1622776601683795e-05 56.23413251903491
[[105.72861, 107.60353, 105.11551], [107.95921, 0, 0], [0, 0, 0]]
3.1622776601683795e-05 100.0
[[105.72861, 107.60353, 105.11551], [107.95921, 105.11605, 0], [0, 0, 0]]
3.1622776601683795e-05 177.82794100389228
[[105.72861, 107.60353, 105.11551], [107.95921, 105.11605, 107.905235], [0, 0, 0]]
5.623413251903491e-05 56.23413251903491
[[105.72861, 107.60353, 105.11551], [107.95921, 105.11605, 107.905235], [110.716255, 0, 0]]
5.623413251903491e-05 100.0
[[105.72861, 107.60353, 105.11551], [107.95921, 105.11605, 107.905235], [110.716255, 112.14683, 0]]
5.623413251903491e-05 177.82794100389228
[[105.72861, 107.60353, 105.11551], [107.95921, 105.11605, 107.905235], [110.716255, 112.14683, 109.04262]]
[-4.875, -4.75, -4.625]
[2.125, 2.25, 2.375]
1.333521432163324e-05 133.3521432163324
[[105.7634, 0, 0], [0, 0, 0], [0, 0, 0]]
1.333521432163324e-05 177.82794100389228
[[105.7634, 106.36143, 0], [0, 0, 0], [0, 0, 0]]
1.333521432163324e-05 237.13737056616552
[[105.7634, 106.36143, 106.17254], [0, 0, 0], [0, 0, 0]]
1.778279410038923e-05 133.3521432163324
[[105.7634, 106.36143, 106.17254], [107.650444, 0, 0], [0, 0, 0]]
1.778279410038923e-05 177.82794100389228
[[105.7634, 106.36143, 106.17254], [107.650444, 104.99904, 0], [0, 0, 0]]
1.778279410038923e-05 237.13737056616552
[[105.7634, 106.36143, 106.17254], [107.650444, 104.99904, 104.60287], [0, 0, 0]]
2.3713737056616554e-05 133.3521432163324
[[105.7634, 106.36143, 106.17254], [107.650444, 104.99904, 104.60287], [104.69646, 0, 0]]
2.3713737056616554e-05 177.82794100389228
[[105.7634, 106.36143, 106.17254], [107.650444, 104.99904, 104.60287], [104.69646, 105.86246, 0]]
2.3713737056616554e-05 237.13737056616552
[[105.7634, 106.36143, 106.17254], [107.650444, 104.99904, 104.60287], [104.69646, 105.86246, 106.52278]]
[-4.8125, -4.75, -4.6875]
[2.3125, 2.375, 2.4375]
3 250
Score: 104.60287
1.778279410038923e-05 237.13737056616552
Time 14969.931137084961
