Created graph
0.1 1000
[[inf, 0, 0], [0, 0, 0], [0, 0, 0]]
0.1 100000
[[inf, 1.2862101e+19, 0], [0, 0, 0], [0, 0, 0]]
0.1 10000000
[[inf, 1.2862101e+19, inf], [0, 0, 0], [0, 0, 0]]
1e-05 1000
[[inf, 1.2862101e+19, inf], [100.57926, 0, 0], [0, 0, 0]]
1e-05 100000
[[inf, 1.2862101e+19, inf], [100.57926, 126.84137, 0], [0, 0, 0]]
1e-05 10000000
[[inf, 1.2862101e+19, inf], [100.57926, 126.84137, 225.4691], [0, 0, 0]]
1e-09 1000
[[inf, 1.2862101e+19, inf], [100.57926, 126.84137, 225.4691], [255.53366, 0, 0]]
1e-09 100000
[[inf, 1.2862101e+19, inf], [100.57926, 126.84137, 225.4691], [255.53366, 256.07416, 0]]
1e-09 10000000
[[inf, 1.2862101e+19, inf], [100.57926, 126.84137, 225.4691], [255.53366, 256.07416, 255.82153]]
[-7.0, -5, -3.0]
[1.0, 3, 5.0]
1e-07 10.0
[[239.39049, 0, 0], [0, 0, 0], [0, 0, 0]]
1e-07 1000
[[239.39049, 240.07399, 0], [0, 0, 0], [0, 0, 0]]
1e-07 100000.0
[[239.39049, 240.07399, 240.57187], [0, 0, 0], [0, 0, 0]]
1e-05 10.0
[[239.39049, 240.07399, 240.57187], [104.7806, 0, 0], [0, 0, 0]]
1e-05 1000
[[239.39049, 240.07399, 240.57187], [104.7806, 105.05682, 0], [0, 0, 0]]
1e-05 100000.0
[[239.39049, 240.07399, 240.57187], [104.7806, 105.05682, 126.88472], [0, 0, 0]]
0.001 10.0
[[239.39049, 240.07399, 240.57187], [104.7806, 105.05682, 126.88472], [198.62546, 0, 0]]
0.001 1000
[[239.39049, 240.07399, 240.57187], [104.7806, 105.05682, 126.88472], [198.62546, 134.99762, 0]]
0.001 100000.0
[[239.39049, 240.07399, 240.57187], [104.7806, 105.05682, 126.88472], [198.62546, 134.99762, 202.04811]]
[-6.0, -5, -4.0]
[0.0, 1.0, 2.0]
1e-06 1.0
[[136.83687, 0, 0], [0, 0, 0], [0, 0, 0]]
1e-06 10.0
[[136.83687, 136.88927, 0], [0, 0, 0], [0, 0, 0]]
1e-06 100.0
[[136.83687, 136.88927, 136.51067], [0, 0, 0], [0, 0, 0]]
1e-05 1.0
[[136.83687, 136.88927, 136.51067], [104.243164, 0, 0], [0, 0, 0]]
1e-05 10.0
[[136.83687, 136.88927, 136.51067], [104.243164, 108.20333, 0], [0, 0, 0]]
1e-05 100.0
[[136.83687, 136.88927, 136.51067], [104.243164, 108.20333, 100.642975], [0, 0, 0]]
0.0001 1.0
[[136.83687, 136.88927, 136.51067], [104.243164, 108.20333, 100.642975], [109.78166, 0, 0]]
0.0001 10.0
[[136.83687, 136.88927, 136.51067], [104.243164, 108.20333, 100.642975], [109.78166, 112.26727, 0]]
0.0001 100.0
[[136.83687, 136.88927, 136.51067], [104.243164, 108.20333, 100.642975], [109.78166, 112.26727, 113.6399]]
[-5.5, -5, -4.5]
[1.5, 2.0, 2.5]
3.162277660168379e-06 31.622776601683793
[[106.61148, 0, 0], [0, 0, 0], [0, 0, 0]]
3.162277660168379e-06 100.0
[[106.61148, 105.34219, 0], [0, 0, 0], [0, 0, 0]]
3.162277660168379e-06 316.22776601683796
[[106.61148, 105.34219, 107.885956], [0, 0, 0], [0, 0, 0]]
1e-05 31.622776601683793
[[106.61148, 105.34219, 107.885956], [102.17589, 0, 0], [0, 0, 0]]
1e-05 100.0
[[106.61148, 105.34219, 107.885956], [102.17589, 107.43783, 0], [0, 0, 0]]
1e-05 316.22776601683796
[[106.61148, 105.34219, 107.885956], [102.17589, 107.43783, 106.2422], [0, 0, 0]]
3.1622776601683795e-05 31.622776601683793
[[106.61148, 105.34219, 107.885956], [102.17589, 107.43783, 106.2422], [102.07886, 0, 0]]
3.1622776601683795e-05 100.0
[[106.61148, 105.34219, 107.885956], [102.17589, 107.43783, 106.2422], [102.07886, 104.00199, 0]]
3.1622776601683795e-05 316.22776601683796
[[106.61148, 105.34219, 107.885956], [102.17589, 107.43783, 106.2422], [102.07886, 104.00199, 102.09941]]
[-4.75, -4.5, -4.25]
[1.25, 1.5, 1.75]
1.778279410038923e-05 17.78279410038923
[[103.42155, 0, 0], [0, 0, 0], [0, 0, 0]]
1.778279410038923e-05 31.622776601683793
[[103.42155, 104.03184, 0], [0, 0, 0], [0, 0, 0]]
1.778279410038923e-05 56.23413251903491
[[103.42155, 104.03184, 106.12115], [0, 0, 0], [0, 0, 0]]
3.1622776601683795e-05 17.78279410038923
[[103.42155, 104.03184, 106.12115], [102.19982, 0, 0], [0, 0, 0]]
3.1622776601683795e-05 31.622776601683793
[[103.42155, 104.03184, 106.12115], [102.19982, 102.46689, 0], [0, 0, 0]]
3.1622776601683795e-05 56.23413251903491
[[103.42155, 104.03184, 106.12115], [102.19982, 102.46689, 102.34319], [0, 0, 0]]
5.623413251903491e-05 17.78279410038923
[[103.42155, 104.03184, 106.12115], [102.19982, 102.46689, 102.34319], [105.78676, 0, 0]]
5.623413251903491e-05 31.622776601683793
[[103.42155, 104.03184, 106.12115], [102.19982, 102.46689, 102.34319], [105.78676, 102.69384, 0]]
5.623413251903491e-05 56.23413251903491
[[103.42155, 104.03184, 106.12115], [102.19982, 102.46689, 102.34319], [105.78676, 102.69384, 105.296524]]
[-4.625, -4.5, -4.375]
[1.125, 1.25, 1.375]
2.3713737056616554e-05 13.33521432163324
[[101.159096, 0, 0], [0, 0, 0], [0, 0, 0]]
2.3713737056616554e-05 17.78279410038923
[[101.159096, 100.77796, 0], [0, 0, 0], [0, 0, 0]]
2.3713737056616554e-05 23.71373705661655
[[101.159096, 100.77796, 100.96026], [0, 0, 0], [0, 0, 0]]
3.1622776601683795e-05 13.33521432163324
[[101.159096, 100.77796, 100.96026], [101.061226, 0, 0], [0, 0, 0]]
3.1622776601683795e-05 17.78279410038923
[[101.159096, 100.77796, 100.96026], [101.061226, 101.193634, 0], [0, 0, 0]]
3.1622776601683795e-05 23.71373705661655
[[101.159096, 100.77796, 100.96026], [101.061226, 101.193634, 102.19523], [0, 0, 0]]
4.216965034285822e-05 13.33521432163324
[[101.159096, 100.77796, 100.96026], [101.061226, 101.193634, 102.19523], [106.31335, 0, 0]]
4.216965034285822e-05 17.78279410038923
[[101.159096, 100.77796, 100.96026], [101.061226, 101.193634, 102.19523], [106.31335, 101.330864, 0]]
4.216965034285822e-05 23.71373705661655
[[101.159096, 100.77796, 100.96026], [101.061226, 101.193634, 102.19523], [106.31335, 101.330864, 103.77763]]
[-4.6875, -4.625, -4.5625]
[1.1875, 1.25, 1.3125]
7 25
Score: 100.77796
2.3713737056616554e-05 17.78279410038923
Time 14372.733752727509
