Created graph
0.1 1000
[[9.665392e+18, 0, 0], [0, 0, 0], [0, 0, 0]]
0.1 100000
[[9.665392e+18, inf, 0], [0, 0, 0], [0, 0, 0]]
0.1 10000000
[[9.665392e+18, inf, inf], [0, 0, 0], [0, 0, 0]]
1e-05 1000
[[9.665392e+18, inf, inf], [95.80885, 0, 0], [0, 0, 0]]
1e-05 100000
[[9.665392e+18, inf, inf], [95.80885, 105.55953, 0], [0, 0, 0]]
1e-05 10000000
[[9.665392e+18, inf, inf], [95.80885, 105.55953, 188.8957], [0, 0, 0]]
1e-09 1000
[[9.665392e+18, inf, inf], [95.80885, 105.55953, 188.8957], [210.5262, 0, 0]]
1e-09 100000
[[9.665392e+18, inf, inf], [95.80885, 105.55953, 188.8957], [210.5262, 211.19153, 0]]
1e-09 10000000
[[9.665392e+18, inf, inf], [95.80885, 105.55953, 188.8957], [210.5262, 211.19153, 211.40422]]
[-7.0, -5, -3.0]
[1.0, 3, 5.0]
1e-07 10.0
[[197.0956, 0, 0], [0, 0, 0], [0, 0, 0]]
1e-07 1000
[[197.0956, 194.1116, 0], [0, 0, 0], [0, 0, 0]]
1e-07 100000.0
[[197.0956, 194.1116, 195.63087], [0, 0, 0], [0, 0, 0]]
1e-05 10.0
[[197.0956, 194.1116, 195.63087], [91.02243, 0, 0], [0, 0, 0]]
1e-05 1000
[[197.0956, 194.1116, 195.63087], [91.02243, 92.75377, 0], [0, 0, 0]]
1e-05 100000.0
[[197.0956, 194.1116, 195.63087], [91.02243, 92.75377, 105.728386], [0, 0, 0]]
0.001 10.0
[[197.0956, 194.1116, 195.63087], [91.02243, 92.75377, 105.728386], [170.91177, 0, 0]]
0.001 1000
[[197.0956, 194.1116, 195.63087], [91.02243, 92.75377, 105.728386], [170.91177, 119.734505, 0]]
0.001 100000.0
[[197.0956, 194.1116, 195.63087], [91.02243, 92.75377, 105.728386], [170.91177, 119.734505, 178.25726]]
[-6.0, -5, -4.0]
[0.0, 1.0, 2.0]
1e-06 1.0
[[119.83868, 0, 0], [0, 0, 0], [0, 0, 0]]
1e-06 10.0
[[119.83868, 120.934326, 0], [0, 0, 0], [0, 0, 0]]
1e-06 100.0
[[119.83868, 120.934326, 115.53905], [0, 0, 0], [0, 0, 0]]
1e-05 1.0
[[119.83868, 120.934326, 115.53905], [92.38933, 0, 0], [0, 0, 0]]
1e-05 10.0
[[119.83868, 120.934326, 115.53905], [92.38933, 92.696045, 0], [0, 0, 0]]
1e-05 100.0
[[119.83868, 120.934326, 115.53905], [92.38933, 92.696045, 94.47984], [0, 0, 0]]
0.0001 1.0
[[119.83868, 120.934326, 115.53905], [92.38933, 92.696045, 94.47984], [103.58408, 0, 0]]
0.0001 10.0
[[119.83868, 120.934326, 115.53905], [92.38933, 92.696045, 94.47984], [103.58408, 101.81382, 0]]
0.0001 100.0
[[119.83868, 120.934326, 115.53905], [92.38933, 92.696045, 94.47984], [103.58408, 101.81382, 107.13168]]
[-5.5, -5, -4.5]
[-0.5, 0.0, 0.5]
3.162277660168379e-06 0.31622776601683794
[[94.55913, 0, 0], [0, 0, 0], [0, 0, 0]]
3.162277660168379e-06 1.0
[[94.55913, 94.304016, 0], [0, 0, 0], [0, 0, 0]]
3.162277660168379e-06 3.1622776601683795
[[94.55913, 94.304016, 93.44075], [0, 0, 0], [0, 0, 0]]
1e-05 0.31622776601683794
[[94.55913, 94.304016, 93.44075], [93.90506, 0, 0], [0, 0, 0]]
1e-05 1.0
[[94.55913, 94.304016, 93.44075], [93.90506, 91.62314, 0], [0, 0, 0]]
1e-05 3.1622776601683795
[[94.55913, 94.304016, 93.44075], [93.90506, 91.62314, 92.38547], [0, 0, 0]]
3.1622776601683795e-05 0.31622776601683794
[[94.55913, 94.304016, 93.44075], [93.90506, 91.62314, 92.38547], [94.79538, 0, 0]]
3.1622776601683795e-05 1.0
[[94.55913, 94.304016, 93.44075], [93.90506, 91.62314, 92.38547], [94.79538, 93.00463, 0]]
3.1622776601683795e-05 3.1622776601683795
[[94.55913, 94.304016, 93.44075], [93.90506, 91.62314, 92.38547], [94.79538, 93.00463, 93.67283]]
[-5.25, -5, -4.75]
[-0.25, 0.0, 0.25]
5.623413251903491e-06 0.5623413251903491
[[92.56892, 0, 0], [0, 0, 0], [0, 0, 0]]
5.623413251903491e-06 1.0
[[92.56892, 95.14192, 0], [0, 0, 0], [0, 0, 0]]
5.623413251903491e-06 1.7782794100389228
[[92.56892, 95.14192, 92.65739], [0, 0, 0], [0, 0, 0]]
1e-05 0.5623413251903491
[[92.56892, 95.14192, 92.65739], [92.63107, 0, 0], [0, 0, 0]]
1e-05 1.0
[[92.56892, 95.14192, 92.65739], [92.63107, 92.45637, 0], [0, 0, 0]]
1e-05 1.7782794100389228
[[92.56892, 95.14192, 92.65739], [92.63107, 92.45637, 94.35705], [0, 0, 0]]
1.778279410038923e-05 0.5623413251903491
[[92.56892, 95.14192, 92.65739], [92.63107, 92.45637, 94.35705], [93.857346, 0, 0]]
1.778279410038923e-05 1.0
[[92.56892, 95.14192, 92.65739], [92.63107, 92.45637, 94.35705], [93.857346, 94.0404, 0]]
1.778279410038923e-05 1.7782794100389228
[[92.56892, 95.14192, 92.65739], [92.63107, 92.45637, 94.35705], [93.857346, 94.0404, 92.63171]]
[-5.125, -5, -4.875]
[-0.125, 0.0, 0.125]
7.498942093324558e-06 0.7498942093324559
[[92.98289, 0, 0], [0, 0, 0], [0, 0, 0]]
7.498942093324558e-06 1.0
[[92.98289, 95.355835, 0], [0, 0, 0], [0, 0, 0]]
7.498942093324558e-06 1.333521432163324
[[92.98289, 95.355835, 94.93672], [0, 0, 0], [0, 0, 0]]
1e-05 0.7498942093324559
[[92.98289, 95.355835, 94.93672], [94.25932, 0, 0], [0, 0, 0]]
1e-05 1.0
[[92.98289, 95.355835, 94.93672], [94.25932, 93.11234, 0], [0, 0, 0]]
1e-05 1.333521432163324
[[92.98289, 95.355835, 94.93672], [94.25932, 93.11234, 94.25897], [0, 0, 0]]
1.333521432163324e-05 0.7498942093324559
[[92.98289, 95.355835, 94.93672], [94.25932, 93.11234, 94.25897], [91.74087, 0, 0]]
1.333521432163324e-05 1.0
[[92.98289, 95.355835, 94.93672], [94.25932, 93.11234, 94.25897], [91.74087, 91.55587, 0]]
1.333521432163324e-05 1.333521432163324
[[92.98289, 95.355835, 94.93672], [94.25932, 93.11234, 94.25897], [91.74087, 91.55587, 93.51401]]
[-4.9375, -4.875, -4.8125]
[-0.0625, 0.0, 0.0625]
7 10
Score: 91.55587
1.333521432163324e-05 1.0
Time 15828.867564678192
