Created graph
0.1 1000
[[inf, 0, 0], [0, 0, 0], [0, 0, 0]]
0.1 100000
[[inf, 1.1346743e+19, 0], [0, 0, 0], [0, 0, 0]]
0.1 10000000
[[inf, 1.1346743e+19, inf], [0, 0, 0], [0, 0, 0]]
1e-05 1000
[[inf, 1.1346743e+19, inf], [97.48505, 0, 0], [0, 0, 0]]
1e-05 100000
[[inf, 1.1346743e+19, inf], [97.48505, 106.005875, 0], [0, 0, 0]]
1e-05 10000000
[[inf, 1.1346743e+19, inf], [97.48505, 106.005875, 213.10338], [0, 0, 0]]
1e-09 1000
[[inf, 1.1346743e+19, inf], [97.48505, 106.005875, 213.10338], [240.03374, 0, 0]]
1e-09 100000
[[inf, 1.1346743e+19, inf], [97.48505, 106.005875, 213.10338], [240.03374, 239.20923, 0]]
1e-09 10000000
[[inf, 1.1346743e+19, inf], [97.48505, 106.005875, 213.10338], [240.03374, 239.20923, 238.4643]]
[-7.0, -5, -3.0]
[1.0, 3, 5.0]
1e-07 10.0
[[224.20381, 0, 0], [0, 0, 0], [0, 0, 0]]
1e-07 1000
[[224.20381, 221.73175, 0], [0, 0, 0], [0, 0, 0]]
1e-07 100000.0
[[224.20381, 221.73175, 223.62459], [0, 0, 0], [0, 0, 0]]
1e-05 10.0
[[224.20381, 221.73175, 223.62459], [96.10551, 0, 0], [0, 0, 0]]
1e-05 1000
[[224.20381, 221.73175, 223.62459], [96.10551, 97.826775, 0], [0, 0, 0]]
1e-05 100000.0
[[224.20381, 221.73175, 223.62459], [96.10551, 97.826775, 106.20192], [0, 0, 0]]
0.001 10.0
[[224.20381, 221.73175, 223.62459], [96.10551, 97.826775, 106.20192], [126.976456, 0, 0]]
0.001 1000
[[224.20381, 221.73175, 223.62459], [96.10551, 97.826775, 106.20192], [126.976456, 114.00907, 0]]
0.001 100000.0
[[224.20381, 221.73175, 223.62459], [96.10551, 97.826775, 106.20192], [126.976456, 114.00907, 201.54767]]
[-6.0, -5, -4.0]
[0.0, 1.0, 2.0]
1e-06 1.0
[[114.01267, 0, 0], [0, 0, 0], [0, 0, 0]]
1e-06 10.0
[[114.01267, 118.59606, 0], [0, 0, 0], [0, 0, 0]]
1e-06 100.0
[[114.01267, 118.59606, 117.02456], [0, 0, 0], [0, 0, 0]]
1e-05 1.0
[[114.01267, 118.59606, 117.02456], [97.73593, 0, 0], [0, 0, 0]]
1e-05 10.0
[[114.01267, 118.59606, 117.02456], [97.73593, 95.58972, 0], [0, 0, 0]]
1e-05 100.0
[[114.01267, 118.59606, 117.02456], [97.73593, 95.58972, 97.07692], [0, 0, 0]]
0.0001 1.0
[[114.01267, 118.59606, 117.02456], [97.73593, 95.58972, 97.07692], [113.445145, 0, 0]]
0.0001 10.0
[[114.01267, 118.59606, 117.02456], [97.73593, 95.58972, 97.07692], [113.445145, 109.56367, 0]]
0.0001 100.0
[[114.01267, 118.59606, 117.02456], [97.73593, 95.58972, 97.07692], [113.445145, 109.56367, 111.11972]]
[-5.5, -5, -4.5]
[0.5, 1.0, 1.5]
3.162277660168379e-06 3.1622776601683795
[[98.433945, 0, 0], [0, 0, 0], [0, 0, 0]]
3.162277660168379e-06 10.0
[[98.433945, 97.464874, 0], [0, 0, 0], [0, 0, 0]]
3.162277660168379e-06 31.622776601683793
[[98.433945, 97.464874, 98.5184], [0, 0, 0], [0, 0, 0]]
1e-05 3.1622776601683795
[[98.433945, 97.464874, 98.5184], [97.64909, 0, 0], [0, 0, 0]]
1e-05 10.0
[[98.433945, 97.464874, 98.5184], [97.64909, 97.43009, 0], [0, 0, 0]]
1e-05 31.622776601683793
[[98.433945, 97.464874, 98.5184], [97.64909, 97.43009, 99.43725], [0, 0, 0]]
3.1622776601683795e-05 3.1622776601683795
[[98.433945, 97.464874, 98.5184], [97.64909, 97.43009, 99.43725], [96.947586, 0, 0]]
3.1622776601683795e-05 10.0
[[98.433945, 97.464874, 98.5184], [97.64909, 97.43009, 99.43725], [96.947586, 97.02726, 0]]
3.1622776601683795e-05 31.622776601683793
[[98.433945, 97.464874, 98.5184], [97.64909, 97.43009, 99.43725], [96.947586, 97.02726, 105.76444]]
[-4.75, -4.5, -4.25]
[0.25, 0.5, 0.75]
1.778279410038923e-05 1.7782794100389228
[[96.96942, 0, 0], [0, 0, 0], [0, 0, 0]]
1.778279410038923e-05 3.1622776601683795
[[96.96942, 98.62065, 0], [0, 0, 0], [0, 0, 0]]
1.778279410038923e-05 5.623413251903491
[[96.96942, 98.62065, 100.40838], [0, 0, 0], [0, 0, 0]]
3.1622776601683795e-05 1.7782794100389228
[[96.96942, 98.62065, 100.40838], [96.32899, 0, 0], [0, 0, 0]]
3.1622776601683795e-05 3.1622776601683795
[[96.96942, 98.62065, 100.40838], [96.32899, 100.95424, 0], [0, 0, 0]]
3.1622776601683795e-05 5.623413251903491
[[96.96942, 98.62065, 100.40838], [96.32899, 100.95424, 100.68595], [0, 0, 0]]
5.623413251903491e-05 1.7782794100389228
[[96.96942, 98.62065, 100.40838], [96.32899, 100.95424, 100.68595], [106.5462, 0, 0]]
5.623413251903491e-05 3.1622776601683795
[[96.96942, 98.62065, 100.40838], [96.32899, 100.95424, 100.68595], [106.5462, 102.44722, 0]]
5.623413251903491e-05 5.623413251903491
[[96.96942, 98.62065, 100.40838], [96.32899, 100.95424, 100.68595], [106.5462, 102.44722, 102.65597]]
[-4.625, -4.5, -4.375]
[0.125, 0.25, 0.375]
2.3713737056616554e-05 1.333521432163324
[[97.18632, 0, 0], [0, 0, 0], [0, 0, 0]]
2.3713737056616554e-05 1.7782794100389228
[[97.18632, 96.859474, 0], [0, 0, 0], [0, 0, 0]]
2.3713737056616554e-05 2.371373705661655
[[97.18632, 96.859474, 100.49924], [0, 0, 0], [0, 0, 0]]
3.1622776601683795e-05 1.333521432163324
[[97.18632, 96.859474, 100.49924], [96.54496, 0, 0], [0, 0, 0]]
3.1622776601683795e-05 1.7782794100389228
[[97.18632, 96.859474, 100.49924], [96.54496, 98.12701, 0], [0, 0, 0]]
3.1622776601683795e-05 2.371373705661655
[[97.18632, 96.859474, 100.49924], [96.54496, 98.12701, 100.05611], [0, 0, 0]]
4.216965034285822e-05 1.333521432163324
[[97.18632, 96.859474, 100.49924], [96.54496, 98.12701, 100.05611], [97.4097, 0, 0]]
4.216965034285822e-05 1.7782794100389228
[[97.18632, 96.859474, 100.49924], [96.54496, 98.12701, 100.05611], [97.4097, 97.56783, 0]]
4.216965034285822e-05 2.371373705661655
[[97.18632, 96.859474, 100.49924], [96.54496, 98.12701, 100.05611], [97.4097, 97.56783, 102.91036]]
[-4.5625, -4.5, -4.4375]
[0.0625, 0.125, 0.1875]
6 200
Score: 96.54496
3.1622776601683795e-05 1.333521432163324
Time 14390.50648188591
