Created graph
0.1 1000
[[1.6386069e+19, 0, 0], [0, 0, 0], [0, 0, 0]]
0.1 100000
[[1.6386069e+19, inf, 0], [0, 0, 0], [0, 0, 0]]
0.1 10000000
[[1.6386069e+19, inf, inf], [0, 0, 0], [0, 0, 0]]
1e-05 1000
[[1.6386069e+19, inf, inf], [93.82788, 0, 0], [0, 0, 0]]
1e-05 100000
[[1.6386069e+19, inf, inf], [93.82788, 115.48196, 0], [0, 0, 0]]
1e-05 10000000
[[1.6386069e+19, inf, inf], [93.82788, 115.48196, 231.92569], [0, 0, 0]]
1e-09 1000
[[1.6386069e+19, inf, inf], [93.82788, 115.48196, 231.92569], [254.72017, 0, 0]]
1e-09 100000
[[1.6386069e+19, inf, inf], [93.82788, 115.48196, 231.92569], [254.72017, 253.69865, 0]]
1e-09 10000000
[[1.6386069e+19, inf, inf], [93.82788, 115.48196, 231.92569], [254.72017, 253.69865, 254.42767]]
[-7.0, -5, -3.0]
[1.0, 3, 5.0]
1e-07 10.0
[[239.68318, 0, 0], [0, 0, 0], [0, 0, 0]]
1e-07 1000
[[239.68318, 239.19067, 0], [0, 0, 0], [0, 0, 0]]
1e-07 100000.0
[[239.68318, 239.19067, 240.39825], [0, 0, 0], [0, 0, 0]]
1e-05 10.0
[[239.68318, 239.19067, 240.39825], [94.1242, 0, 0], [0, 0, 0]]
1e-05 1000
[[239.68318, 239.19067, 240.39825], [94.1242, 94.13791, 0], [0, 0, 0]]
1e-05 100000.0
[[239.68318, 239.19067, 240.39825], [94.1242, 94.13791, 114.27834], [0, 0, 0]]
0.001 10.0
[[239.68318, 239.19067, 240.39825], [94.1242, 94.13791, 114.27834], [185.67912, 0, 0]]
0.001 1000
[[239.68318, 239.19067, 240.39825], [94.1242, 94.13791, 114.27834], [185.67912, 142.0153, 0]]
0.001 100000.0
[[239.68318, 239.19067, 240.39825], [94.1242, 94.13791, 114.27834], [185.67912, 142.0153, 198.02626]]
[-6.0, -5, -4.0]
[0.0, 1.0, 2.0]
1e-06 1.0
[[117.248055, 0, 0], [0, 0, 0], [0, 0, 0]]
1e-06 10.0
[[117.248055, 118.89726, 0], [0, 0, 0], [0, 0, 0]]
1e-06 100.0
[[117.248055, 118.89726, 119.8818], [0, 0, 0], [0, 0, 0]]
1e-05 1.0
[[117.248055, 118.89726, 119.8818], [97.07171, 0, 0], [0, 0, 0]]
1e-05 10.0
[[117.248055, 118.89726, 119.8818], [97.07171, 94.76963, 0], [0, 0, 0]]
1e-05 100.0
[[117.248055, 118.89726, 119.8818], [97.07171, 94.76963, 97.67414], [0, 0, 0]]
0.0001 1.0
[[117.248055, 118.89726, 119.8818], [97.07171, 94.76963, 97.67414], [108.61636, 0, 0]]
0.0001 10.0
[[117.248055, 118.89726, 119.8818], [97.07171, 94.76963, 97.67414], [108.61636, 106.32751, 0]]
0.0001 100.0
[[117.248055, 118.89726, 119.8818], [97.07171, 94.76963, 97.67414], [108.61636, 106.32751, 99.346725]]
[-5.5, -5, -4.5]
[0.5, 1.0, 1.5]
3.162277660168379e-06 3.1622776601683795
[[97.87182, 0, 0], [0, 0, 0], [0, 0, 0]]
3.162277660168379e-06 10.0
[[97.87182, 97.22278, 0], [0, 0, 0], [0, 0, 0]]
3.162277660168379e-06 31.622776601683793
[[97.87182, 97.22278, 98.9373], [0, 0, 0], [0, 0, 0]]
1e-05 3.1622776601683795
[[97.87182, 97.22278, 98.9373], [94.43499, 0, 0], [0, 0, 0]]
1e-05 10.0
[[97.87182, 97.22278, 98.9373], [94.43499, 95.76841, 0], [0, 0, 0]]
1e-05 31.622776601683793
[[97.87182, 97.22278, 98.9373], [94.43499, 95.76841, 94.14616], [0, 0, 0]]
3.1622776601683795e-05 3.1622776601683795
[[97.87182, 97.22278, 98.9373], [94.43499, 95.76841, 94.14616], [93.35161, 0, 0]]
3.1622776601683795e-05 10.0
[[97.87182, 97.22278, 98.9373], [94.43499, 95.76841, 94.14616], [93.35161, 93.17274, 0]]
3.1622776601683795e-05 31.622776601683793
[[97.87182, 97.22278, 98.9373], [94.43499, 95.76841, 94.14616], [93.35161, 93.17274, 94.86773]]
[-4.75, -4.5, -4.25]
[0.75, 1.0, 1.25]
1.778279410038923e-05 5.623413251903491
[[93.35116, 0, 0], [0, 0, 0], [0, 0, 0]]
1.778279410038923e-05 10.0
[[93.35116, 94.02794, 0], [0, 0, 0], [0, 0, 0]]
1.778279410038923e-05 17.78279410038923
[[93.35116, 94.02794, 95.762566], [0, 0, 0], [0, 0, 0]]
3.1622776601683795e-05 5.623413251903491
[[93.35116, 94.02794, 95.762566], [92.996475, 0, 0], [0, 0, 0]]
3.1622776601683795e-05 10.0
[[93.35116, 94.02794, 95.762566], [92.996475, 93.941666, 0], [0, 0, 0]]
3.1622776601683795e-05 17.78279410038923
[[93.35116, 94.02794, 95.762566], [92.996475, 93.941666, 93.50584], [0, 0, 0]]
5.623413251903491e-05 5.623413251903491
[[93.35116, 94.02794, 95.762566], [92.996475, 93.941666, 93.50584], [99.14398, 0, 0]]
5.623413251903491e-05 10.0
[[93.35116, 94.02794, 95.762566], [92.996475, 93.941666, 93.50584], [99.14398, 98.57623, 0]]
5.623413251903491e-05 17.78279410038923
[[93.35116, 94.02794, 95.762566], [92.996475, 93.941666, 93.50584], [99.14398, 98.57623, 98.29925]]
[-4.625, -4.5, -4.375]
[0.625, 0.75, 0.875]
2.3713737056616554e-05 4.216965034285822
[[95.17034, 0, 0], [0, 0, 0], [0, 0, 0]]
2.3713737056616554e-05 5.623413251903491
[[95.17034, 92.811775, 0], [0, 0, 0], [0, 0, 0]]
2.3713737056616554e-05 7.498942093324558
[[95.17034, 92.811775, 94.923325], [0, 0, 0], [0, 0, 0]]
3.1622776601683795e-05 4.216965034285822
[[95.17034, 92.811775, 94.923325], [98.5997, 0, 0], [0, 0, 0]]
3.1622776601683795e-05 5.623413251903491
[[95.17034, 92.811775, 94.923325], [98.5997, 94.34779, 0], [0, 0, 0]]
3.1622776601683795e-05 7.498942093324558
[[95.17034, 92.811775, 94.923325], [98.5997, 94.34779, 94.96991], [0, 0, 0]]
4.216965034285822e-05 4.216965034285822
[[95.17034, 92.811775, 94.923325], [98.5997, 94.34779, 94.96991], [96.75873, 0, 0]]
4.216965034285822e-05 5.623413251903491
[[95.17034, 92.811775, 94.923325], [98.5997, 94.34779, 94.96991], [96.75873, 95.32848, 0]]
4.216965034285822e-05 7.498942093324558
[[95.17034, 92.811775, 94.923325], [98.5997, 94.34779, 94.96991], [96.75873, 95.32848, 96.53582]]
[-4.6875, -4.625, -4.5625]
[0.6875, 0.75, 0.8125]
7 250
Score: 92.811775
2.3713737056616554e-05 5.623413251903491
Time 14103.602823019028
