Created graph
0.1 1000
[[1.012641e+19, 0, 0], [0, 0, 0], [0, 0, 0]]
0.1 100000
[[1.012641e+19, 1.1620399e+19, 0], [0, 0, 0], [0, 0, 0]]
0.1 10000000
[[1.012641e+19, 1.1620399e+19, inf], [0, 0, 0], [0, 0, 0]]
1e-05 1000
[[1.012641e+19, 1.1620399e+19, inf], [95.54702, 0, 0], [0, 0, 0]]
1e-05 100000
[[1.012641e+19, 1.1620399e+19, inf], [95.54702, 102.55735, 0], [0, 0, 0]]
1e-05 10000000
[[1.012641e+19, 1.1620399e+19, inf], [95.54702, 102.55735, 182.2728], [0, 0, 0]]
1e-09 1000
[[1.012641e+19, 1.1620399e+19, inf], [95.54702, 102.55735, 182.2728], [209.15823, 0, 0]]
1e-09 100000
[[1.012641e+19, 1.1620399e+19, inf], [95.54702, 102.55735, 182.2728], [209.15823, 209.05594, 0]]
1e-09 10000000
[[1.012641e+19, 1.1620399e+19, inf], [95.54702, 102.55735, 182.2728], [209.15823, 209.05594, 209.55176]]
[-7.0, -5, -3.0]
[1.0, 3, 5.0]
1e-07 10.0
[[195.65982, 0, 0], [0, 0, 0], [0, 0, 0]]
1e-07 1000
[[195.65982, 196.3025, 0], [0, 0, 0], [0, 0, 0]]
1e-07 100000.0
[[195.65982, 196.3025, 195.64973], [0, 0, 0], [0, 0, 0]]
1e-05 10.0
[[195.65982, 196.3025, 195.64973], [95.58181, 0, 0], [0, 0, 0]]
1e-05 1000
[[195.65982, 196.3025, 195.64973], [95.58181, 96.859024, 0], [0, 0, 0]]
1e-05 100000.0
[[195.65982, 196.3025, 195.64973], [95.58181, 96.859024, 102.636086], [0, 0, 0]]
0.001 10.0
[[195.65982, 196.3025, 195.64973], [95.58181, 96.859024, 102.636086], [95.51383, 0, 0]]
0.001 1000
[[195.65982, 196.3025, 195.64973], [95.58181, 96.859024, 102.636086], [95.51383, 91.4604, 0]]
0.001 100000.0
[[195.65982, 196.3025, 195.64973], [95.58181, 96.859024, 102.636086], [95.51383, 91.4604, 122.870316]]
[-4.0, -3.0, -2.0]
[2.0, 3, 4.0]
0.0001 100.0
[[92.98545, 0, 0], [0, 0, 0], [0, 0, 0]]
0.0001 1000
[[92.98545, 94.09816, 0], [0, 0, 0], [0, 0, 0]]
0.0001 10000.0
[[92.98545, 94.09816, 91.18118], [0, 0, 0], [0, 0, 0]]
0.001 100.0
[[92.98545, 94.09816, 91.18118], [95.38709, 0, 0], [0, 0, 0]]
0.001 1000
[[92.98545, 94.09816, 91.18118], [95.38709, 91.46092, 0], [0, 0, 0]]
0.001 10000.0
[[92.98545, 94.09816, 91.18118], [95.38709, 91.46092, 92.470406], [0, 0, 0]]
0.01 100.0
[[92.98545, 94.09816, 91.18118], [95.38709, 91.46092, 92.470406], [214.84645, 0, 0]]
0.01 1000
[[92.98545, 94.09816, 91.18118], [95.38709, 91.46092, 92.470406], [214.84645, 214.84645, 0]]
0.01 10000.0
[[92.98545, 94.09816, 91.18118], [95.38709, 91.46092, 92.470406], [214.84645, 214.84645, 214.84296]]
[-4.5, -4.0, -3.5]
[3.5, 4.0, 4.5]
3.1622776601683795e-05 3162.2776601683795
[[93.20434, 0, 0], [0, 0, 0], [0, 0, 0]]
3.1622776601683795e-05 10000.0
[[93.20434, 93.19226, 0], [0, 0, 0], [0, 0, 0]]
3.1622776601683795e-05 31622.776601683792
[[93.20434, 93.19226, 93.95414], [0, 0, 0], [0, 0, 0]]
0.0001 3162.2776601683795
[[93.20434, 93.19226, 93.95414], [90.46976, 0, 0], [0, 0, 0]]
0.0001 10000.0
[[93.20434, 93.19226, 93.95414], [90.46976, 88.80499, 0], [0, 0, 0]]
0.0001 31622.776601683792
[[93.20434, 93.19226, 93.95414], [90.46976, 88.80499, 90.430336], [0, 0, 0]]
0.00031622776601683794 3162.2776601683795
[[93.20434, 93.19226, 93.95414], [90.46976, 88.80499, 90.430336], [93.784, 0, 0]]
0.00031622776601683794 10000.0
[[93.20434, 93.19226, 93.95414], [90.46976, 88.80499, 90.430336], [93.784, 91.40103, 0]]
0.00031622776601683794 31622.776601683792
[[93.20434, 93.19226, 93.95414], [90.46976, 88.80499, 90.430336], [93.784, 91.40103, 87.53848]]
[-3.75, -3.5, -3.25]
[4.25, 4.5, 4.75]
0.00017782794100389227 17782.794100389227
[[89.6325, 0, 0], [0, 0, 0], [0, 0, 0]]
0.00017782794100389227 31622.776601683792
[[89.6325, 89.46304, 0], [0, 0, 0], [0, 0, 0]]
0.00017782794100389227 56234.13251903491
[[89.6325, 89.46304, 89.9112], [0, 0, 0], [0, 0, 0]]
0.00031622776601683794 17782.794100389227
[[89.6325, 89.46304, 89.9112], [89.10538, 0, 0], [0, 0, 0]]
0.00031622776601683794 31622.776601683792
[[89.6325, 89.46304, 89.9112], [89.10538, 86.61277, 0], [0, 0, 0]]
0.00031622776601683794 56234.13251903491
[[89.6325, 89.46304, 89.9112], [89.10538, 86.61277, 88.019775], [0, 0, 0]]
0.0005623413251903491 17782.794100389227
[[89.6325, 89.46304, 89.9112], [89.10538, 86.61277, 88.019775], [88.976944, 0, 0]]
0.0005623413251903491 31622.776601683792
[[89.6325, 89.46304, 89.9112], [89.10538, 86.61277, 88.019775], [88.976944, 90.2215, 0]]
0.0005623413251903491 56234.13251903491
[[89.6325, 89.46304, 89.9112], [89.10538, 86.61277, 88.019775], [88.976944, 90.2215, 95.74073]]
[-3.625, -3.5, -3.375]
[4.375, 4.5, 4.625]
0.00023713737056616554 23713.737056616552
[[91.04921, 0, 0], [0, 0, 0], [0, 0, 0]]
0.00023713737056616554 31622.776601683792
[[91.04921, 90.59813, 0], [0, 0, 0], [0, 0, 0]]
0.00023713737056616554 42169.65034285822
[[91.04921, 90.59813, 88.40993], [0, 0, 0], [0, 0, 0]]
0.00031622776601683794 23713.737056616552
[[91.04921, 90.59813, 88.40993], [87.49354, 0, 0], [0, 0, 0]]
0.00031622776601683794 31622.776601683792
[[91.04921, 90.59813, 88.40993], [87.49354, 93.024, 0], [0, 0, 0]]
0.00031622776601683794 42169.65034285822
[[91.04921, 90.59813, 88.40993], [87.49354, 93.024, 88.31381], [0, 0, 0]]
0.00042169650342858224 23713.737056616552
[[91.04921, 90.59813, 88.40993], [87.49354, 93.024, 88.31381], [88.197876, 0, 0]]
0.00042169650342858224 31622.776601683792
[[91.04921, 90.59813, 88.40993], [87.49354, 93.024, 88.31381], [88.197876, 87.90713, 0]]
0.00042169650342858224 42169.65034285822
[[91.04921, 90.59813, 88.40993], [87.49354, 93.024, 88.31381], [88.197876, 87.90713, 89.46556]]
[-3.5625, -3.5, -3.4375]
[4.3125, 4.375, 4.4375]
4 250
Score: 87.49354
0.00031622776601683794 23713.737056616552
Time 10616.007781505585
