Created graph
0.1 1000
[[inf, 0, 0], [0, 0, 0], [0, 0, 0]]
0.1 100000
[[inf, inf, 0], [0, 0, 0], [0, 0, 0]]
0.1 10000000
[[inf, inf, inf], [0, 0, 0], [0, 0, 0]]
1e-05 1000
[[inf, inf, inf], [89.98152, 0, 0], [0, 0, 0]]
1e-05 100000
[[inf, inf, inf], [89.98152, 103.44226, 0], [0, 0, 0]]
1e-05 10000000
[[inf, inf, inf], [89.98152, 103.44226, 200.90779], [0, 0, 0]]
1e-09 1000
[[inf, inf, inf], [89.98152, 103.44226, 200.90779], [231.17903, 0, 0]]
1e-09 100000
[[inf, inf, inf], [89.98152, 103.44226, 200.90779], [231.17903, 231.76672, 0]]
1e-09 10000000
[[inf, inf, inf], [89.98152, 103.44226, 200.90779], [231.17903, 231.76672, 230.02922]]
[-7.0, -5, -3.0]
[1.0, 3, 5.0]
1e-07 10.0
[[215.57452, 0, 0], [0, 0, 0], [0, 0, 0]]
1e-07 1000
[[215.57452, 215.60161, 0], [0, 0, 0], [0, 0, 0]]
1e-07 100000.0
[[215.57452, 215.60161, 215.71703], [0, 0, 0], [0, 0, 0]]
1e-05 10.0
[[215.57452, 215.60161, 215.71703], [91.98916, 0, 0], [0, 0, 0]]
1e-05 1000
[[215.57452, 215.60161, 215.71703], [91.98916, 91.61397, 0], [0, 0, 0]]
1e-05 100000.0
[[215.57452, 215.60161, 215.71703], [91.98916, 91.61397, 103.53936], [0, 0, 0]]
0.001 10.0
[[215.57452, 215.60161, 215.71703], [91.98916, 91.61397, 103.53936], [115.57992, 0, 0]]
0.001 1000
[[215.57452, 215.60161, 215.71703], [91.98916, 91.61397, 103.53936], [115.57992, 119.86478, 0]]
0.001 100000.0
[[215.57452, 215.60161, 215.71703], [91.98916, 91.61397, 103.53936], [115.57992, 119.86478, 174.91762]]
[-6.0, -5, -4.0]
[2.0, 3, 4.0]
1e-06 100.0
[[118.75417, 0, 0], [0, 0, 0], [0, 0, 0]]
1e-06 1000
[[118.75417, 121.3752, 0], [0, 0, 0], [0, 0, 0]]
1e-06 10000.0
[[118.75417, 121.3752, 121.437225], [0, 0, 0], [0, 0, 0]]
1e-05 100.0
[[118.75417, 121.3752, 121.437225], [92.91541, 0, 0], [0, 0, 0]]
1e-05 1000
[[118.75417, 121.3752, 121.437225], [92.91541, 90.783455, 0], [0, 0, 0]]
1e-05 10000.0
[[118.75417, 121.3752, 121.437225], [92.91541, 90.783455, 91.30883], [0, 0, 0]]
0.0001 100.0
[[118.75417, 121.3752, 121.437225], [92.91541, 90.783455, 91.30883], [103.11864, 0, 0]]
0.0001 1000
[[118.75417, 121.3752, 121.437225], [92.91541, 90.783455, 91.30883], [103.11864, 102.530495, 0]]
0.0001 10000.0
[[118.75417, 121.3752, 121.437225], [92.91541, 90.783455, 91.30883], [103.11864, 102.530495, 95.538704]]
[-5.5, -5, -4.5]
[2.5, 3, 3.5]
3.162277660168379e-06 316.22776601683796
[[91.84782, 0, 0], [0, 0, 0], [0, 0, 0]]
3.162277660168379e-06 1000
[[91.84782, 92.28326, 0], [0, 0, 0], [0, 0, 0]]
3.162277660168379e-06 3162.2776601683795
[[91.84782, 92.28326, 92.51775], [0, 0, 0], [0, 0, 0]]
1e-05 316.22776601683796
[[91.84782, 92.28326, 92.51775], [91.959305, 0, 0], [0, 0, 0]]
1e-05 1000
[[91.84782, 92.28326, 92.51775], [91.959305, 91.808846, 0], [0, 0, 0]]
1e-05 3162.2776601683795
[[91.84782, 92.28326, 92.51775], [91.959305, 91.808846, 91.71145], [0, 0, 0]]
3.1622776601683795e-05 316.22776601683796
[[91.84782, 92.28326, 92.51775], [91.959305, 91.808846, 91.71145], [94.0857, 0, 0]]
3.1622776601683795e-05 1000
[[91.84782, 92.28326, 92.51775], [91.959305, 91.808846, 91.71145], [94.0857, 92.89414, 0]]
3.1622776601683795e-05 3162.2776601683795
[[91.84782, 92.28326, 92.51775], [91.959305, 91.808846, 91.71145], [94.0857, 92.89414, 93.089226]]
[-5.25, -5, -4.75]
[3.25, 3.5, 3.75]
5.623413251903491e-06 1778.2794100389228
[[90.18238, 0, 0], [0, 0, 0], [0, 0, 0]]
5.623413251903491e-06 3162.2776601683795
[[90.18238, 89.64336, 0], [0, 0, 0], [0, 0, 0]]
5.623413251903491e-06 5623.413251903491
[[90.18238, 89.64336, 92.32606], [0, 0, 0], [0, 0, 0]]
1e-05 1778.2794100389228
[[90.18238, 89.64336, 92.32606], [92.67711, 0, 0], [0, 0, 0]]
1e-05 3162.2776601683795
[[90.18238, 89.64336, 92.32606], [92.67711, 91.93585, 0], [0, 0, 0]]
1e-05 5623.413251903491
[[90.18238, 89.64336, 92.32606], [92.67711, 91.93585, 90.6838], [0, 0, 0]]
1.778279410038923e-05 1778.2794100389228
[[90.18238, 89.64336, 92.32606], [92.67711, 91.93585, 90.6838], [91.08051, 0, 0]]
1.778279410038923e-05 3162.2776601683795
[[90.18238, 89.64336, 92.32606], [92.67711, 91.93585, 90.6838], [91.08051, 91.866104, 0]]
1.778279410038923e-05 5623.413251903491
[[90.18238, 89.64336, 92.32606], [92.67711, 91.93585, 90.6838], [91.08051, 91.866104, 91.59829]]
[-5.375, -5.25, -5.125]
[3.375, 3.5, 3.625]
4.216965034285822e-06 2371.373705661655
[[91.994, 0, 0], [0, 0, 0], [0, 0, 0]]
4.216965034285822e-06 3162.2776601683795
[[91.994, 91.0882, 0], [0, 0, 0], [0, 0, 0]]
4.216965034285822e-06 4216.965034285822
[[91.994, 91.0882, 91.4112], [0, 0, 0], [0, 0, 0]]
5.623413251903491e-06 2371.373705661655
[[91.994, 91.0882, 91.4112], [91.22769, 0, 0], [0, 0, 0]]
5.623413251903491e-06 3162.2776601683795
[[91.994, 91.0882, 91.4112], [91.22769, 91.643745, 0], [0, 0, 0]]
5.623413251903491e-06 4216.965034285822
[[91.994, 91.0882, 91.4112], [91.22769, 91.643745, 91.40624], [0, 0, 0]]
7.498942093324558e-06 2371.373705661655
[[91.994, 91.0882, 91.4112], [91.22769, 91.643745, 91.40624], [91.13504, 0, 0]]
7.498942093324558e-06 3162.2776601683795
[[91.994, 91.0882, 91.4112], [91.22769, 91.643745, 91.40624], [91.13504, 92.40312, 0]]
7.498942093324558e-06 4216.965034285822
[[91.994, 91.0882, 91.4112], [91.22769, 91.643745, 91.40624], [91.13504, 92.40312, 92.29283]]
[-5.4375, -5.375, -5.3125]
[3.4375, 3.5, 3.5625]
5 10
Score: 91.0882
4.216965034285822e-06 3162.2776601683795
Time 18942.239799022675
