Created graph
0.1 1000
[[1.140744e+19, 0, 0], [0, 0, 0], [0, 0, 0]]
0.1 100000
[[1.140744e+19, inf, 0], [0, 0, 0], [0, 0, 0]]
0.1 10000000
[[1.140744e+19, inf, inf], [0, 0, 0], [0, 0, 0]]
1e-05 1000
[[1.140744e+19, inf, inf], [97.685814, 0, 0], [0, 0, 0]]
1e-05 100000
[[1.140744e+19, inf, inf], [97.685814, 119.96271, 0], [0, 0, 0]]
1e-05 10000000
[[1.140744e+19, inf, inf], [97.685814, 119.96271, 255.09161], [0, 0, 0]]
1e-09 1000
[[1.140744e+19, inf, inf], [97.685814, 119.96271, 255.09161], [283.63647, 0, 0]]
1e-09 100000
[[1.140744e+19, inf, inf], [97.685814, 119.96271, 255.09161], [283.63647, 284.3725, 0]]
1e-09 10000000
[[1.140744e+19, inf, inf], [97.685814, 119.96271, 255.09161], [283.63647, 284.3725, 283.4063]]
[-7.0, -5, -3.0]
[1.0, 3, 5.0]
1e-07 10.0
[[268.84564, 0, 0], [0, 0, 0], [0, 0, 0]]
1e-07 1000
[[268.84564, 268.83228, 0], [0, 0, 0], [0, 0, 0]]
1e-07 100000.0
[[268.84564, 268.83228, 270.62863], [0, 0, 0], [0, 0, 0]]
1e-05 10.0
[[268.84564, 268.83228, 270.62863], [96.24578, 0, 0], [0, 0, 0]]
1e-05 1000
[[268.84564, 268.83228, 270.62863], [96.24578, 95.721756, 0], [0, 0, 0]]
1e-05 100000.0
[[268.84564, 268.83228, 270.62863], [96.24578, 95.721756, 118.933525], [0, 0, 0]]
0.001 10.0
[[268.84564, 268.83228, 270.62863], [96.24578, 95.721756, 118.933525], [173.93573, 0, 0]]
0.001 1000
[[268.84564, 268.83228, 270.62863], [96.24578, 95.721756, 118.933525], [173.93573, 141.99294, 0]]
0.001 100000.0
[[268.84564, 268.83228, 270.62863], [96.24578, 95.721756, 118.933525], [173.93573, 141.99294, 229.30045]]
[-6.0, -5, -4.0]
[2.0, 3, 4.0]
1e-06 100.0
[[129.88126, 0, 0], [0, 0, 0], [0, 0, 0]]
1e-06 1000
[[129.88126, 129.92418, 0], [0, 0, 0], [0, 0, 0]]
1e-06 10000.0
[[129.88126, 129.92418, 134.29933], [0, 0, 0], [0, 0, 0]]
1e-05 100.0
[[129.88126, 129.92418, 134.29933], [95.333496, 0, 0], [0, 0, 0]]
1e-05 1000
[[129.88126, 129.92418, 134.29933], [95.333496, 93.70825, 0], [0, 0, 0]]
1e-05 10000.0
[[129.88126, 129.92418, 134.29933], [95.333496, 93.70825, 101.23233], [0, 0, 0]]
0.0001 100.0
[[129.88126, 129.92418, 134.29933], [95.333496, 93.70825, 101.23233], [122.249435, 0, 0]]
0.0001 1000
[[129.88126, 129.92418, 134.29933], [95.333496, 93.70825, 101.23233], [122.249435, 106.99103, 0]]
0.0001 10000.0
[[129.88126, 129.92418, 134.29933], [95.333496, 93.70825, 101.23233], [122.249435, 106.99103, 101.44716]]
[-5.5, -5, -4.5]
[2.5, 3, 3.5]
3.162277660168379e-06 316.22776601683796
[[95.764946, 0, 0], [0, 0, 0], [0, 0, 0]]
3.162277660168379e-06 1000
[[95.764946, 98.15357, 0], [0, 0, 0], [0, 0, 0]]
3.162277660168379e-06 3162.2776601683795
[[95.764946, 98.15357, 97.3483], [0, 0, 0], [0, 0, 0]]
1e-05 316.22776601683796
[[95.764946, 98.15357, 97.3483], [96.94752, 0, 0], [0, 0, 0]]
1e-05 1000
[[95.764946, 98.15357, 97.3483], [96.94752, 96.30433, 0], [0, 0, 0]]
1e-05 3162.2776601683795
[[95.764946, 98.15357, 97.3483], [96.94752, 96.30433, 98.27525], [0, 0, 0]]
3.1622776601683795e-05 316.22776601683796
[[95.764946, 98.15357, 97.3483], [96.94752, 96.30433, 98.27525], [100.9442, 0, 0]]
3.1622776601683795e-05 1000
[[95.764946, 98.15357, 97.3483], [96.94752, 96.30433, 98.27525], [100.9442, 99.37996, 0]]
3.1622776601683795e-05 3162.2776601683795
[[95.764946, 98.15357, 97.3483], [96.94752, 96.30433, 98.27525], [100.9442, 99.37996, 97.08487]]
[-5.75, -5.5, -5.25]
[2.25, 2.5, 2.75]
1.778279410038923e-06 177.82794100389228
[[108.01271, 0, 0], [0, 0, 0], [0, 0, 0]]
1.778279410038923e-06 316.22776601683796
[[108.01271, 106.450424, 0], [0, 0, 0], [0, 0, 0]]
1.778279410038923e-06 562.341325190349
[[108.01271, 106.450424, 106.770996], [0, 0, 0], [0, 0, 0]]
3.162277660168379e-06 177.82794100389228
[[108.01271, 106.450424, 106.770996], [97.509445, 0, 0], [0, 0, 0]]
3.162277660168379e-06 316.22776601683796
[[108.01271, 106.450424, 106.770996], [97.509445, 97.038284, 0], [0, 0, 0]]
3.162277660168379e-06 562.341325190349
[[108.01271, 106.450424, 106.770996], [97.509445, 97.038284, 96.07777], [0, 0, 0]]
5.623413251903491e-06 177.82794100389228
[[108.01271, 106.450424, 106.770996], [97.509445, 97.038284, 96.07777], [96.65878, 0, 0]]
5.623413251903491e-06 316.22776601683796
[[108.01271, 106.450424, 106.770996], [97.509445, 97.038284, 96.07777], [96.65878, 96.52175, 0]]
5.623413251903491e-06 562.341325190349
[[108.01271, 106.450424, 106.770996], [97.509445, 97.038284, 96.07777], [96.65878, 96.52175, 97.52604]]
[-5.625, -5.5, -5.375]
[2.625, 2.75, 2.875]
2.3713737056616552e-06 421.6965034285823
[[100.628075, 0, 0], [0, 0, 0], [0, 0, 0]]
2.3713737056616552e-06 562.341325190349
[[100.628075, 100.12724, 0], [0, 0, 0], [0, 0, 0]]
2.3713737056616552e-06 749.8942093324558
[[100.628075, 100.12724, 101.36612], [0, 0, 0], [0, 0, 0]]
3.162277660168379e-06 421.6965034285823
[[100.628075, 100.12724, 101.36612], [96.790886, 0, 0], [0, 0, 0]]
3.162277660168379e-06 562.341325190349
[[100.628075, 100.12724, 101.36612], [96.790886, 96.968155, 0], [0, 0, 0]]
3.162277660168379e-06 749.8942093324558
[[100.628075, 100.12724, 101.36612], [96.790886, 96.968155, 96.86379], [0, 0, 0]]
4.216965034285822e-06 421.6965034285823
[[100.628075, 100.12724, 101.36612], [96.790886, 96.968155, 96.86379], [96.30092, 0, 0]]
4.216965034285822e-06 562.341325190349
[[100.628075, 100.12724, 101.36612], [96.790886, 96.968155, 96.86379], [96.30092, 95.81815, 0]]
4.216965034285822e-06 749.8942093324558
[[100.628075, 100.12724, 101.36612], [96.790886, 96.968155, 96.86379], [96.30092, 95.81815, 96.02447]]
[-5.4375, -5.375, -5.3125]
[2.6875, 2.75, 2.8125]
6 100
Score: 95.81815
4.216965034285822e-06 562.341325190349
Time 22908.95966243744
