Created graph
0.1 1000
[[inf, 0, 0], [0, 0, 0], [0, 0, 0]]
0.1 100000
[[inf, inf, 0], [0, 0, 0], [0, 0, 0]]
0.1 10000000
[[inf, inf, inf], [0, 0, 0], [0, 0, 0]]
1e-05 1000
[[inf, inf, inf], [102.32955, 0, 0], [0, 0, 0]]
1e-05 100000
[[inf, inf, inf], [102.32955, 121.45647, 0], [0, 0, 0]]
1e-05 10000000
[[inf, inf, inf], [102.32955, 121.45647, 232.53697], [0, 0, 0]]
1e-09 1000
[[inf, inf, inf], [102.32955, 121.45647, 232.53697], [259.83044, 0, 0]]
1e-09 100000
[[inf, inf, inf], [102.32955, 121.45647, 232.53697], [259.83044, 259.6231, 0]]
1e-09 10000000
[[inf, inf, inf], [102.32955, 121.45647, 232.53697], [259.83044, 259.6231, 259.67218]]
[-7.0, -5, -3.0]
[1.0, 3, 5.0]
1e-07 10.0
[[244.18633, 0, 0], [0, 0, 0], [0, 0, 0]]
1e-07 1000
[[244.18633, 245.14322, 0], [0, 0, 0], [0, 0, 0]]
1e-07 100000.0
[[244.18633, 245.14322, 245.36336], [0, 0, 0], [0, 0, 0]]
1e-05 10.0
[[244.18633, 245.14322, 245.36336], [103.9334, 0, 0], [0, 0, 0]]
1e-05 1000
[[244.18633, 245.14322, 245.36336], [103.9334, 99.69071, 0], [0, 0, 0]]
1e-05 100000.0
[[244.18633, 245.14322, 245.36336], [103.9334, 99.69071, 119.52482], [0, 0, 0]]
0.001 10.0
[[244.18633, 245.14322, 245.36336], [103.9334, 99.69071, 119.52482], [130.50395, 0, 0]]
0.001 1000
[[244.18633, 245.14322, 245.36336], [103.9334, 99.69071, 119.52482], [130.50395, 118.20741, 0]]
0.001 100000.0
[[244.18633, 245.14322, 245.36336], [103.9334, 99.69071, 119.52482], [130.50395, 118.20741, 219.07257]]
[-6.0, -5, -4.0]
[2.0, 3, 4.0]
1e-06 100.0
[[136.26031, 0, 0], [0, 0, 0], [0, 0, 0]]
1e-06 1000
[[136.26031, 131.14032, 0], [0, 0, 0], [0, 0, 0]]
1e-06 10000.0
[[136.26031, 131.14032, 137.0359], [0, 0, 0], [0, 0, 0]]
1e-05 100.0
[[136.26031, 131.14032, 137.0359], [104.306854, 0, 0], [0, 0, 0]]
1e-05 1000
[[136.26031, 131.14032, 137.0359], [104.306854, 103.388504, 0], [0, 0, 0]]
1e-05 10000.0
[[136.26031, 131.14032, 137.0359], [104.306854, 103.388504, 102.270645], [0, 0, 0]]
0.0001 100.0
[[136.26031, 131.14032, 137.0359], [104.306854, 103.388504, 102.270645], [108.764, 0, 0]]
0.0001 1000
[[136.26031, 131.14032, 137.0359], [104.306854, 103.388504, 102.270645], [108.764, 108.45684, 0]]
0.0001 10000.0
[[136.26031, 131.14032, 137.0359], [104.306854, 103.388504, 102.270645], [108.764, 108.45684, 103.01721]]
[-5.5, -5, -4.5]
[3.5, 4.0, 4.5]
3.162277660168379e-06 3162.2776601683795
[[107.12468, 0, 0], [0, 0, 0], [0, 0, 0]]
3.162277660168379e-06 10000.0
[[107.12468, 110.125404, 0], [0, 0, 0], [0, 0, 0]]
3.162277660168379e-06 31622.776601683792
[[107.12468, 110.125404, 114.88994], [0, 0, 0], [0, 0, 0]]
1e-05 3162.2776601683795
[[107.12468, 110.125404, 114.88994], [104.39173, 0, 0], [0, 0, 0]]
1e-05 10000.0
[[107.12468, 110.125404, 114.88994], [104.39173, 102.51972, 0], [0, 0, 0]]
1e-05 31622.776601683792
[[107.12468, 110.125404, 114.88994], [104.39173, 102.51972, 107.15506], [0, 0, 0]]
3.1622776601683795e-05 3162.2776601683795
[[107.12468, 110.125404, 114.88994], [104.39173, 102.51972, 107.15506], [100.13417, 0, 0]]
3.1622776601683795e-05 10000.0
[[107.12468, 110.125404, 114.88994], [104.39173, 102.51972, 107.15506], [100.13417, 101.34161, 0]]
3.1622776601683795e-05 31622.776601683792
[[107.12468, 110.125404, 114.88994], [104.39173, 102.51972, 107.15506], [100.13417, 101.34161, 105.679955]]
[-4.75, -4.5, -4.25]
[3.25, 3.5, 3.75]
1.778279410038923e-05 1778.2794100389228
[[100.774155, 0, 0], [0, 0, 0], [0, 0, 0]]
1.778279410038923e-05 3162.2776601683795
[[100.774155, 102.42357, 0], [0, 0, 0], [0, 0, 0]]
1.778279410038923e-05 5623.413251903491
[[100.774155, 102.42357, 101.96009], [0, 0, 0], [0, 0, 0]]
3.1622776601683795e-05 1778.2794100389228
[[100.774155, 102.42357, 101.96009], [100.7915, 0, 0], [0, 0, 0]]
3.1622776601683795e-05 3162.2776601683795
[[100.774155, 102.42357, 101.96009], [100.7915, 100.374214, 0], [0, 0, 0]]
3.1622776601683795e-05 5623.413251903491
[[100.774155, 102.42357, 101.96009], [100.7915, 100.374214, 99.11304], [0, 0, 0]]
5.623413251903491e-05 1778.2794100389228
[[100.774155, 102.42357, 101.96009], [100.7915, 100.374214, 99.11304], [102.13206, 0, 0]]
5.623413251903491e-05 3162.2776601683795
[[100.774155, 102.42357, 101.96009], [100.7915, 100.374214, 99.11304], [102.13206, 100.95598, 0]]
5.623413251903491e-05 5623.413251903491
[[100.774155, 102.42357, 101.96009], [100.7915, 100.374214, 99.11304], [102.13206, 100.95598, 100.726135]]
[-4.625, -4.5, -4.375]
[3.625, 3.75, 3.875]
2.3713737056616554e-05 4216.965034285822
[[101.19829, 0, 0], [0, 0, 0], [0, 0, 0]]
2.3713737056616554e-05 5623.413251903491
[[101.19829, 100.93452, 0], [0, 0, 0], [0, 0, 0]]
2.3713737056616554e-05 7498.942093324558
[[101.19829, 100.93452, 101.59044], [0, 0, 0], [0, 0, 0]]
3.1622776601683795e-05 4216.965034285822
[[101.19829, 100.93452, 101.59044], [101.63866, 0, 0], [0, 0, 0]]
3.1622776601683795e-05 5623.413251903491
[[101.19829, 100.93452, 101.59044], [101.63866, 98.48404, 0], [0, 0, 0]]
3.1622776601683795e-05 7498.942093324558
[[101.19829, 100.93452, 101.59044], [101.63866, 98.48404, 101.69161], [0, 0, 0]]
4.216965034285822e-05 4216.965034285822
[[101.19829, 100.93452, 101.59044], [101.63866, 98.48404, 101.69161], [101.1142, 0, 0]]
4.216965034285822e-05 5623.413251903491
[[101.19829, 100.93452, 101.59044], [101.63866, 98.48404, 101.69161], [101.1142, 101.30571, 0]]
4.216965034285822e-05 7498.942093324558
[[101.19829, 100.93452, 101.59044], [101.63866, 98.48404, 101.69161], [101.1142, 101.30571, 102.306725]]
[-4.5625, -4.5, -4.4375]
[3.6875, 3.75, 3.8125]
6 25
Score: 98.48404
3.1622776601683795e-05 5623.413251903491
Time 14607.690565109253
