Created graph
0.1 1000
[[5.5079326e+18, 0, 0], [0, 0, 0], [0, 0, 0]]
0.1 100000
[[5.5079326e+18, 1.16887e+19, 0], [0, 0, 0], [0, 0, 0]]
0.1 10000000
[[5.5079326e+18, 1.16887e+19, 1.4151541e+19], [0, 0, 0], [0, 0, 0]]
1e-05 1000
[[5.5079326e+18, 1.16887e+19, 1.4151541e+19], [98.4965, 0, 0], [0, 0, 0]]
1e-05 100000
[[5.5079326e+18, 1.16887e+19, 1.4151541e+19], [98.4965, 103.35, 0], [0, 0, 0]]
1e-05 10000000
[[5.5079326e+18, 1.16887e+19, 1.4151541e+19], [98.4965, 103.35, 201.74814], [0, 0, 0]]
1e-09 1000
[[5.5079326e+18, 1.16887e+19, 1.4151541e+19], [98.4965, 103.35, 201.74814], [228.3335, 0, 0]]
1e-09 100000
[[5.5079326e+18, 1.16887e+19, 1.4151541e+19], [98.4965, 103.35, 201.74814], [228.3335, 229.75406, 0]]
1e-09 10000000
[[5.5079326e+18, 1.16887e+19, 1.4151541e+19], [98.4965, 103.35, 201.74814], [228.3335, 229.75406, 229.22546]]
[-7.0, -5, -3.0]
[1.0, 3, 5.0]
1e-07 10.0
[[218.94313, 0, 0], [0, 0, 0], [0, 0, 0]]
1e-07 1000
[[218.94313, 218.9639, 0], [0, 0, 0], [0, 0, 0]]
1e-07 100000.0
[[218.94313, 218.9639, 219.0535], [0, 0, 0], [0, 0, 0]]
1e-05 10.0
[[218.94313, 218.9639, 219.0535], [100.91522, 0, 0], [0, 0, 0]]
1e-05 1000
[[218.94313, 218.9639, 219.0535], [100.91522, 100.495926, 0], [0, 0, 0]]
1e-05 100000.0
[[218.94313, 218.9639, 219.0535], [100.91522, 100.495926, 103.27895], [0, 0, 0]]
0.001 10.0
[[218.94313, 218.9639, 219.0535], [100.91522, 100.495926, 103.27895], [110.901665, 0, 0]]
0.001 1000
[[218.94313, 218.9639, 219.0535], [100.91522, 100.495926, 103.27895], [110.901665, 109.366844, 0]]
0.001 100000.0
[[218.94313, 218.9639, 219.0535], [100.91522, 100.495926, 103.27895], [110.901665, 109.366844, 135.99182]]
[-6.0, -5, -4.0]
[2.0, 3, 4.0]
1e-06 100.0
[[118.675545, 0, 0], [0, 0, 0], [0, 0, 0]]
1e-06 1000
[[118.675545, 120.60243, 0], [0, 0, 0], [0, 0, 0]]
1e-06 10000.0
[[118.675545, 120.60243, 111.62338], [0, 0, 0], [0, 0, 0]]
1e-05 100.0
[[118.675545, 120.60243, 111.62338], [101.387245, 0, 0], [0, 0, 0]]
1e-05 1000
[[118.675545, 120.60243, 111.62338], [101.387245, 102.05692, 0], [0, 0, 0]]
1e-05 10000.0
[[118.675545, 120.60243, 111.62338], [101.387245, 102.05692, 100.459114], [0, 0, 0]]
0.0001 100.0
[[118.675545, 120.60243, 111.62338], [101.387245, 102.05692, 100.459114], [110.12752, 0, 0]]
0.0001 1000
[[118.675545, 120.60243, 111.62338], [101.387245, 102.05692, 100.459114], [110.12752, 108.878456, 0]]
0.0001 10000.0
[[118.675545, 120.60243, 111.62338], [101.387245, 102.05692, 100.459114], [110.12752, 108.878456, 104.88781]]
[-5.5, -5, -4.5]
[3.5, 4.0, 4.5]
3.162277660168379e-06 3162.2776601683795
[[99.79148, 0, 0], [0, 0, 0], [0, 0, 0]]
3.162277660168379e-06 10000.0
[[99.79148, 99.03876, 0], [0, 0, 0], [0, 0, 0]]
3.162277660168379e-06 31622.776601683792
[[99.79148, 99.03876, 101.501945], [0, 0, 0], [0, 0, 0]]
1e-05 3162.2776601683795
[[99.79148, 99.03876, 101.501945], [101.55275, 0, 0], [0, 0, 0]]
1e-05 10000.0
[[99.79148, 99.03876, 101.501945], [101.55275, 100.94128, 0], [0, 0, 0]]
1e-05 31622.776601683792
[[99.79148, 99.03876, 101.501945], [101.55275, 100.94128, 98.667595], [0, 0, 0]]
3.1622776601683795e-05 3162.2776601683795
[[99.79148, 99.03876, 101.501945], [101.55275, 100.94128, 98.667595], [102.82674, 0, 0]]
3.1622776601683795e-05 10000.0
[[99.79148, 99.03876, 101.501945], [101.55275, 100.94128, 98.667595], [102.82674, 101.200485, 0]]
3.1622776601683795e-05 31622.776601683792
[[99.79148, 99.03876, 101.501945], [101.55275, 100.94128, 98.667595], [102.82674, 101.200485, 98.84357]]
[-5.25, -5, -4.75]
[4.25, 4.5, 4.75]
5.623413251903491e-06 17782.794100389227
[[99.22509, 0, 0], [0, 0, 0], [0, 0, 0]]
5.623413251903491e-06 31622.776601683792
[[99.22509, 99.0945, 0], [0, 0, 0], [0, 0, 0]]
5.623413251903491e-06 56234.13251903491
[[99.22509, 99.0945, 99.45199], [0, 0, 0], [0, 0, 0]]
1e-05 17782.794100389227
[[99.22509, 99.0945, 99.45199], [99.1979, 0, 0], [0, 0, 0]]
1e-05 31622.776601683792
[[99.22509, 99.0945, 99.45199], [99.1979, 98.92031, 0], [0, 0, 0]]
1e-05 56234.13251903491
[[99.22509, 99.0945, 99.45199], [99.1979, 98.92031, 99.278786], [0, 0, 0]]
1.778279410038923e-05 17782.794100389227
[[99.22509, 99.0945, 99.45199], [99.1979, 98.92031, 99.278786], [99.42487, 0, 0]]
1.778279410038923e-05 31622.776601683792
[[99.22509, 99.0945, 99.45199], [99.1979, 98.92031, 99.278786], [99.42487, 98.61133, 0]]
1.778279410038923e-05 56234.13251903491
[[99.22509, 99.0945, 99.45199], [99.1979, 98.92031, 99.278786], [99.42487, 98.61133, 98.73474]]
[-4.875, -4.75, -4.625]
[4.375, 4.5, 4.625]
1.333521432163324e-05 23713.737056616552
[[99.09388, 0, 0], [0, 0, 0], [0, 0, 0]]
1.333521432163324e-05 31622.776601683792
[[99.09388, 98.7465, 0], [0, 0, 0], [0, 0, 0]]
1.333521432163324e-05 42169.65034285822
[[99.09388, 98.7465, 98.56392], [0, 0, 0], [0, 0, 0]]
1.778279410038923e-05 23713.737056616552
[[99.09388, 98.7465, 98.56392], [99.11052, 0, 0], [0, 0, 0]]
1.778279410038923e-05 31622.776601683792
[[99.09388, 98.7465, 98.56392], [99.11052, 98.81905, 0], [0, 0, 0]]
1.778279410038923e-05 42169.65034285822
[[99.09388, 98.7465, 98.56392], [99.11052, 98.81905, 98.47463], [0, 0, 0]]
2.3713737056616554e-05 23713.737056616552
[[99.09388, 98.7465, 98.56392], [99.11052, 98.81905, 98.47463], [99.24631, 0, 0]]
2.3713737056616554e-05 31622.776601683792
[[99.09388, 98.7465, 98.56392], [99.11052, 98.81905, 98.47463], [99.24631, 98.64265, 0]]
2.3713737056616554e-05 42169.65034285822
[[99.09388, 98.7465, 98.56392], [99.11052, 98.81905, 98.47463], [99.24631, 98.64265, 98.604355]]
[-4.8125, -4.75, -4.6875]
[4.5625, 4.625, 4.6875]
3 25
Score: 98.47463
1.778279410038923e-05 42169.65034285822
Time 18916.729022979736
