Created graph
0.1 1000
[[1.5972897e+19, 0, 0], [0, 0, 0], [0, 0, 0]]
0.1 100000
[[1.5972897e+19, inf, 0], [0, 0, 0], [0, 0, 0]]
0.1 10000000
[[1.5972897e+19, inf, inf], [0, 0, 0], [0, 0, 0]]
1e-05 1000
[[1.5972897e+19, inf, inf], [107.20761, 0, 0], [0, 0, 0]]
1e-05 100000
[[1.5972897e+19, inf, inf], [107.20761, 117.82532, 0], [0, 0, 0]]
1e-05 10000000
[[1.5972897e+19, inf, inf], [107.20761, 117.82532, 233.81436], [0, 0, 0]]
1e-09 1000
[[1.5972897e+19, inf, inf], [107.20761, 117.82532, 233.81436], [263.43137, 0, 0]]
1e-09 100000
[[1.5972897e+19, inf, inf], [107.20761, 117.82532, 233.81436], [263.43137, 262.68555, 0]]
1e-09 10000000
[[1.5972897e+19, inf, inf], [107.20761, 117.82532, 233.81436], [263.43137, 262.68555, 262.42865]]
[-7.0, -5, -3.0]
[1.0, 3, 5.0]
1e-07 10.0
[[252.73978, 0, 0], [0, 0, 0], [0, 0, 0]]
1e-07 1000
[[252.73978, 250.89583, 0], [0, 0, 0], [0, 0, 0]]
1e-07 100000.0
[[252.73978, 250.89583, 253.02408], [0, 0, 0], [0, 0, 0]]
1e-05 10.0
[[252.73978, 250.89583, 253.02408], [108.174774, 0, 0], [0, 0, 0]]
1e-05 1000
[[252.73978, 250.89583, 253.02408], [108.174774, 106.42798, 0], [0, 0, 0]]
1e-05 100000.0
[[252.73978, 250.89583, 253.02408], [108.174774, 106.42798, 117.784454], [0, 0, 0]]
0.001 10.0
[[252.73978, 250.89583, 253.02408], [108.174774, 106.42798, 117.784454], [104.28395, 0, 0]]
0.001 1000
[[252.73978, 250.89583, 253.02408], [108.174774, 106.42798, 117.784454], [104.28395, 104.54481, 0]]
0.001 100000.0
[[252.73978, 250.89583, 253.02408], [108.174774, 106.42798, 117.784454], [104.28395, 104.54481, 205.87842]]
[-4.0, -3.0, -2.0]
[0.0, 1.0, 2.0]
0.0001 1.0
[[102.922066, 0, 0], [0, 0, 0], [0, 0, 0]]
0.0001 10.0
[[102.922066, 102.9279, 0], [0, 0, 0], [0, 0, 0]]
0.0001 100.0
[[102.922066, 102.9279, 103.211136], [0, 0, 0], [0, 0, 0]]
0.001 1.0
[[102.922066, 102.9279, 103.211136], [104.282455, 0, 0], [0, 0, 0]]
0.001 10.0
[[102.922066, 102.9279, 103.211136], [104.282455, 104.28497, 0], [0, 0, 0]]
0.001 100.0
[[102.922066, 102.9279, 103.211136], [104.282455, 104.28497, 104.30505], [0, 0, 0]]
0.01 1.0
[[102.922066, 102.9279, 103.211136], [104.282455, 104.28497, 104.30505], [1.2071874e+19, 0, 0]]
0.01 10.0
[[102.922066, 102.9279, 103.211136], [104.282455, 104.28497, 104.30505], [1.2071874e+19, 1.5481063e+19, 0]]
0.01 100.0
[[102.922066, 102.9279, 103.211136], [104.282455, 104.28497, 104.30505], [1.2071874e+19, 1.5481063e+19, 9.657196e+18]]
[-4.5, -4.0, -3.5]
[-0.5, 0.0, 0.5]
3.1622776601683795e-05 0.31622776601683794
[[104.73647, 0, 0], [0, 0, 0], [0, 0, 0]]
3.1622776601683795e-05 1.0
[[104.73647, 104.38064, 0], [0, 0, 0], [0, 0, 0]]
3.1622776601683795e-05 3.1622776601683795
[[104.73647, 104.38064, 107.01575], [0, 0, 0], [0, 0, 0]]
0.0001 0.31622776601683794
[[104.73647, 104.38064, 107.01575], [102.76375, 0, 0], [0, 0, 0]]
0.0001 1.0
[[104.73647, 104.38064, 107.01575], [102.76375, 102.8356, 0], [0, 0, 0]]
0.0001 3.1622776601683795
[[104.73647, 104.38064, 107.01575], [102.76375, 102.8356, 103.41302], [0, 0, 0]]
0.00031622776601683794 0.31622776601683794
[[104.73647, 104.38064, 107.01575], [102.76375, 102.8356, 103.41302], [104.27986, 0, 0]]
0.00031622776601683794 1.0
[[104.73647, 104.38064, 107.01575], [102.76375, 102.8356, 103.41302], [104.27986, 104.13653, 0]]
0.00031622776601683794 3.1622776601683795
[[104.73647, 104.38064, 107.01575], [102.76375, 102.8356, 103.41302], [104.27986, 104.13653, 103.62982]]
[-4.25, -4.0, -3.75]
[-0.75, -0.5, -0.25]
5.623413251903491e-05 0.1778279410038923
[[103.84499, 0, 0], [0, 0, 0], [0, 0, 0]]
5.623413251903491e-05 0.31622776601683794
[[103.84499, 105.85473, 0], [0, 0, 0], [0, 0, 0]]
5.623413251903491e-05 0.5623413251903491
[[103.84499, 105.85473, 104.64529], [0, 0, 0], [0, 0, 0]]
0.0001 0.1778279410038923
[[103.84499, 105.85473, 104.64529], [103.2484, 0, 0], [0, 0, 0]]
0.0001 0.31622776601683794
[[103.84499, 105.85473, 104.64529], [103.2484, 103.158585, 0], [0, 0, 0]]
0.0001 0.5623413251903491
[[103.84499, 105.85473, 104.64529], [103.2484, 103.158585, 102.76918], [0, 0, 0]]
0.00017782794100389227 0.1778279410038923
[[103.84499, 105.85473, 104.64529], [103.2484, 103.158585, 102.76918], [111.95063, 0, 0]]
0.00017782794100389227 0.31622776601683794
[[103.84499, 105.85473, 104.64529], [103.2484, 103.158585, 102.76918], [111.95063, 104.26701, 0]]
0.00017782794100389227 0.5623413251903491
[[103.84499, 105.85473, 104.64529], [103.2484, 103.158585, 102.76918], [111.95063, 104.26701, 103.45653]]
[-4.125, -4.0, -3.875]
[-0.375, -0.25, -0.125]
7.498942093324559e-05 0.4216965034285822
[[104.335304, 0, 0], [0, 0, 0], [0, 0, 0]]
7.498942093324559e-05 0.5623413251903491
[[104.335304, 103.236465, 0], [0, 0, 0], [0, 0, 0]]
7.498942093324559e-05 0.7498942093324559
[[104.335304, 103.236465, 110.34381], [0, 0, 0], [0, 0, 0]]
0.0001 0.4216965034285822
[[104.335304, 103.236465, 110.34381], [103.030655, 0, 0], [0, 0, 0]]
0.0001 0.5623413251903491
[[104.335304, 103.236465, 110.34381], [103.030655, 103.18469, 0], [0, 0, 0]]
0.0001 0.7498942093324559
[[104.335304, 103.236465, 110.34381], [103.030655, 103.18469, 102.68209], [0, 0, 0]]
0.0001333521432163324 0.4216965034285822
[[104.335304, 103.236465, 110.34381], [103.030655, 103.18469, 102.68209], [104.112495, 0, 0]]
0.0001333521432163324 0.5623413251903491
[[104.335304, 103.236465, 110.34381], [103.030655, 103.18469, 102.68209], [104.112495, 101.594574, 0]]
0.0001333521432163324 0.7498942093324559
[[104.335304, 103.236465, 110.34381], [103.030655, 103.18469, 102.68209], [104.112495, 101.594574, 102.915855]]
[-3.9375, -3.875, -3.8125]
[-0.3125, -0.25, -0.1875]
4 25
Score: 101.594574
0.0001333521432163324 0.5623413251903491
Time 10147.318971157074
