Created graph
0.1 1000
[[1.0588905e+19, 0, 0], [0, 0, 0], [0, 0, 0]]
0.1 100000
[[1.0588905e+19, 1.4831608e+19, 0], [0, 0, 0], [0, 0, 0]]
0.1 10000000
[[1.0588905e+19, 1.4831608e+19, inf], [0, 0, 0], [0, 0, 0]]
1e-05 1000
[[1.0588905e+19, 1.4831608e+19, inf], [95.20967, 0, 0], [0, 0, 0]]
1e-05 100000
[[1.0588905e+19, 1.4831608e+19, inf], [95.20967, 108.232895, 0], [0, 0, 0]]
1e-05 10000000
[[1.0588905e+19, 1.4831608e+19, inf], [95.20967, 108.232895, 233.71387], [0, 0, 0]]
1e-09 1000
[[1.0588905e+19, 1.4831608e+19, inf], [95.20967, 108.232895, 233.71387], [260.19574, 0, 0]]
1e-09 100000
[[1.0588905e+19, 1.4831608e+19, inf], [95.20967, 108.232895, 233.71387], [260.19574, 260.5901, 0]]
1e-09 10000000
[[1.0588905e+19, 1.4831608e+19, inf], [95.20967, 108.232895, 233.71387], [260.19574, 260.5901, 260.46744]]
[-7.0, -5, -3.0]
[1.0, 3, 5.0]
1e-07 10.0
[[249.53333, 0, 0], [0, 0, 0], [0, 0, 0]]
1e-07 1000
[[249.53333, 250.02203, 0], [0, 0, 0], [0, 0, 0]]
1e-07 100000.0
[[249.53333, 250.02203, 249.8625], [0, 0, 0], [0, 0, 0]]
1e-05 10.0
[[249.53333, 250.02203, 249.8625], [91.91755, 0, 0], [0, 0, 0]]
1e-05 1000
[[249.53333, 250.02203, 249.8625], [91.91755, 96.31399, 0], [0, 0, 0]]
1e-05 100000.0
[[249.53333, 250.02203, 249.8625], [91.91755, 96.31399, 109.1613], [0, 0, 0]]
0.001 10.0
[[249.53333, 250.02203, 249.8625], [91.91755, 96.31399, 109.1613], [100.20444, 0, 0]]
0.001 1000
[[249.53333, 250.02203, 249.8625], [91.91755, 96.31399, 109.1613], [100.20444, 97.129814, 0]]
0.001 100000.0
[[249.53333, 250.02203, 249.8625], [91.91755, 96.31399, 109.1613], [100.20444, 97.129814, 207.22435]]
[-6.0, -5, -4.0]
[0.0, 1.0, 2.0]
1e-06 1.0
[[123.78362, 0, 0], [0, 0, 0], [0, 0, 0]]
1e-06 10.0
[[123.78362, 124.09887, 0], [0, 0, 0], [0, 0, 0]]
1e-06 100.0
[[123.78362, 124.09887, 122.060875], [0, 0, 0], [0, 0, 0]]
1e-05 1.0
[[123.78362, 124.09887, 122.060875], [93.80351, 0, 0], [0, 0, 0]]
1e-05 10.0
[[123.78362, 124.09887, 122.060875], [93.80351, 96.96391, 0], [0, 0, 0]]
1e-05 100.0
[[123.78362, 124.09887, 122.060875], [93.80351, 96.96391, 93.776405], [0, 0, 0]]
0.0001 1.0
[[123.78362, 124.09887, 122.060875], [93.80351, 96.96391, 93.776405], [96.71008, 0, 0]]
0.0001 10.0
[[123.78362, 124.09887, 122.060875], [93.80351, 96.96391, 93.776405], [96.71008, 96.74661, 0]]
0.0001 100.0
[[123.78362, 124.09887, 122.060875], [93.80351, 96.96391, 93.776405], [96.71008, 96.74661, 97.17714]]
[-5.5, -5, -4.5]
[1.5, 2.0, 2.5]
3.162277660168379e-06 31.622776601683793
[[94.62698, 0, 0], [0, 0, 0], [0, 0, 0]]
3.162277660168379e-06 100.0
[[94.62698, 96.708244, 0], [0, 0, 0], [0, 0, 0]]
3.162277660168379e-06 316.22776601683796
[[94.62698, 96.708244, 96.55182], [0, 0, 0], [0, 0, 0]]
1e-05 31.622776601683793
[[94.62698, 96.708244, 96.55182], [94.09141, 0, 0], [0, 0, 0]]
1e-05 100.0
[[94.62698, 96.708244, 96.55182], [94.09141, 93.7917, 0], [0, 0, 0]]
1e-05 316.22776601683796
[[94.62698, 96.708244, 96.55182], [94.09141, 93.7917, 94.18704], [0, 0, 0]]
3.1622776601683795e-05 31.622776601683793
[[94.62698, 96.708244, 96.55182], [94.09141, 93.7917, 94.18704], [97.84943, 0, 0]]
3.1622776601683795e-05 100.0
[[94.62698, 96.708244, 96.55182], [94.09141, 93.7917, 94.18704], [97.84943, 96.32721, 0]]
3.1622776601683795e-05 316.22776601683796
[[94.62698, 96.708244, 96.55182], [94.09141, 93.7917, 94.18704], [97.84943, 96.32721, 98.056305]]
[-5.25, -5, -4.75]
[1.75, 2.0, 2.25]
5.623413251903491e-06 56.23413251903491
[[92.22413, 0, 0], [0, 0, 0], [0, 0, 0]]
5.623413251903491e-06 100.0
[[92.22413, 97.023125, 0], [0, 0, 0], [0, 0, 0]]
5.623413251903491e-06 177.82794100389228
[[92.22413, 97.023125, 95.03467], [0, 0, 0], [0, 0, 0]]
1e-05 56.23413251903491
[[92.22413, 97.023125, 95.03467], [97.58268, 0, 0], [0, 0, 0]]
1e-05 100.0
[[92.22413, 97.023125, 95.03467], [97.58268, 94.414314, 0], [0, 0, 0]]
1e-05 177.82794100389228
[[92.22413, 97.023125, 95.03467], [97.58268, 94.414314, 94.1032], [0, 0, 0]]
1.778279410038923e-05 56.23413251903491
[[92.22413, 97.023125, 95.03467], [97.58268, 94.414314, 94.1032], [96.17455, 0, 0]]
1.778279410038923e-05 100.0
[[92.22413, 97.023125, 95.03467], [97.58268, 94.414314, 94.1032], [96.17455, 95.403336, 0]]
1.778279410038923e-05 177.82794100389228
[[92.22413, 97.023125, 95.03467], [97.58268, 94.414314, 94.1032], [96.17455, 95.403336, 99.3293]]
[-5.375, -5.25, -5.125]
[1.625, 1.75, 1.875]
4.216965034285822e-06 42.169650342858226
[[96.68199, 0, 0], [0, 0, 0], [0, 0, 0]]
4.216965034285822e-06 56.23413251903491
[[96.68199, 94.274895, 0], [0, 0, 0], [0, 0, 0]]
4.216965034285822e-06 74.98942093324558
[[96.68199, 94.274895, 94.29887], [0, 0, 0], [0, 0, 0]]
5.623413251903491e-06 42.169650342858226
[[96.68199, 94.274895, 94.29887], [94.32501, 0, 0], [0, 0, 0]]
5.623413251903491e-06 56.23413251903491
[[96.68199, 94.274895, 94.29887], [94.32501, 93.915, 0], [0, 0, 0]]
5.623413251903491e-06 74.98942093324558
[[96.68199, 94.274895, 94.29887], [94.32501, 93.915, 96.7318], [0, 0, 0]]
7.498942093324558e-06 42.169650342858226
[[96.68199, 94.274895, 94.29887], [94.32501, 93.915, 96.7318], [95.83411, 0, 0]]
7.498942093324558e-06 56.23413251903491
[[96.68199, 94.274895, 94.29887], [94.32501, 93.915, 96.7318], [95.83411, 94.66622, 0]]
7.498942093324558e-06 74.98942093324558
[[96.68199, 94.274895, 94.29887], [94.32501, 93.915, 96.7318], [95.83411, 94.66622, 94.63939]]
[-5.3125, -5.25, -5.1875]
[1.6875, 1.75, 1.8125]
4 10
Score: 93.915
5.623413251903491e-06 56.23413251903491
Time 18338.14380979538
