Created graph
0.1 1000
[[7.308615e+18, 0, 0], [0, 0, 0], [0, 0, 0]]
0.1 100000
[[7.308615e+18, inf, 0], [0, 0, 0], [0, 0, 0]]
0.1 10000000
[[7.308615e+18, inf, inf], [0, 0, 0], [0, 0, 0]]
1e-05 1000
[[7.308615e+18, inf, inf], [119.38897, 0, 0], [0, 0, 0]]
1e-05 100000
[[7.308615e+18, inf, inf], [119.38897, 143.43874, 0], [0, 0, 0]]
1e-05 10000000
[[7.308615e+18, inf, inf], [119.38897, 143.43874, 269.52322], [0, 0, 0]]
1e-09 1000
[[7.308615e+18, inf, inf], [119.38897, 143.43874, 269.52322], [300.62692, 0, 0]]
1e-09 100000
[[7.308615e+18, inf, inf], [119.38897, 143.43874, 269.52322], [300.62692, 301.19556, 0]]
1e-09 10000000
[[7.308615e+18, inf, inf], [119.38897, 143.43874, 269.52322], [300.62692, 301.19556, 299.71194]]
[-7.0, -5, -3.0]
[1.0, 3, 5.0]
1e-07 10.0
[[285.42743, 0, 0], [0, 0, 0], [0, 0, 0]]
1e-07 1000
[[285.42743, 282.91614, 0], [0, 0, 0], [0, 0, 0]]
1e-07 100000.0
[[285.42743, 282.91614, 286.61508], [0, 0, 0], [0, 0, 0]]
1e-05 10.0
[[285.42743, 282.91614, 286.61508], [123.70794, 0, 0], [0, 0, 0]]
1e-05 1000
[[285.42743, 282.91614, 286.61508], [123.70794, 119.93578, 0], [0, 0, 0]]
1e-05 100000.0
[[285.42743, 282.91614, 286.61508], [123.70794, 119.93578, 143.08691], [0, 0, 0]]
0.001 10.0
[[285.42743, 282.91614, 286.61508], [123.70794, 119.93578, 143.08691], [176.77306, 0, 0]]
0.001 1000
[[285.42743, 282.91614, 286.61508], [123.70794, 119.93578, 143.08691], [176.77306, 155.73991, 0]]
0.001 100000.0
[[285.42743, 282.91614, 286.61508], [123.70794, 119.93578, 143.08691], [176.77306, 155.73991, 241.05516]]
[-6.0, -5, -4.0]
[2.0, 3, 4.0]
1e-06 100.0
[[148.46664, 0, 0], [0, 0, 0], [0, 0, 0]]
1e-06 1000
[[148.46664, 147.8574, 0], [0, 0, 0], [0, 0, 0]]
1e-06 10000.0
[[148.46664, 147.8574, 149.74396], [0, 0, 0], [0, 0, 0]]
1e-05 100.0
[[148.46664, 147.8574, 149.74396], [119.50728, 0, 0], [0, 0, 0]]
1e-05 1000
[[148.46664, 147.8574, 149.74396], [119.50728, 117.868546, 0], [0, 0, 0]]
1e-05 10000.0
[[148.46664, 147.8574, 149.74396], [119.50728, 117.868546, 123.701515], [0, 0, 0]]
0.0001 100.0
[[148.46664, 147.8574, 149.74396], [119.50728, 117.868546, 123.701515], [113.95732, 0, 0]]
0.0001 1000
[[148.46664, 147.8574, 149.74396], [119.50728, 117.868546, 123.701515], [113.95732, 127.50486, 0]]
0.0001 10000.0
[[148.46664, 147.8574, 149.74396], [119.50728, 117.868546, 123.701515], [113.95732, 127.50486, 125.49844]]
[-4.5, -4.0, -3.5]
[1.5, 2.0, 2.5]
3.1622776601683795e-05 31.622776601683793
[[116.15681, 0, 0], [0, 0, 0], [0, 0, 0]]
3.1622776601683795e-05 100.0
[[116.15681, 116.34358, 0], [0, 0, 0], [0, 0, 0]]
3.1622776601683795e-05 316.22776601683796
[[116.15681, 116.34358, 117.47198], [0, 0, 0], [0, 0, 0]]
0.0001 31.622776601683793
[[116.15681, 116.34358, 117.47198], [126.193924, 0, 0], [0, 0, 0]]
0.0001 100.0
[[116.15681, 116.34358, 117.47198], [126.193924, 124.952515, 0], [0, 0, 0]]
0.0001 316.22776601683796
[[116.15681, 116.34358, 117.47198], [126.193924, 124.952515, 133.10416], [0, 0, 0]]
0.00031622776601683794 31.622776601683793
[[116.15681, 116.34358, 117.47198], [126.193924, 124.952515, 133.10416], [149.80095, 0, 0]]
0.00031622776601683794 100.0
[[116.15681, 116.34358, 117.47198], [126.193924, 124.952515, 133.10416], [149.80095, 155.28178, 0]]
0.00031622776601683794 316.22776601683796
[[116.15681, 116.34358, 117.47198], [126.193924, 124.952515, 133.10416], [149.80095, 155.28178, 130.59656]]
[-4.75, -4.5, -4.25]
[1.25, 1.5, 1.75]
1.778279410038923e-05 17.78279410038923
[[121.44571, 0, 0], [0, 0, 0], [0, 0, 0]]
1.778279410038923e-05 31.622776601683793
[[121.44571, 120.144295, 0], [0, 0, 0], [0, 0, 0]]
1.778279410038923e-05 56.23413251903491
[[121.44571, 120.144295, 121.681915], [0, 0, 0], [0, 0, 0]]
3.1622776601683795e-05 17.78279410038923
[[121.44571, 120.144295, 121.681915], [117.50198, 0, 0], [0, 0, 0]]
3.1622776601683795e-05 31.622776601683793
[[121.44571, 120.144295, 121.681915], [117.50198, 120.411316, 0], [0, 0, 0]]
3.1622776601683795e-05 56.23413251903491
[[121.44571, 120.144295, 121.681915], [117.50198, 120.411316, 114.31078], [0, 0, 0]]
5.623413251903491e-05 17.78279410038923
[[121.44571, 120.144295, 121.681915], [117.50198, 120.411316, 114.31078], [113.96032, 0, 0]]
5.623413251903491e-05 31.622776601683793
[[121.44571, 120.144295, 121.681915], [117.50198, 120.411316, 114.31078], [113.96032, 117.50774, 0]]
5.623413251903491e-05 56.23413251903491
[[121.44571, 120.144295, 121.681915], [117.50198, 120.411316, 114.31078], [113.96032, 117.50774, 113.16118]]
[-4.375, -4.25, -4.125]
[1.625, 1.75, 1.875]
4.216965034285822e-05 42.169650342858226
[[116.61196, 0, 0], [0, 0, 0], [0, 0, 0]]
4.216965034285822e-05 56.23413251903491
[[116.61196, 123.8942, 0], [0, 0, 0], [0, 0, 0]]
4.216965034285822e-05 74.98942093324558
[[116.61196, 123.8942, 120.53883], [0, 0, 0], [0, 0, 0]]
5.623413251903491e-05 42.169650342858226
[[116.61196, 123.8942, 120.53883], [120.55683, 0, 0], [0, 0, 0]]
5.623413251903491e-05 56.23413251903491
[[116.61196, 123.8942, 120.53883], [120.55683, 121.94517, 0], [0, 0, 0]]
5.623413251903491e-05 74.98942093324558
[[116.61196, 123.8942, 120.53883], [120.55683, 121.94517, 128.78508], [0, 0, 0]]
7.498942093324559e-05 42.169650342858226
[[116.61196, 123.8942, 120.53883], [120.55683, 121.94517, 128.78508], [117.76672, 0, 0]]
7.498942093324559e-05 56.23413251903491
[[116.61196, 123.8942, 120.53883], [120.55683, 121.94517, 128.78508], [117.76672, 123.53428, 0]]
7.498942093324559e-05 74.98942093324558
[[116.61196, 123.8942, 120.53883], [120.55683, 121.94517, 128.78508], [117.76672, 123.53428, 118.15598]]
[-4.4375, -4.375, -4.3125]
[1.5625, 1.625, 1.6875]
7 5
Score: 116.61196
4.216965034285822e-05 42.169650342858226
Time 13123.735476016998
