Created graph
0.1 1000
[[inf, 0, 0], [0, 0, 0], [0, 0, 0]]
0.1 100000
[[inf, inf, 0], [0, 0, 0], [0, 0, 0]]
0.1 10000000
[[inf, inf, 1.0412493e+19], [0, 0, 0], [0, 0, 0]]
1e-05 1000
[[inf, inf, 1.0412493e+19], [91.27002, 0, 0], [0, 0, 0]]
1e-05 100000
[[inf, inf, 1.0412493e+19], [91.27002, 103.05059, 0], [0, 0, 0]]
1e-05 10000000
[[inf, inf, 1.0412493e+19], [91.27002, 103.05059, 186.96713], [0, 0, 0]]
1e-09 1000
[[inf, inf, 1.0412493e+19], [91.27002, 103.05059, 186.96713], [213.5158, 0, 0]]
1e-09 100000
[[inf, inf, 1.0412493e+19], [91.27002, 103.05059, 186.96713], [213.5158, 213.60074, 0]]
1e-09 10000000
[[inf, inf, 1.0412493e+19], [91.27002, 103.05059, 186.96713], [213.5158, 213.60074, 213.23384]]
[-7.0, -5, -3.0]
[1.0, 3, 5.0]
1e-07 10.0
[[202.39906, 0, 0], [0, 0, 0], [0, 0, 0]]
1e-07 1000
[[202.39906, 203.91835, 0], [0, 0, 0], [0, 0, 0]]
1e-07 100000.0
[[202.39906, 203.91835, 203.99953], [0, 0, 0], [0, 0, 0]]
1e-05 10.0
[[202.39906, 203.91835, 203.99953], [90.24986, 0, 0], [0, 0, 0]]
1e-05 1000
[[202.39906, 203.91835, 203.99953], [90.24986, 92.66771, 0], [0, 0, 0]]
1e-05 100000.0
[[202.39906, 203.91835, 203.99953], [90.24986, 92.66771, 102.05591], [0, 0, 0]]
0.001 10.0
[[202.39906, 203.91835, 203.99953], [90.24986, 92.66771, 102.05591], [94.49018, 0, 0]]
0.001 1000
[[202.39906, 203.91835, 203.99953], [90.24986, 92.66771, 102.05591], [94.49018, 95.60335, 0]]
0.001 100000.0
[[202.39906, 203.91835, 203.99953], [90.24986, 92.66771, 102.05591], [94.49018, 95.60335, 138.15326]]
[-6.0, -5, -4.0]
[0.0, 1.0, 2.0]
1e-06 1.0
[[120.951164, 0, 0], [0, 0, 0], [0, 0, 0]]
1e-06 10.0
[[120.951164, 124.193794, 0], [0, 0, 0], [0, 0, 0]]
1e-06 100.0
[[120.951164, 124.193794, 121.488716], [0, 0, 0], [0, 0, 0]]
1e-05 1.0
[[120.951164, 124.193794, 121.488716], [91.58919, 0, 0], [0, 0, 0]]
1e-05 10.0
[[120.951164, 124.193794, 121.488716], [91.58919, 91.64591, 0], [0, 0, 0]]
1e-05 100.0
[[120.951164, 124.193794, 121.488716], [91.58919, 91.64591, 91.444466], [0, 0, 0]]
0.0001 1.0
[[120.951164, 124.193794, 121.488716], [91.58919, 91.64591, 91.444466], [92.53866, 0, 0]]
0.0001 10.0
[[120.951164, 124.193794, 121.488716], [91.58919, 91.64591, 91.444466], [92.53866, 92.41671, 0]]
0.0001 100.0
[[120.951164, 124.193794, 121.488716], [91.58919, 91.64591, 91.444466], [92.53866, 92.41671, 92.75494]]
[-5.5, -5, -4.5]
[1.5, 2.0, 2.5]
3.162277660168379e-06 31.622776601683793
[[93.60481, 0, 0], [0, 0, 0], [0, 0, 0]]
3.162277660168379e-06 100.0
[[93.60481, 92.25136, 0], [0, 0, 0], [0, 0, 0]]
3.162277660168379e-06 316.22776601683796
[[93.60481, 92.25136, 91.36304], [0, 0, 0], [0, 0, 0]]
1e-05 31.622776601683793
[[93.60481, 92.25136, 91.36304], [92.134514, 0, 0], [0, 0, 0]]
1e-05 100.0
[[93.60481, 92.25136, 91.36304], [92.134514, 92.178635, 0], [0, 0, 0]]
1e-05 316.22776601683796
[[93.60481, 92.25136, 91.36304], [92.134514, 92.178635, 91.080925], [0, 0, 0]]
3.1622776601683795e-05 31.622776601683793
[[93.60481, 92.25136, 91.36304], [92.134514, 92.178635, 91.080925], [91.95175, 0, 0]]
3.1622776601683795e-05 100.0
[[93.60481, 92.25136, 91.36304], [92.134514, 92.178635, 91.080925], [91.95175, 91.79295, 0]]
3.1622776601683795e-05 316.22776601683796
[[93.60481, 92.25136, 91.36304], [92.134514, 92.178635, 91.080925], [91.95175, 91.79295, 91.90902]]
[-5.25, -5, -4.75]
[2.25, 2.5, 2.75]
5.623413251903491e-06 177.82794100389228
[[92.08459, 0, 0], [0, 0, 0], [0, 0, 0]]
5.623413251903491e-06 316.22776601683796
[[92.08459, 91.12139, 0], [0, 0, 0], [0, 0, 0]]
5.623413251903491e-06 562.341325190349
[[92.08459, 91.12139, 91.51451], [0, 0, 0], [0, 0, 0]]
1e-05 177.82794100389228
[[92.08459, 91.12139, 91.51451], [90.99776, 0, 0], [0, 0, 0]]
1e-05 316.22776601683796
[[92.08459, 91.12139, 91.51451], [90.99776, 91.376785, 0], [0, 0, 0]]
1e-05 562.341325190349
[[92.08459, 91.12139, 91.51451], [90.99776, 91.376785, 91.111916], [0, 0, 0]]
1.778279410038923e-05 177.82794100389228
[[92.08459, 91.12139, 91.51451], [90.99776, 91.376785, 91.111916], [91.56776, 0, 0]]
1.778279410038923e-05 316.22776601683796
[[92.08459, 91.12139, 91.51451], [90.99776, 91.376785, 91.111916], [91.56776, 91.644035, 0]]
1.778279410038923e-05 562.341325190349
[[92.08459, 91.12139, 91.51451], [90.99776, 91.376785, 91.111916], [91.56776, 91.644035, 91.99961]]
[-5.125, -5, -4.875]
[2.125, 2.25, 2.375]
7.498942093324558e-06 133.3521432163324
[[92.10915, 0, 0], [0, 0, 0], [0, 0, 0]]
7.498942093324558e-06 177.82794100389228
[[92.10915, 91.468864, 0], [0, 0, 0], [0, 0, 0]]
7.498942093324558e-06 237.13737056616552
[[92.10915, 91.468864, 91.61875], [0, 0, 0], [0, 0, 0]]
1e-05 133.3521432163324
[[92.10915, 91.468864, 91.61875], [92.02817, 0, 0], [0, 0, 0]]
1e-05 177.82794100389228
[[92.10915, 91.468864, 91.61875], [92.02817, 91.570694, 0], [0, 0, 0]]
1e-05 237.13737056616552
[[92.10915, 91.468864, 91.61875], [92.02817, 91.570694, 92.20895], [0, 0, 0]]
1.333521432163324e-05 133.3521432163324
[[92.10915, 91.468864, 91.61875], [92.02817, 91.570694, 92.20895], [91.3757, 0, 0]]
1.333521432163324e-05 177.82794100389228
[[92.10915, 91.468864, 91.61875], [92.02817, 91.570694, 92.20895], [91.3757, 93.22269, 0]]
1.333521432163324e-05 237.13737056616552
[[92.10915, 91.468864, 91.61875], [92.02817, 91.570694, 92.20895], [91.3757, 93.22269, 92.370964]]
[-4.9375, -4.875, -4.8125]
[2.0625, 2.125, 2.1875]
3 100
Score: 91.3757
1.333521432163324e-05 133.3521432163324
Time 17073.121062278748
