Created graph
0.1 1000
[[7.3940854e+18, 0, 0], [0, 0, 0], [0, 0, 0]]
0.1 100000
[[7.3940854e+18, inf, 0], [0, 0, 0], [0, 0, 0]]
0.1 10000000
[[7.3940854e+18, inf, inf], [0, 0, 0], [0, 0, 0]]
1e-05 1000
[[7.3940854e+18, inf, inf], [99.56452, 0, 0], [0, 0, 0]]
1e-05 100000
[[7.3940854e+18, inf, inf], [99.56452, 108.33523, 0], [0, 0, 0]]
1e-05 10000000
[[7.3940854e+18, inf, inf], [99.56452, 108.33523, 224.54323], [0, 0, 0]]
1e-09 1000
[[7.3940854e+18, inf, inf], [99.56452, 108.33523, 224.54323], [251.75108, 0, 0]]
1e-09 100000
[[7.3940854e+18, inf, inf], [99.56452, 108.33523, 224.54323], [251.75108, 251.27194, 0]]
1e-09 10000000
[[7.3940854e+18, inf, inf], [99.56452, 108.33523, 224.54323], [251.75108, 251.27194, 250.80232]]
[-7.0, -5, -3.0]
[1.0, 3, 5.0]
1e-07 10.0
[[237.9257, 0, 0], [0, 0, 0], [0, 0, 0]]
1e-07 1000
[[237.9257, 239.26715, 0], [0, 0, 0], [0, 0, 0]]
1e-07 100000.0
[[237.9257, 239.26715, 239.54848], [0, 0, 0], [0, 0, 0]]
1e-05 10.0
[[237.9257, 239.26715, 239.54848], [98.14364, 0, 0], [0, 0, 0]]
1e-05 1000
[[237.9257, 239.26715, 239.54848], [98.14364, 99.32824, 0], [0, 0, 0]]
1e-05 100000.0
[[237.9257, 239.26715, 239.54848], [98.14364, 99.32824, 107.380875], [0, 0, 0]]
0.001 10.0
[[237.9257, 239.26715, 239.54848], [98.14364, 99.32824, 107.380875], [117.56668, 0, 0]]
0.001 1000
[[237.9257, 239.26715, 239.54848], [98.14364, 99.32824, 107.380875], [117.56668, 109.84611, 0]]
0.001 100000.0
[[237.9257, 239.26715, 239.54848], [98.14364, 99.32824, 107.380875], [117.56668, 109.84611, 185.60562]]
[-6.0, -5, -4.0]
[0.0, 1.0, 2.0]
1e-06 1.0
[[123.81346, 0, 0], [0, 0, 0], [0, 0, 0]]
1e-06 10.0
[[123.81346, 127.35044, 0], [0, 0, 0], [0, 0, 0]]
1e-06 100.0
[[123.81346, 127.35044, 123.008835], [0, 0, 0], [0, 0, 0]]
1e-05 1.0
[[123.81346, 127.35044, 123.008835], [98.723335, 0, 0], [0, 0, 0]]
1e-05 10.0
[[123.81346, 127.35044, 123.008835], [98.723335, 100.26955, 0], [0, 0, 0]]
1e-05 100.0
[[123.81346, 127.35044, 123.008835], [98.723335, 100.26955, 99.72149], [0, 0, 0]]
0.0001 1.0
[[123.81346, 127.35044, 123.008835], [98.723335, 100.26955, 99.72149], [108.2744, 0, 0]]
0.0001 10.0
[[123.81346, 127.35044, 123.008835], [98.723335, 100.26955, 99.72149], [108.2744, 105.75265, 0]]
0.0001 100.0
[[123.81346, 127.35044, 123.008835], [98.723335, 100.26955, 99.72149], [108.2744, 105.75265, 107.83285]]
[-5.5, -5, -4.5]
[-0.5, 0.0, 0.5]
3.162277660168379e-06 0.31622776601683794
[[99.46007, 0, 0], [0, 0, 0], [0, 0, 0]]
3.162277660168379e-06 1.0
[[99.46007, 98.29094, 0], [0, 0, 0], [0, 0, 0]]
3.162277660168379e-06 3.1622776601683795
[[99.46007, 98.29094, 100.05758], [0, 0, 0], [0, 0, 0]]
1e-05 0.31622776601683794
[[99.46007, 98.29094, 100.05758], [97.31314, 0, 0], [0, 0, 0]]
1e-05 1.0
[[99.46007, 98.29094, 100.05758], [97.31314, 98.48384, 0], [0, 0, 0]]
1e-05 3.1622776601683795
[[99.46007, 98.29094, 100.05758], [97.31314, 98.48384, 98.629745], [0, 0, 0]]
3.1622776601683795e-05 0.31622776601683794
[[99.46007, 98.29094, 100.05758], [97.31314, 98.48384, 98.629745], [101.376, 0, 0]]
3.1622776601683795e-05 1.0
[[99.46007, 98.29094, 100.05758], [97.31314, 98.48384, 98.629745], [101.376, 100.653824, 0]]
3.1622776601683795e-05 3.1622776601683795
[[99.46007, 98.29094, 100.05758], [97.31314, 98.48384, 98.629745], [101.376, 100.653824, 102.19555]]
[-5.25, -5, -4.75]
[-0.75, -0.5, -0.25]
5.623413251903491e-06 0.1778279410038923
[[100.23759, 0, 0], [0, 0, 0], [0, 0, 0]]
5.623413251903491e-06 0.31622776601683794
[[100.23759, 99.48379, 0], [0, 0, 0], [0, 0, 0]]
5.623413251903491e-06 0.5623413251903491
[[100.23759, 99.48379, 98.046585], [0, 0, 0], [0, 0, 0]]
1e-05 0.1778279410038923
[[100.23759, 99.48379, 98.046585], [99.64586, 0, 0], [0, 0, 0]]
1e-05 0.31622776601683794
[[100.23759, 99.48379, 98.046585], [99.64586, 98.43321, 0], [0, 0, 0]]
1e-05 0.5623413251903491
[[100.23759, 99.48379, 98.046585], [99.64586, 98.43321, 99.497284], [0, 0, 0]]
1.778279410038923e-05 0.1778279410038923
[[100.23759, 99.48379, 98.046585], [99.64586, 98.43321, 99.497284], [97.17364, 0, 0]]
1.778279410038923e-05 0.31622776601683794
[[100.23759, 99.48379, 98.046585], [99.64586, 98.43321, 99.497284], [97.17364, 99.68429, 0]]
1.778279410038923e-05 0.5623413251903491
[[100.23759, 99.48379, 98.046585], [99.64586, 98.43321, 99.497284], [97.17364, 99.68429, 96.6245]]
[-4.875, -4.75, -4.625]
[-0.375, -0.25, -0.125]
1.333521432163324e-05 0.4216965034285822
[[99.01406, 0, 0], [0, 0, 0], [0, 0, 0]]
1.333521432163324e-05 0.5623413251903491
[[99.01406, 99.63698, 0], [0, 0, 0], [0, 0, 0]]
1.333521432163324e-05 0.7498942093324559
[[99.01406, 99.63698, 98.68828], [0, 0, 0], [0, 0, 0]]
1.778279410038923e-05 0.4216965034285822
[[99.01406, 99.63698, 98.68828], [100.04922, 0, 0], [0, 0, 0]]
1.778279410038923e-05 0.5623413251903491
[[99.01406, 99.63698, 98.68828], [100.04922, 98.47366, 0], [0, 0, 0]]
1.778279410038923e-05 0.7498942093324559
[[99.01406, 99.63698, 98.68828], [100.04922, 98.47366, 98.968], [0, 0, 0]]
2.3713737056616554e-05 0.4216965034285822
[[99.01406, 99.63698, 98.68828], [100.04922, 98.47366, 98.968], [99.6522, 0, 0]]
2.3713737056616554e-05 0.5623413251903491
[[99.01406, 99.63698, 98.68828], [100.04922, 98.47366, 98.968], [99.6522, 100.27243, 0]]
2.3713737056616554e-05 0.7498942093324559
[[99.01406, 99.63698, 98.68828], [100.04922, 98.47366, 98.968], [99.6522, 100.27243, 97.56718]]
[-4.6875, -4.625, -4.5625]
[-0.1875, -0.125, -0.0625]
4 5
Score: 97.56718
2.3713737056616554e-05 0.7498942093324559
Time 15681.307272434235
