Created graph
0.1 1000
[[inf, 0, 0], [0, 0, 0], [0, 0, 0]]
0.1 100000
[[inf, 1.007482e+19, 0], [0, 0, 0], [0, 0, 0]]
0.1 10000000
[[inf, 1.007482e+19, inf], [0, 0, 0], [0, 0, 0]]
1e-05 1000
[[inf, 1.007482e+19, inf], [94.133156, 0, 0], [0, 0, 0]]
1e-05 100000
[[inf, 1.007482e+19, inf], [94.133156, 108.62806, 0], [0, 0, 0]]
1e-05 10000000
[[inf, 1.007482e+19, inf], [94.133156, 108.62806, 199.45003], [0, 0, 0]]
1e-09 1000
[[inf, 1.007482e+19, inf], [94.133156, 108.62806, 199.45003], [221.81447, 0, 0]]
1e-09 100000
[[inf, 1.007482e+19, inf], [94.133156, 108.62806, 199.45003], [221.81447, 220.2206, 0]]
1e-09 10000000
[[inf, 1.007482e+19, inf], [94.133156, 108.62806, 199.45003], [221.81447, 220.2206, 220.4142]]
[-7.0, -5, -3.0]
[1.0, 3, 5.0]
1e-07 10.0
[[206.77377, 0, 0], [0, 0, 0], [0, 0, 0]]
1e-07 1000
[[206.77377, 207.32544, 0], [0, 0, 0], [0, 0, 0]]
1e-07 100000.0
[[206.77377, 207.32544, 207.53423], [0, 0, 0], [0, 0, 0]]
1e-05 10.0
[[206.77377, 207.32544, 207.53423], [94.725395, 0, 0], [0, 0, 0]]
1e-05 1000
[[206.77377, 207.32544, 207.53423], [94.725395, 96.191345, 0], [0, 0, 0]]
1e-05 100000.0
[[206.77377, 207.32544, 207.53423], [94.725395, 96.191345, 108.1615], [0, 0, 0]]
0.001 10.0
[[206.77377, 207.32544, 207.53423], [94.725395, 96.191345, 108.1615], [164.69048, 0, 0]]
0.001 1000
[[206.77377, 207.32544, 207.53423], [94.725395, 96.191345, 108.1615], [164.69048, 133.69153, 0]]
0.001 100000.0
[[206.77377, 207.32544, 207.53423], [94.725395, 96.191345, 108.1615], [164.69048, 133.69153, 185.46243]]
[-6.0, -5, -4.0]
[0.0, 1.0, 2.0]
1e-06 1.0
[[116.65494, 0, 0], [0, 0, 0], [0, 0, 0]]
1e-06 10.0
[[116.65494, 117.71035, 0], [0, 0, 0], [0, 0, 0]]
1e-06 100.0
[[116.65494, 117.71035, 119.14627], [0, 0, 0], [0, 0, 0]]
1e-05 1.0
[[116.65494, 117.71035, 119.14627], [94.592064, 0, 0], [0, 0, 0]]
1e-05 10.0
[[116.65494, 117.71035, 119.14627], [94.592064, 91.56309, 0], [0, 0, 0]]
1e-05 100.0
[[116.65494, 117.71035, 119.14627], [94.592064, 91.56309, 93.475975], [0, 0, 0]]
0.0001 1.0
[[116.65494, 117.71035, 119.14627], [94.592064, 91.56309, 93.475975], [98.2027, 0, 0]]
0.0001 10.0
[[116.65494, 117.71035, 119.14627], [94.592064, 91.56309, 93.475975], [98.2027, 106.58847, 0]]
0.0001 100.0
[[116.65494, 117.71035, 119.14627], [94.592064, 91.56309, 93.475975], [98.2027, 106.58847, 98.3442]]
[-5.5, -5, -4.5]
[0.5, 1.0, 1.5]
3.162277660168379e-06 3.1622776601683795
[[94.0592, 0, 0], [0, 0, 0], [0, 0, 0]]
3.162277660168379e-06 10.0
[[94.0592, 94.711426, 0], [0, 0, 0], [0, 0, 0]]
3.162277660168379e-06 31.622776601683793
[[94.0592, 94.711426, 94.27601], [0, 0, 0], [0, 0, 0]]
1e-05 3.1622776601683795
[[94.0592, 94.711426, 94.27601], [91.47631, 0, 0], [0, 0, 0]]
1e-05 10.0
[[94.0592, 94.711426, 94.27601], [91.47631, 94.08427, 0], [0, 0, 0]]
1e-05 31.622776601683793
[[94.0592, 94.711426, 94.27601], [91.47631, 94.08427, 90.82446], [0, 0, 0]]
3.1622776601683795e-05 3.1622776601683795
[[94.0592, 94.711426, 94.27601], [91.47631, 94.08427, 90.82446], [91.27739, 0, 0]]
3.1622776601683795e-05 10.0
[[94.0592, 94.711426, 94.27601], [91.47631, 94.08427, 90.82446], [91.27739, 92.66387, 0]]
3.1622776601683795e-05 31.622776601683793
[[94.0592, 94.711426, 94.27601], [91.47631, 94.08427, 90.82446], [91.27739, 92.66387, 92.805305]]
[-5.25, -5, -4.75]
[1.25, 1.5, 1.75]
5.623413251903491e-06 17.78279410038923
[[94.003975, 0, 0], [0, 0, 0], [0, 0, 0]]
5.623413251903491e-06 31.622776601683793
[[94.003975, 92.395164, 0], [0, 0, 0], [0, 0, 0]]
5.623413251903491e-06 56.23413251903491
[[94.003975, 92.395164, 94.5261], [0, 0, 0], [0, 0, 0]]
1e-05 17.78279410038923
[[94.003975, 92.395164, 94.5261], [94.59041, 0, 0], [0, 0, 0]]
1e-05 31.622776601683793
[[94.003975, 92.395164, 94.5261], [94.59041, 92.889824, 0], [0, 0, 0]]
1e-05 56.23413251903491
[[94.003975, 92.395164, 94.5261], [94.59041, 92.889824, 92.57596], [0, 0, 0]]
1.778279410038923e-05 17.78279410038923
[[94.003975, 92.395164, 94.5261], [94.59041, 92.889824, 92.57596], [91.61645, 0, 0]]
1.778279410038923e-05 31.622776601683793
[[94.003975, 92.395164, 94.5261], [94.59041, 92.889824, 92.57596], [91.61645, 94.58645, 0]]
1.778279410038923e-05 56.23413251903491
[[94.003975, 92.395164, 94.5261], [94.59041, 92.889824, 92.57596], [91.61645, 94.58645, 91.80306]]
[-4.875, -4.75, -4.625]
[1.125, 1.25, 1.375]
1.333521432163324e-05 13.33521432163324
[[94.989204, 0, 0], [0, 0, 0], [0, 0, 0]]
1.333521432163324e-05 17.78279410038923
[[94.989204, 92.643105, 0], [0, 0, 0], [0, 0, 0]]
1.333521432163324e-05 23.71373705661655
[[94.989204, 92.643105, 90.139946], [0, 0, 0], [0, 0, 0]]
1.778279410038923e-05 13.33521432163324
[[94.989204, 92.643105, 90.139946], [94.7646, 0, 0], [0, 0, 0]]
1.778279410038923e-05 17.78279410038923
[[94.989204, 92.643105, 90.139946], [94.7646, 93.809265, 0], [0, 0, 0]]
1.778279410038923e-05 23.71373705661655
[[94.989204, 92.643105, 90.139946], [94.7646, 93.809265, 94.184555], [0, 0, 0]]
2.3713737056616554e-05 13.33521432163324
[[94.989204, 92.643105, 90.139946], [94.7646, 93.809265, 94.184555], [91.80219, 0, 0]]
2.3713737056616554e-05 17.78279410038923
[[94.989204, 92.643105, 90.139946], [94.7646, 93.809265, 94.184555], [91.80219, 93.47984, 0]]
2.3713737056616554e-05 23.71373705661655
[[94.989204, 92.643105, 90.139946], [94.7646, 93.809265, 94.184555], [91.80219, 93.47984, 92.166885]]
[-4.9375, -4.875, -4.8125]
[1.3125, 1.375, 1.4375]
6 10
Score: 90.139946
1.333521432163324e-05 23.71373705661655
Time 15712.51844716072
