Created graph
0.1 1000
[[1.2803979e+19, 0, 0], [0, 0, 0], [0, 0, 0]]
0.1 100000
[[1.2803979e+19, 1.275612e+19, 0], [0, 0, 0], [0, 0, 0]]
0.1 10000000
[[1.2803979e+19, 1.275612e+19, inf], [0, 0, 0], [0, 0, 0]]
1e-05 1000
[[1.2803979e+19, 1.275612e+19, inf], [95.65435, 0, 0], [0, 0, 0]]
1e-05 100000
[[1.2803979e+19, 1.275612e+19, inf], [95.65435, 112.26389, 0], [0, 0, 0]]
1e-05 10000000
[[1.2803979e+19, 1.275612e+19, inf], [95.65435, 112.26389, 232.85245], [0, 0, 0]]
1e-09 1000
[[1.2803979e+19, 1.275612e+19, inf], [95.65435, 112.26389, 232.85245], [260.21368, 0, 0]]
1e-09 100000
[[1.2803979e+19, 1.275612e+19, inf], [95.65435, 112.26389, 232.85245], [260.21368, 259.8526, 0]]
1e-09 10000000
[[1.2803979e+19, 1.275612e+19, inf], [95.65435, 112.26389, 232.85245], [260.21368, 259.8526, 261.06155]]
[-7.0, -5, -3.0]
[1.0, 3, 5.0]
1e-07 10.0
[[246.91505, 0, 0], [0, 0, 0], [0, 0, 0]]
1e-07 1000
[[246.91505, 247.85478, 0], [0, 0, 0], [0, 0, 0]]
1e-07 100000.0
[[246.91505, 247.85478, 248.82008], [0, 0, 0], [0, 0, 0]]
1e-05 10.0
[[246.91505, 247.85478, 248.82008], [98.20482, 0, 0], [0, 0, 0]]
1e-05 1000
[[246.91505, 247.85478, 248.82008], [98.20482, 98.18206, 0], [0, 0, 0]]
1e-05 100000.0
[[246.91505, 247.85478, 248.82008], [98.20482, 98.18206, 112.399376], [0, 0, 0]]
0.001 10.0
[[246.91505, 247.85478, 248.82008], [98.20482, 98.18206, 112.399376], [137.34898, 0, 0]]
0.001 1000
[[246.91505, 247.85478, 248.82008], [98.20482, 98.18206, 112.399376], [137.34898, 120.367836, 0]]
0.001 100000.0
[[246.91505, 247.85478, 248.82008], [98.20482, 98.18206, 112.399376], [137.34898, 120.367836, 191.31705]]
[-6.0, -5, -4.0]
[2.0, 3, 4.0]
1e-06 100.0
[[121.827156, 0, 0], [0, 0, 0], [0, 0, 0]]
1e-06 1000
[[121.827156, 122.0005, 0], [0, 0, 0], [0, 0, 0]]
1e-06 10000.0
[[121.827156, 122.0005, 126.32949], [0, 0, 0], [0, 0, 0]]
1e-05 100.0
[[121.827156, 122.0005, 126.32949], [98.12146, 0, 0], [0, 0, 0]]
1e-05 1000
[[121.827156, 122.0005, 126.32949], [98.12146, 97.81806, 0], [0, 0, 0]]
1e-05 10000.0
[[121.827156, 122.0005, 126.32949], [98.12146, 97.81806, 97.19621], [0, 0, 0]]
0.0001 100.0
[[121.827156, 122.0005, 126.32949], [98.12146, 97.81806, 97.19621], [102.30732, 0, 0]]
0.0001 1000
[[121.827156, 122.0005, 126.32949], [98.12146, 97.81806, 97.19621], [102.30732, 99.12356, 0]]
0.0001 10000.0
[[121.827156, 122.0005, 126.32949], [98.12146, 97.81806, 97.19621], [102.30732, 99.12356, 99.09353]]
[-5.5, -5, -4.5]
[3.5, 4.0, 4.5]
3.162277660168379e-06 3162.2776601683795
[[97.7971, 0, 0], [0, 0, 0], [0, 0, 0]]
3.162277660168379e-06 10000.0
[[97.7971, 101.754036, 0], [0, 0, 0], [0, 0, 0]]
3.162277660168379e-06 31622.776601683792
[[97.7971, 101.754036, 106.6461], [0, 0, 0], [0, 0, 0]]
1e-05 3162.2776601683795
[[97.7971, 101.754036, 106.6461], [99.10639, 0, 0], [0, 0, 0]]
1e-05 10000.0
[[97.7971, 101.754036, 106.6461], [99.10639, 98.10434, 0], [0, 0, 0]]
1e-05 31622.776601683792
[[97.7971, 101.754036, 106.6461], [99.10639, 98.10434, 99.19049], [0, 0, 0]]
3.1622776601683795e-05 3162.2776601683795
[[97.7971, 101.754036, 106.6461], [99.10639, 98.10434, 99.19049], [95.71404, 0, 0]]
3.1622776601683795e-05 10000.0
[[97.7971, 101.754036, 106.6461], [99.10639, 98.10434, 99.19049], [95.71404, 95.64458, 0]]
3.1622776601683795e-05 31622.776601683792
[[97.7971, 101.754036, 106.6461], [99.10639, 98.10434, 99.19049], [95.71404, 95.64458, 97.97769]]
[-4.75, -4.5, -4.25]
[3.75, 4.0, 4.25]
1.778279410038923e-05 5623.413251903491
[[96.873535, 0, 0], [0, 0, 0], [0, 0, 0]]
1.778279410038923e-05 10000.0
[[96.873535, 95.15067, 0], [0, 0, 0], [0, 0, 0]]
1.778279410038923e-05 17782.794100389227
[[96.873535, 95.15067, 96.702126], [0, 0, 0], [0, 0, 0]]
3.1622776601683795e-05 5623.413251903491
[[96.873535, 95.15067, 96.702126], [94.05417, 0, 0], [0, 0, 0]]
3.1622776601683795e-05 10000.0
[[96.873535, 95.15067, 96.702126], [94.05417, 97.23834, 0], [0, 0, 0]]
3.1622776601683795e-05 17782.794100389227
[[96.873535, 95.15067, 96.702126], [94.05417, 97.23834, 97.582344], [0, 0, 0]]
5.623413251903491e-05 5623.413251903491
[[96.873535, 95.15067, 96.702126], [94.05417, 97.23834, 97.582344], [97.29483, 0, 0]]
5.623413251903491e-05 10000.0
[[96.873535, 95.15067, 96.702126], [94.05417, 97.23834, 97.582344], [97.29483, 94.660255, 0]]
5.623413251903491e-05 17782.794100389227
[[96.873535, 95.15067, 96.702126], [94.05417, 97.23834, 97.582344], [97.29483, 94.660255, 94.37276]]
[-4.625, -4.5, -4.375]
[3.625, 3.75, 3.875]
2.3713737056616554e-05 4216.965034285822
[[97.61202, 0, 0], [0, 0, 0], [0, 0, 0]]
2.3713737056616554e-05 5623.413251903491
[[97.61202, 95.18533, 0], [0, 0, 0], [0, 0, 0]]
2.3713737056616554e-05 7498.942093324558
[[97.61202, 95.18533, 96.39746], [0, 0, 0], [0, 0, 0]]
3.1622776601683795e-05 4216.965034285822
[[97.61202, 95.18533, 96.39746], [99.30844, 0, 0], [0, 0, 0]]
3.1622776601683795e-05 5623.413251903491
[[97.61202, 95.18533, 96.39746], [99.30844, 95.361084, 0], [0, 0, 0]]
3.1622776601683795e-05 7498.942093324558
[[97.61202, 95.18533, 96.39746], [99.30844, 95.361084, 94.718155], [0, 0, 0]]
4.216965034285822e-05 4216.965034285822
[[97.61202, 95.18533, 96.39746], [99.30844, 95.361084, 94.718155], [94.98935, 0, 0]]
4.216965034285822e-05 5623.413251903491
[[97.61202, 95.18533, 96.39746], [99.30844, 95.361084, 94.718155], [94.98935, 94.55959, 0]]
4.216965034285822e-05 7498.942093324558
[[97.61202, 95.18533, 96.39746], [99.30844, 95.361084, 94.718155], [94.98935, 94.55959, 95.83268]]
[-4.4375, -4.375, -4.3125]
[3.6875, 3.75, 3.8125]
5 250
Score: 94.55959
4.216965034285822e-05 5623.413251903491
Time 14750.688954353333
