Created graph
0.1 1000
[[9.1175594e+18, 0, 0], [0, 0, 0], [0, 0, 0]]
0.1 100000
[[9.1175594e+18, inf, 0], [0, 0, 0], [0, 0, 0]]
0.1 10000000
[[9.1175594e+18, inf, inf], [0, 0, 0], [0, 0, 0]]
1e-05 1000
[[9.1175594e+18, inf, inf], [100.535, 0, 0], [0, 0, 0]]
1e-05 100000
[[9.1175594e+18, inf, inf], [100.535, 107.83919, 0], [0, 0, 0]]
1e-05 10000000
[[9.1175594e+18, inf, inf], [100.535, 107.83919, 216.61955], [0, 0, 0]]
1e-09 1000
[[9.1175594e+18, inf, inf], [100.535, 107.83919, 216.61955], [247.30762, 0, 0]]
1e-09 100000
[[9.1175594e+18, inf, inf], [100.535, 107.83919, 216.61955], [247.30762, 245.48503, 0]]
1e-09 10000000
[[9.1175594e+18, inf, inf], [100.535, 107.83919, 216.61955], [247.30762, 245.48503, 245.49332]]
[-7.0, -5, -3.0]
[1.0, 3, 5.0]
1e-07 10.0
[[227.31296, 0, 0], [0, 0, 0], [0, 0, 0]]
1e-07 1000
[[227.31296, 230.65288, 0], [0, 0, 0], [0, 0, 0]]
1e-07 100000.0
[[227.31296, 230.65288, 230.04558], [0, 0, 0], [0, 0, 0]]
1e-05 10.0
[[227.31296, 230.65288, 230.04558], [98.5358, 0, 0], [0, 0, 0]]
1e-05 1000
[[227.31296, 230.65288, 230.04558], [98.5358, 100.37575, 0], [0, 0, 0]]
1e-05 100000.0
[[227.31296, 230.65288, 230.04558], [98.5358, 100.37575, 107.99443], [0, 0, 0]]
0.001 10.0
[[227.31296, 230.65288, 230.04558], [98.5358, 100.37575, 107.99443], [227.82301, 0, 0]]
0.001 1000
[[227.31296, 230.65288, 230.04558], [98.5358, 100.37575, 107.99443], [227.82301, 139.5806, 0]]
0.001 100000.0
[[227.31296, 230.65288, 230.04558], [98.5358, 100.37575, 107.99443], [227.82301, 139.5806, 206.8043]]
[-6.0, -5, -4.0]
[0.0, 1.0, 2.0]
1e-06 1.0
[[121.37148, 0, 0], [0, 0, 0], [0, 0, 0]]
1e-06 10.0
[[121.37148, 124.19306, 0], [0, 0, 0], [0, 0, 0]]
1e-06 100.0
[[121.37148, 124.19306, 125.0115], [0, 0, 0], [0, 0, 0]]
1e-05 1.0
[[121.37148, 124.19306, 125.0115], [100.87897, 0, 0], [0, 0, 0]]
1e-05 10.0
[[121.37148, 124.19306, 125.0115], [100.87897, 100.11383, 0], [0, 0, 0]]
1e-05 100.0
[[121.37148, 124.19306, 125.0115], [100.87897, 100.11383, 101.841805], [0, 0, 0]]
0.0001 1.0
[[121.37148, 124.19306, 125.0115], [100.87897, 100.11383, 101.841805], [114.20677, 0, 0]]
0.0001 10.0
[[121.37148, 124.19306, 125.0115], [100.87897, 100.11383, 101.841805], [114.20677, 110.88584, 0]]
0.0001 100.0
[[121.37148, 124.19306, 125.0115], [100.87897, 100.11383, 101.841805], [114.20677, 110.88584, 117.31766]]
[-5.5, -5, -4.5]
[0.5, 1.0, 1.5]
3.162277660168379e-06 3.1622776601683795
[[101.285515, 0, 0], [0, 0, 0], [0, 0, 0]]
3.162277660168379e-06 10.0
[[101.285515, 100.28906, 0], [0, 0, 0], [0, 0, 0]]
3.162277660168379e-06 31.622776601683793
[[101.285515, 100.28906, 100.429665], [0, 0, 0], [0, 0, 0]]
1e-05 3.1622776601683795
[[101.285515, 100.28906, 100.429665], [100.35203, 0, 0], [0, 0, 0]]
1e-05 10.0
[[101.285515, 100.28906, 100.429665], [100.35203, 98.696846, 0], [0, 0, 0]]
1e-05 31.622776601683793
[[101.285515, 100.28906, 100.429665], [100.35203, 98.696846, 99.5158], [0, 0, 0]]
3.1622776601683795e-05 3.1622776601683795
[[101.285515, 100.28906, 100.429665], [100.35203, 98.696846, 99.5158], [102.10866, 0, 0]]
3.1622776601683795e-05 10.0
[[101.285515, 100.28906, 100.429665], [100.35203, 98.696846, 99.5158], [102.10866, 106.67824, 0]]
3.1622776601683795e-05 31.622776601683793
[[101.285515, 100.28906, 100.429665], [100.35203, 98.696846, 99.5158], [102.10866, 106.67824, 104.454384]]
[-5.25, -5, -4.75]
[0.75, 1.0, 1.25]
5.623413251903491e-06 5.623413251903491
[[101.42129, 0, 0], [0, 0, 0], [0, 0, 0]]
5.623413251903491e-06 10.0
[[101.42129, 101.64225, 0], [0, 0, 0], [0, 0, 0]]
5.623413251903491e-06 17.78279410038923
[[101.42129, 101.64225, 101.04673], [0, 0, 0], [0, 0, 0]]
1e-05 5.623413251903491
[[101.42129, 101.64225, 101.04673], [100.03593, 0, 0], [0, 0, 0]]
1e-05 10.0
[[101.42129, 101.64225, 101.04673], [100.03593, 100.15174, 0], [0, 0, 0]]
1e-05 17.78279410038923
[[101.42129, 101.64225, 101.04673], [100.03593, 100.15174, 101.75901], [0, 0, 0]]
1.778279410038923e-05 5.623413251903491
[[101.42129, 101.64225, 101.04673], [100.03593, 100.15174, 101.75901], [100.3993, 0, 0]]
1.778279410038923e-05 10.0
[[101.42129, 101.64225, 101.04673], [100.03593, 100.15174, 101.75901], [100.3993, 102.77431, 0]]
1.778279410038923e-05 17.78279410038923
[[101.42129, 101.64225, 101.04673], [100.03593, 100.15174, 101.75901], [100.3993, 102.77431, 101.062904]]
[-5.125, -5, -4.875]
[0.625, 0.75, 0.875]
7.498942093324558e-06 4.216965034285822
[[99.502304, 0, 0], [0, 0, 0], [0, 0, 0]]
7.498942093324558e-06 5.623413251903491
[[99.502304, 101.30646, 0], [0, 0, 0], [0, 0, 0]]
7.498942093324558e-06 7.498942093324558
[[99.502304, 101.30646, 101.2357], [0, 0, 0], [0, 0, 0]]
1e-05 4.216965034285822
[[99.502304, 101.30646, 101.2357], [99.88577, 0, 0], [0, 0, 0]]
1e-05 5.623413251903491
[[99.502304, 101.30646, 101.2357], [99.88577, 101.5272, 0], [0, 0, 0]]
1e-05 7.498942093324558
[[99.502304, 101.30646, 101.2357], [99.88577, 101.5272, 100.87979], [0, 0, 0]]
1.333521432163324e-05 4.216965034285822
[[99.502304, 101.30646, 101.2357], [99.88577, 101.5272, 100.87979], [100.16556, 0, 0]]
1.333521432163324e-05 5.623413251903491
[[99.502304, 101.30646, 101.2357], [99.88577, 101.5272, 100.87979], [100.16556, 99.705925, 0]]
1.333521432163324e-05 7.498942093324558
[[99.502304, 101.30646, 101.2357], [99.88577, 101.5272, 100.87979], [100.16556, 99.705925, 99.96433]]
[-5.1875, -5.125, -5.0625]
[0.5625, 0.625, 0.6875]
7 200
Score: 99.502304
7.498942093324558e-06 4.216965034285822
Time 15889.950909137726
