Created graph
0.1 1000
[[297.47772, 0, 0], [0, 0, 0], [0, 0, 0]]
0.1 100000
[[297.47772, inf, 0], [0, 0, 0], [0, 0, 0]]
0.1 10000000
[[297.47772, inf, inf], [0, 0, 0], [0, 0, 0]]
1e-05 1000
[[297.47772, inf, inf], [111.48037, 0, 0], [0, 0, 0]]
1e-05 100000
[[297.47772, inf, inf], [111.48037, 129.90689, 0], [0, 0, 0]]
1e-05 10000000
[[297.47772, inf, inf], [111.48037, 129.90689, 263.31223], [0, 0, 0]]
1e-09 1000
[[297.47772, inf, inf], [111.48037, 129.90689, 263.31223], [292.12958, 0, 0]]
1e-09 100000
[[297.47772, inf, inf], [111.48037, 129.90689, 263.31223], [292.12958, 292.823, 0]]
1e-09 10000000
[[297.47772, inf, inf], [111.48037, 129.90689, 263.31223], [292.12958, 292.823, 292.28284]]
[-7.0, -5, -3.0]
[1.0, 3, 5.0]
1e-07 10.0
[[280.50024, 0, 0], [0, 0, 0], [0, 0, 0]]
1e-07 1000
[[280.50024, 281.44577, 0], [0, 0, 0], [0, 0, 0]]
1e-07 100000.0
[[280.50024, 281.44577, 281.12866], [0, 0, 0], [0, 0, 0]]
1e-05 10.0
[[280.50024, 281.44577, 281.12866], [109.69502, 0, 0], [0, 0, 0]]
1e-05 1000
[[280.50024, 281.44577, 281.12866], [109.69502, 111.96527, 0], [0, 0, 0]]
1e-05 100000.0
[[280.50024, 281.44577, 281.12866], [109.69502, 111.96527, 129.13686], [0, 0, 0]]
0.001 10.0
[[280.50024, 281.44577, 281.12866], [109.69502, 111.96527, 129.13686], [119.96874, 0, 0]]
0.001 1000
[[280.50024, 281.44577, 281.12866], [109.69502, 111.96527, 129.13686], [119.96874, 114.338264, 0]]
0.001 100000.0
[[280.50024, 281.44577, 281.12866], [109.69502, 111.96527, 129.13686], [119.96874, 114.338264, 209.44667]]
[-6.0, -5, -4.0]
[0.0, 1.0, 2.0]
1e-06 1.0
[[143.90929, 0, 0], [0, 0, 0], [0, 0, 0]]
1e-06 10.0
[[143.90929, 143.93515, 0], [0, 0, 0], [0, 0, 0]]
1e-06 100.0
[[143.90929, 143.93515, 141.21466], [0, 0, 0], [0, 0, 0]]
1e-05 1.0
[[143.90929, 143.93515, 141.21466], [112.85552, 0, 0], [0, 0, 0]]
1e-05 10.0
[[143.90929, 143.93515, 141.21466], [112.85552, 110.55534, 0], [0, 0, 0]]
1e-05 100.0
[[143.90929, 143.93515, 141.21466], [112.85552, 110.55534, 110.946365], [0, 0, 0]]
0.0001 1.0
[[143.90929, 143.93515, 141.21466], [112.85552, 110.55534, 110.946365], [111.63691, 0, 0]]
0.0001 10.0
[[143.90929, 143.93515, 141.21466], [112.85552, 110.55534, 110.946365], [111.63691, 109.74945, 0]]
0.0001 100.0
[[143.90929, 143.93515, 141.21466], [112.85552, 110.55534, 110.946365], [111.63691, 109.74945, 108.45337]]
[-4.5, -4.0, -3.5]
[1.5, 2.0, 2.5]
3.1622776601683795e-05 31.622776601683793
[[108.49117, 0, 0], [0, 0, 0], [0, 0, 0]]
3.1622776601683795e-05 100.0
[[108.49117, 108.70696, 0], [0, 0, 0], [0, 0, 0]]
3.1622776601683795e-05 316.22776601683796
[[108.49117, 108.70696, 104.037315], [0, 0, 0], [0, 0, 0]]
0.0001 31.622776601683793
[[108.49117, 108.70696, 104.037315], [126.33336, 0, 0], [0, 0, 0]]
0.0001 100.0
[[108.49117, 108.70696, 104.037315], [126.33336, 111.70474, 0], [0, 0, 0]]
0.0001 316.22776601683796
[[108.49117, 108.70696, 104.037315], [126.33336, 111.70474, 112.264824], [0, 0, 0]]
0.00031622776601683794 31.622776601683793
[[108.49117, 108.70696, 104.037315], [126.33336, 111.70474, 112.264824], [119.12956, 0, 0]]
0.00031622776601683794 100.0
[[108.49117, 108.70696, 104.037315], [126.33336, 111.70474, 112.264824], [119.12956, 118.11959, 0]]
0.00031622776601683794 316.22776601683796
[[108.49117, 108.70696, 104.037315], [126.33336, 111.70474, 112.264824], [119.12956, 118.11959, 115.73274]]
[-4.75, -4.5, -4.25]
[2.25, 2.5, 2.75]
1.778279410038923e-05 177.82794100389228
[[111.203995, 0, 0], [0, 0, 0], [0, 0, 0]]
1.778279410038923e-05 316.22776601683796
[[111.203995, 111.465706, 0], [0, 0, 0], [0, 0, 0]]
1.778279410038923e-05 562.341325190349
[[111.203995, 111.465706, 109.788605], [0, 0, 0], [0, 0, 0]]
3.1622776601683795e-05 177.82794100389228
[[111.203995, 111.465706, 109.788605], [110.3844, 0, 0], [0, 0, 0]]
3.1622776601683795e-05 316.22776601683796
[[111.203995, 111.465706, 109.788605], [110.3844, 107.19759, 0], [0, 0, 0]]
3.1622776601683795e-05 562.341325190349
[[111.203995, 111.465706, 109.788605], [110.3844, 107.19759, 108.80199], [0, 0, 0]]
5.623413251903491e-05 177.82794100389228
[[111.203995, 111.465706, 109.788605], [110.3844, 107.19759, 108.80199], [106.22529, 0, 0]]
5.623413251903491e-05 316.22776601683796
[[111.203995, 111.465706, 109.788605], [110.3844, 107.19759, 108.80199], [106.22529, 110.06886, 0]]
5.623413251903491e-05 562.341325190349
[[111.203995, 111.465706, 109.788605], [110.3844, 107.19759, 108.80199], [106.22529, 110.06886, 107.59702]]
[-4.375, -4.25, -4.125]
[2.125, 2.25, 2.375]
4.216965034285822e-05 133.3521432163324
[[113.07836, 0, 0], [0, 0, 0], [0, 0, 0]]
4.216965034285822e-05 177.82794100389228
[[113.07836, 108.30561, 0], [0, 0, 0], [0, 0, 0]]
4.216965034285822e-05 237.13737056616552
[[113.07836, 108.30561, 107.312485], [0, 0, 0], [0, 0, 0]]
5.623413251903491e-05 133.3521432163324
[[113.07836, 108.30561, 107.312485], [107.31144, 0, 0], [0, 0, 0]]
5.623413251903491e-05 177.82794100389228
[[113.07836, 108.30561, 107.312485], [107.31144, 110.170616, 0], [0, 0, 0]]
5.623413251903491e-05 237.13737056616552
[[113.07836, 108.30561, 107.312485], [107.31144, 110.170616, 111.55705], [0, 0, 0]]
7.498942093324559e-05 133.3521432163324
[[113.07836, 108.30561, 107.312485], [107.31144, 110.170616, 111.55705], [106.46699, 0, 0]]
7.498942093324559e-05 177.82794100389228
[[113.07836, 108.30561, 107.312485], [107.31144, 110.170616, 111.55705], [106.46699, 109.685, 0]]
7.498942093324559e-05 237.13737056616552
[[113.07836, 108.30561, 107.312485], [107.31144, 110.170616, 111.55705], [106.46699, 109.685, 108.20321]]
[-4.1875, -4.125, -4.0625]
[2.0625, 2.125, 2.1875]
4 100
Score: 106.46699
7.498942093324559e-05 133.3521432163324
Time 12711.74790263176
