Created graph
0.1 1000
[[7.809943e+18, 0, 0], [0, 0, 0], [0, 0, 0]]
0.1 100000
[[7.809943e+18, 1.0719108e+19, 0], [0, 0, 0], [0, 0, 0]]
0.1 10000000
[[7.809943e+18, 1.0719108e+19, inf], [0, 0, 0], [0, 0, 0]]
1e-05 1000
[[7.809943e+18, 1.0719108e+19, inf], [102.63621, 0, 0], [0, 0, 0]]
1e-05 100000
[[7.809943e+18, 1.0719108e+19, inf], [102.63621, 113.48729, 0], [0, 0, 0]]
1e-05 10000000
[[7.809943e+18, 1.0719108e+19, inf], [102.63621, 113.48729, 223.29889], [0, 0, 0]]
1e-09 1000
[[7.809943e+18, 1.0719108e+19, inf], [102.63621, 113.48729, 223.29889], [252.17401, 0, 0]]
1e-09 100000
[[7.809943e+18, 1.0719108e+19, inf], [102.63621, 113.48729, 223.29889], [252.17401, 251.1631, 0]]
1e-09 10000000
[[7.809943e+18, 1.0719108e+19, inf], [102.63621, 113.48729, 223.29889], [252.17401, 251.1631, 251.64037]]
[-7.0, -5, -3.0]
[1.0, 3, 5.0]
1e-07 10.0
[[237.73499, 0, 0], [0, 0, 0], [0, 0, 0]]
1e-07 1000
[[237.73499, 238.42151, 0], [0, 0, 0], [0, 0, 0]]
1e-07 100000.0
[[237.73499, 238.42151, 236.40529], [0, 0, 0], [0, 0, 0]]
1e-05 10.0
[[237.73499, 238.42151, 236.40529], [100.83517, 0, 0], [0, 0, 0]]
1e-05 1000
[[237.73499, 238.42151, 236.40529], [100.83517, 102.42655, 0], [0, 0, 0]]
1e-05 100000.0
[[237.73499, 238.42151, 236.40529], [100.83517, 102.42655, 114.64731], [0, 0, 0]]
0.001 10.0
[[237.73499, 238.42151, 236.40529], [100.83517, 102.42655, 114.64731], [141.83731, 0, 0]]
0.001 1000
[[237.73499, 238.42151, 236.40529], [100.83517, 102.42655, 114.64731], [141.83731, 123.04438, 0]]
0.001 100000.0
[[237.73499, 238.42151, 236.40529], [100.83517, 102.42655, 114.64731], [141.83731, 123.04438, 184.20993]]
[-6.0, -5, -4.0]
[0.0, 1.0, 2.0]
1e-06 1.0
[[129.46957, 0, 0], [0, 0, 0], [0, 0, 0]]
1e-06 10.0
[[129.46957, 129.26317, 0], [0, 0, 0], [0, 0, 0]]
1e-06 100.0
[[129.46957, 129.26317, 123.3083], [0, 0, 0], [0, 0, 0]]
1e-05 1.0
[[129.46957, 129.26317, 123.3083], [102.773285, 0, 0], [0, 0, 0]]
1e-05 10.0
[[129.46957, 129.26317, 123.3083], [102.773285, 103.3874, 0], [0, 0, 0]]
1e-05 100.0
[[129.46957, 129.26317, 123.3083], [102.773285, 103.3874, 102.84983], [0, 0, 0]]
0.0001 1.0
[[129.46957, 129.26317, 123.3083], [102.773285, 103.3874, 102.84983], [103.135315, 0, 0]]
0.0001 10.0
[[129.46957, 129.26317, 123.3083], [102.773285, 103.3874, 102.84983], [103.135315, 110.502716, 0]]
0.0001 100.0
[[129.46957, 129.26317, 123.3083], [102.773285, 103.3874, 102.84983], [103.135315, 110.502716, 103.21365]]
[-5.5, -5, -4.5]
[-0.5, 0.0, 0.5]
3.162277660168379e-06 0.31622776601683794
[[100.00863, 0, 0], [0, 0, 0], [0, 0, 0]]
3.162277660168379e-06 1.0
[[100.00863, 102.16258, 0], [0, 0, 0], [0, 0, 0]]
3.162277660168379e-06 3.1622776601683795
[[100.00863, 102.16258, 102.824974], [0, 0, 0], [0, 0, 0]]
1e-05 0.31622776601683794
[[100.00863, 102.16258, 102.824974], [99.216675, 0, 0], [0, 0, 0]]
1e-05 1.0
[[100.00863, 102.16258, 102.824974], [99.216675, 100.21549, 0], [0, 0, 0]]
1e-05 3.1622776601683795
[[100.00863, 102.16258, 102.824974], [99.216675, 100.21549, 103.1452], [0, 0, 0]]
3.1622776601683795e-05 0.31622776601683794
[[100.00863, 102.16258, 102.824974], [99.216675, 100.21549, 103.1452], [98.080536, 0, 0]]
3.1622776601683795e-05 1.0
[[100.00863, 102.16258, 102.824974], [99.216675, 100.21549, 103.1452], [98.080536, 104.771515, 0]]
3.1622776601683795e-05 3.1622776601683795
[[100.00863, 102.16258, 102.824974], [99.216675, 100.21549, 103.1452], [98.080536, 104.771515, 104.662186]]
[-4.75, -4.5, -4.25]
[-0.75, -0.5, -0.25]
1.778279410038923e-05 0.1778279410038923
[[100.887115, 0, 0], [0, 0, 0], [0, 0, 0]]
1.778279410038923e-05 0.31622776601683794
[[100.887115, 101.576805, 0], [0, 0, 0], [0, 0, 0]]
1.778279410038923e-05 0.5623413251903491
[[100.887115, 101.576805, 102.29747], [0, 0, 0], [0, 0, 0]]
3.1622776601683795e-05 0.1778279410038923
[[100.887115, 101.576805, 102.29747], [101.32825, 0, 0], [0, 0, 0]]
3.1622776601683795e-05 0.31622776601683794
[[100.887115, 101.576805, 102.29747], [101.32825, 102.08688, 0], [0, 0, 0]]
3.1622776601683795e-05 0.5623413251903491
[[100.887115, 101.576805, 102.29747], [101.32825, 102.08688, 104.88661], [0, 0, 0]]
5.623413251903491e-05 0.1778279410038923
[[100.887115, 101.576805, 102.29747], [101.32825, 102.08688, 104.88661], [102.794716, 0, 0]]
5.623413251903491e-05 0.31622776601683794
[[100.887115, 101.576805, 102.29747], [101.32825, 102.08688, 104.88661], [102.794716, 100.061066, 0]]
5.623413251903491e-05 0.5623413251903491
[[100.887115, 101.576805, 102.29747], [101.32825, 102.08688, 104.88661], [102.794716, 100.061066, 103.37632]]
[-4.375, -4.25, -4.125]
[-0.625, -0.5, -0.375]
4.216965034285822e-05 0.23713737056616552
[[101.66755, 0, 0], [0, 0, 0], [0, 0, 0]]
4.216965034285822e-05 0.31622776601683794
[[101.66755, 105.26772, 0], [0, 0, 0], [0, 0, 0]]
4.216965034285822e-05 0.4216965034285822
[[101.66755, 105.26772, 100.853935], [0, 0, 0], [0, 0, 0]]
5.623413251903491e-05 0.23713737056616552
[[101.66755, 105.26772, 100.853935], [97.29205, 0, 0], [0, 0, 0]]
5.623413251903491e-05 0.31622776601683794
[[101.66755, 105.26772, 100.853935], [97.29205, 102.57657, 0], [0, 0, 0]]
5.623413251903491e-05 0.4216965034285822
[[101.66755, 105.26772, 100.853935], [97.29205, 102.57657, 103.18245], [0, 0, 0]]
7.498942093324559e-05 0.23713737056616552
[[101.66755, 105.26772, 100.853935], [97.29205, 102.57657, 103.18245], [109.997116, 0, 0]]
7.498942093324559e-05 0.31622776601683794
[[101.66755, 105.26772, 100.853935], [97.29205, 102.57657, 103.18245], [109.997116, 101.21271, 0]]
7.498942093324559e-05 0.4216965034285822
[[101.66755, 105.26772, 100.853935], [97.29205, 102.57657, 103.18245], [109.997116, 101.21271, 100.991875]]
[-4.3125, -4.25, -4.1875]
[-0.6875, -0.625, -0.5625]
5 200
Score: 97.29205
5.623413251903491e-05 0.23713737056616552
Time 14285.126336574554
