Created graph
0.1 1000
[[7.7238553e+18, 0, 0], [0, 0, 0], [0, 0, 0]]
0.1 100000
[[7.7238553e+18, inf, 0], [0, 0, 0], [0, 0, 0]]
0.1 10000000
[[7.7238553e+18, inf, inf], [0, 0, 0], [0, 0, 0]]
1e-05 1000
[[7.7238553e+18, inf, inf], [104.22221, 0, 0], [0, 0, 0]]
1e-05 100000
[[7.7238553e+18, inf, inf], [104.22221, 121.954575, 0], [0, 0, 0]]
1e-05 10000000
[[7.7238553e+18, inf, inf], [104.22221, 121.954575, 235.53212], [0, 0, 0]]
1e-09 1000
[[7.7238553e+18, inf, inf], [104.22221, 121.954575, 235.53212], [258.7608, 0, 0]]
1e-09 100000
[[7.7238553e+18, inf, inf], [104.22221, 121.954575, 235.53212], [258.7608, 258.47797, 0]]
1e-09 10000000
[[7.7238553e+18, inf, inf], [104.22221, 121.954575, 235.53212], [258.7608, 258.47797, 258.82388]]
[-7.0, -5, -3.0]
[1.0, 3, 5.0]
1e-07 10.0
[[246.39111, 0, 0], [0, 0, 0], [0, 0, 0]]
1e-07 1000
[[246.39111, 245.92409, 0], [0, 0, 0], [0, 0, 0]]
1e-07 100000.0
[[246.39111, 245.92409, 246.48358], [0, 0, 0], [0, 0, 0]]
1e-05 10.0
[[246.39111, 245.92409, 246.48358], [103.6252, 0, 0], [0, 0, 0]]
1e-05 1000
[[246.39111, 245.92409, 246.48358], [103.6252, 106.35832, 0], [0, 0, 0]]
1e-05 100000.0
[[246.39111, 245.92409, 246.48358], [103.6252, 106.35832, 122.53187], [0, 0, 0]]
0.001 10.0
[[246.39111, 245.92409, 246.48358], [103.6252, 106.35832, 122.53187], [162.26688, 0, 0]]
0.001 1000
[[246.39111, 245.92409, 246.48358], [103.6252, 106.35832, 122.53187], [162.26688, 128.8295, 0]]
0.001 100000.0
[[246.39111, 245.92409, 246.48358], [103.6252, 106.35832, 122.53187], [162.26688, 128.8295, 192.86865]]
[-6.0, -5, -4.0]
[0.0, 1.0, 2.0]
1e-06 1.0
[[131.03157, 0, 0], [0, 0, 0], [0, 0, 0]]
1e-06 10.0
[[131.03157, 132.89903, 0], [0, 0, 0], [0, 0, 0]]
1e-06 100.0
[[131.03157, 132.89903, 134.10504], [0, 0, 0], [0, 0, 0]]
1e-05 1.0
[[131.03157, 132.89903, 134.10504], [103.20041, 0, 0], [0, 0, 0]]
1e-05 10.0
[[131.03157, 132.89903, 134.10504], [103.20041, 102.057465, 0], [0, 0, 0]]
1e-05 100.0
[[131.03157, 132.89903, 134.10504], [103.20041, 102.057465, 105.06564], [0, 0, 0]]
0.0001 1.0
[[131.03157, 132.89903, 134.10504], [103.20041, 102.057465, 105.06564], [116.36715, 0, 0]]
0.0001 10.0
[[131.03157, 132.89903, 134.10504], [103.20041, 102.057465, 105.06564], [116.36715, 109.63391, 0]]
0.0001 100.0
[[131.03157, 132.89903, 134.10504], [103.20041, 102.057465, 105.06564], [116.36715, 109.63391, 113.45245]]
[-5.5, -5, -4.5]
[0.5, 1.0, 1.5]
3.162277660168379e-06 3.1622776601683795
[[106.811035, 0, 0], [0, 0, 0], [0, 0, 0]]
3.162277660168379e-06 10.0
[[106.811035, 103.9828, 0], [0, 0, 0], [0, 0, 0]]
3.162277660168379e-06 31.622776601683793
[[106.811035, 103.9828, 103.665535], [0, 0, 0], [0, 0, 0]]
1e-05 3.1622776601683795
[[106.811035, 103.9828, 103.665535], [100.49462, 0, 0], [0, 0, 0]]
1e-05 10.0
[[106.811035, 103.9828, 103.665535], [100.49462, 103.57552, 0], [0, 0, 0]]
1e-05 31.622776601683793
[[106.811035, 103.9828, 103.665535], [100.49462, 103.57552, 103.27671], [0, 0, 0]]
3.1622776601683795e-05 3.1622776601683795
[[106.811035, 103.9828, 103.665535], [100.49462, 103.57552, 103.27671], [102.98221, 0, 0]]
3.1622776601683795e-05 10.0
[[106.811035, 103.9828, 103.665535], [100.49462, 103.57552, 103.27671], [102.98221, 102.56044, 0]]
3.1622776601683795e-05 31.622776601683793
[[106.811035, 103.9828, 103.665535], [100.49462, 103.57552, 103.27671], [102.98221, 102.56044, 101.16747]]
[-5.25, -5, -4.75]
[0.25, 0.5, 0.75]
5.623413251903491e-06 1.7782794100389228
[[104.28424, 0, 0], [0, 0, 0], [0, 0, 0]]
5.623413251903491e-06 3.1622776601683795
[[104.28424, 106.43108, 0], [0, 0, 0], [0, 0, 0]]
5.623413251903491e-06 5.623413251903491
[[104.28424, 106.43108, 104.39465], [0, 0, 0], [0, 0, 0]]
1e-05 1.7782794100389228
[[104.28424, 106.43108, 104.39465], [100.06183, 0, 0], [0, 0, 0]]
1e-05 3.1622776601683795
[[104.28424, 106.43108, 104.39465], [100.06183, 103.49747, 0], [0, 0, 0]]
1e-05 5.623413251903491
[[104.28424, 106.43108, 104.39465], [100.06183, 103.49747, 103.82317], [0, 0, 0]]
1.778279410038923e-05 1.7782794100389228
[[104.28424, 106.43108, 104.39465], [100.06183, 103.49747, 103.82317], [104.91758, 0, 0]]
1.778279410038923e-05 3.1622776601683795
[[104.28424, 106.43108, 104.39465], [100.06183, 103.49747, 103.82317], [104.91758, 104.0471, 0]]
1.778279410038923e-05 5.623413251903491
[[104.28424, 106.43108, 104.39465], [100.06183, 103.49747, 103.82317], [104.91758, 104.0471, 105.143814]]
[-5.125, -5, -4.875]
[0.125, 0.25, 0.375]
7.498942093324558e-06 1.333521432163324
[[104.53376, 0, 0], [0, 0, 0], [0, 0, 0]]
7.498942093324558e-06 1.7782794100389228
[[104.53376, 102.44292, 0], [0, 0, 0], [0, 0, 0]]
7.498942093324558e-06 2.371373705661655
[[104.53376, 102.44292, 104.12796], [0, 0, 0], [0, 0, 0]]
1e-05 1.333521432163324
[[104.53376, 102.44292, 104.12796], [103.95629, 0, 0], [0, 0, 0]]
1e-05 1.7782794100389228
[[104.53376, 102.44292, 104.12796], [103.95629, 102.94595, 0], [0, 0, 0]]
1e-05 2.371373705661655
[[104.53376, 102.44292, 104.12796], [103.95629, 102.94595, 104.326515], [0, 0, 0]]
1.333521432163324e-05 1.333521432163324
[[104.53376, 102.44292, 104.12796], [103.95629, 102.94595, 104.326515], [102.61915, 0, 0]]
1.333521432163324e-05 1.7782794100389228
[[104.53376, 102.44292, 104.12796], [103.95629, 102.94595, 104.326515], [102.61915, 104.99821, 0]]
1.333521432163324e-05 2.371373705661655
[[104.53376, 102.44292, 104.12796], [103.95629, 102.94595, 104.326515], [102.61915, 104.99821, 104.78187]]
[-5.1875, -5.125, -5.0625]
[0.1875, 0.25, 0.3125]
6 5
Score: 102.44292
7.498942093324558e-06 1.7782794100389228
Time 16437.597784996033
