Created graph
0.1 1000
[[1.5832318e+19, 0, 0], [0, 0, 0], [0, 0, 0]]
0.1 100000
[[1.5832318e+19, inf, 0], [0, 0, 0], [0, 0, 0]]
0.1 10000000
[[1.5832318e+19, inf, inf], [0, 0, 0], [0, 0, 0]]
1e-05 1000
[[1.5832318e+19, inf, inf], [91.51396, 0, 0], [0, 0, 0]]
1e-05 100000
[[1.5832318e+19, inf, inf], [91.51396, 106.049034, 0], [0, 0, 0]]
1e-05 10000000
[[1.5832318e+19, inf, inf], [91.51396, 106.049034, 220.65619], [0, 0, 0]]
1e-09 1000
[[1.5832318e+19, inf, inf], [91.51396, 106.049034, 220.65619], [245.54195, 0, 0]]
1e-09 100000
[[1.5832318e+19, inf, inf], [91.51396, 106.049034, 220.65619], [245.54195, 245.9838, 0]]
1e-09 10000000
[[1.5832318e+19, inf, inf], [91.51396, 106.049034, 220.65619], [245.54195, 245.9838, 245.33313]]
[-7.0, -5, -3.0]
[1.0, 3, 5.0]
1e-07 10.0
[[230.07889, 0, 0], [0, 0, 0], [0, 0, 0]]
1e-07 1000
[[230.07889, 231.8457, 0], [0, 0, 0], [0, 0, 0]]
1e-07 100000.0
[[230.07889, 231.8457, 233.06094], [0, 0, 0], [0, 0, 0]]
1e-05 10.0
[[230.07889, 231.8457, 233.06094], [93.72229, 0, 0], [0, 0, 0]]
1e-05 1000
[[230.07889, 231.8457, 233.06094], [93.72229, 91.71997, 0], [0, 0, 0]]
1e-05 100000.0
[[230.07889, 231.8457, 233.06094], [93.72229, 91.71997, 105.36726], [0, 0, 0]]
0.001 10.0
[[230.07889, 231.8457, 233.06094], [93.72229, 91.71997, 105.36726], [156.17952, 0, 0]]
0.001 1000
[[230.07889, 231.8457, 233.06094], [93.72229, 91.71997, 105.36726], [156.17952, 100.348114, 0]]
0.001 100000.0
[[230.07889, 231.8457, 233.06094], [93.72229, 91.71997, 105.36726], [156.17952, 100.348114, 186.67754]]
[-6.0, -5, -4.0]
[2.0, 3, 4.0]
1e-06 100.0
[[123.753235, 0, 0], [0, 0, 0], [0, 0, 0]]
1e-06 1000
[[123.753235, 118.153656, 0], [0, 0, 0], [0, 0, 0]]
1e-06 10000.0
[[123.753235, 118.153656, 123.334305], [0, 0, 0], [0, 0, 0]]
1e-05 100.0
[[123.753235, 118.153656, 123.334305], [95.50508, 0, 0], [0, 0, 0]]
1e-05 1000
[[123.753235, 118.153656, 123.334305], [95.50508, 90.94597, 0], [0, 0, 0]]
1e-05 10000.0
[[123.753235, 118.153656, 123.334305], [95.50508, 90.94597, 90.94117], [0, 0, 0]]
0.0001 100.0
[[123.753235, 118.153656, 123.334305], [95.50508, 90.94597, 90.94117], [103.14425, 0, 0]]
0.0001 1000
[[123.753235, 118.153656, 123.334305], [95.50508, 90.94597, 90.94117], [103.14425, 96.359634, 0]]
0.0001 10000.0
[[123.753235, 118.153656, 123.334305], [95.50508, 90.94597, 90.94117], [103.14425, 96.359634, 92.504616]]
[-5.5, -5, -4.5]
[3.5, 4.0, 4.5]
3.162277660168379e-06 3162.2776601683795
[[92.300644, 0, 0], [0, 0, 0], [0, 0, 0]]
3.162277660168379e-06 10000.0
[[92.300644, 94.20138, 0], [0, 0, 0], [0, 0, 0]]
3.162277660168379e-06 31622.776601683792
[[92.300644, 94.20138, 99.314735], [0, 0, 0], [0, 0, 0]]
1e-05 3162.2776601683795
[[92.300644, 94.20138, 99.314735], [91.9197, 0, 0], [0, 0, 0]]
1e-05 10000.0
[[92.300644, 94.20138, 99.314735], [91.9197, 90.74482, 0], [0, 0, 0]]
1e-05 31622.776601683792
[[92.300644, 94.20138, 99.314735], [91.9197, 90.74482, 93.0506], [0, 0, 0]]
3.1622776601683795e-05 3162.2776601683795
[[92.300644, 94.20138, 99.314735], [91.9197, 90.74482, 93.0506], [91.40409, 0, 0]]
3.1622776601683795e-05 10000.0
[[92.300644, 94.20138, 99.314735], [91.9197, 90.74482, 93.0506], [91.40409, 91.1779, 0]]
3.1622776601683795e-05 31622.776601683792
[[92.300644, 94.20138, 99.314735], [91.9197, 90.74482, 93.0506], [91.40409, 91.1779, 93.75595]]
[-5.25, -5, -4.75]
[3.75, 4.0, 4.25]
5.623413251903491e-06 5623.413251903491
[[93.32954, 0, 0], [0, 0, 0], [0, 0, 0]]
5.623413251903491e-06 10000.0
[[93.32954, 91.64562, 0], [0, 0, 0], [0, 0, 0]]
5.623413251903491e-06 17782.794100389227
[[93.32954, 91.64562, 92.03965], [0, 0, 0], [0, 0, 0]]
1e-05 5623.413251903491
[[93.32954, 91.64562, 92.03965], [91.38778, 0, 0], [0, 0, 0]]
1e-05 10000.0
[[93.32954, 91.64562, 92.03965], [91.38778, 90.96534, 0], [0, 0, 0]]
1e-05 17782.794100389227
[[93.32954, 91.64562, 92.03965], [91.38778, 90.96534, 92.47655], [0, 0, 0]]
1.778279410038923e-05 5623.413251903491
[[93.32954, 91.64562, 92.03965], [91.38778, 90.96534, 92.47655], [89.084984, 0, 0]]
1.778279410038923e-05 10000.0
[[93.32954, 91.64562, 92.03965], [91.38778, 90.96534, 92.47655], [89.084984, 88.43364, 0]]
1.778279410038923e-05 17782.794100389227
[[93.32954, 91.64562, 92.03965], [91.38778, 90.96534, 92.47655], [89.084984, 88.43364, 92.09907]]
[-4.875, -4.75, -4.625]
[3.875, 4.0, 4.125]
1.333521432163324e-05 7498.942093324558
[[90.50791, 0, 0], [0, 0, 0], [0, 0, 0]]
1.333521432163324e-05 10000.0
[[90.50791, 89.61899, 0], [0, 0, 0], [0, 0, 0]]
1.333521432163324e-05 13335.21432163324
[[90.50791, 89.61899, 91.1138], [0, 0, 0], [0, 0, 0]]
1.778279410038923e-05 7498.942093324558
[[90.50791, 89.61899, 91.1138], [91.843475, 0, 0], [0, 0, 0]]
1.778279410038923e-05 10000.0
[[90.50791, 89.61899, 91.1138], [91.843475, 92.26361, 0], [0, 0, 0]]
1.778279410038923e-05 13335.21432163324
[[90.50791, 89.61899, 91.1138], [91.843475, 92.26361, 91.10836], [0, 0, 0]]
2.3713737056616554e-05 7498.942093324558
[[90.50791, 89.61899, 91.1138], [91.843475, 92.26361, 91.10836], [89.915184, 0, 0]]
2.3713737056616554e-05 10000.0
[[90.50791, 89.61899, 91.1138], [91.843475, 92.26361, 91.10836], [89.915184, 90.85084, 0]]
2.3713737056616554e-05 13335.21432163324
[[90.50791, 89.61899, 91.1138], [91.843475, 92.26361, 91.10836], [89.915184, 90.85084, 92.27578]]
[-4.9375, -4.875, -4.8125]
[3.9375, 4.0, 4.0625]
5 5
Score: 89.61899
1.333521432163324e-05 10000.0
Time 17032.343880176544
