Created graph
[-7.0, -5, -3.0]
[-6.0, -5, -4.0]
[-5.5, -5, -4.5]
[-5.25, -5, -4.75]
[-5.125, -5, -4.875]
[-5.0625, -5, -4.9375]
100 4 1
Score: 103.49048
Signatures: [[0.0, 0.0, 0.0, 0.0, 0.0, 0.0, 0.0, 0.0, 0.0, 0.0, 0.0, 0.0, 0.5362896919250488, 0.2905029356479645, 0.1964825689792633, 0.42176616191864014, 0.0, 0.0, 0.0, 0.0, 0.0, 0.0, 0.0, 0.0, 0.002937315497547388, 0.0, 0.0, 0.0, 0.0, 0.04517430067062378, 0.0, 3.0893805027008057, 0.01040924433618784, 0.0, 0.0, 0.06752932816743851, 0.3679466247558594, 0.034277528524398804, 0.0, 0.09937070310115814, 0.02873058430850506, 0.016508636996150017, 0.0, 0.0, 12.425322532653809, 2.659449338912964, 4.223840236663818, 6.889246463775635, 0.0, 0.0, 0.041323963552713394, 0.0, 0.0, 0.0, 0.0, 0.0, 0.0020934774074703455, 0.0, 0.0, 0.0, 0.0, 0.0, 0.0, 0.0, 0.0, 0.0, 0.0, 0.0, 0.0, 0.0, 0.0, 0.0, 0.0, 0.0, 0.0, 0.0, 0.0, 0.0, 0.0, 0.05608758330345154, 0.0, 0.0, 0.0, 0.0, 0.0, 0.0, 0.0, 0.0, 0.0, 0.029985733330249786, 0.0, 0.0, 0.0, 0.0, 0.0, 0.0], [0.4544520378112793, 0.8424857258796692, 0.2778487503528595, 0.36615654826164246, 0.411907821893692, 0.2944924831390381, 0.30370742082595825, 0.5619605779647827, 0.07535367459058762, 0.45828649401664734, 0.14103847742080688, 0.4531487226486206, 1.7721686363220215, 0.8100920915603638, 0.11492298543453217, 1.0846490859985352, 0.44815710186958313, 0.1299009621143341, 0.2837747633457184, 0.4194289445877075, 0.3410067558288574, 0.2796834707260132, 0.19169223308563232, 0.5431311130523682, 0.10809067636728287, 0.3311343193054199, 0.05245028808712959, 0.49406251311302185, 3.2409520149230957, 1.3609062433242798, 0.723717987537384, 2.82712721824646, 0.47240445017814636, 0.1489214152097702, 2.864915609359741, 0.3100440800189972, 1.0813795328140259, 0.6919216513633728, 2.3717610836029053, 0.9439851641654968, 0.8391454815864563, 0.2787776589393616, 2.4316368103027344, 0.5789558291435242, 2.138261079788208, 1.3347660303115845, 2.4644410610198975, 4.700542449951172, 0.1230577826499939, 0.2094489336013794, 0.1010308712720871, 0.0, 0.17642466723918915, 0.2047761082649231, 0.24596360325813293, 0.19592547416687012, 0.08203345537185669, 0.2249213606119156, 0.1418951153755188, 0.17450669407844543, 0.1512095332145691, 0.0924309492111206, 0.19998185336589813, 0.041878052055835724, 0.3839972913265228, 0.0, 0.634035050868988, 0.5552582144737244, 0.0, 0.1954151839017868, 0.22070154547691345, 0.31666019558906555, 0.18485420942306519, 0.30868077278137207, 0.0698612630367279, 0.18758909404277802, 0.045071642845869064, 0.41688215732574463, 0.048475414514541626, 0.0, 0.06474523991346359, 0.12075415998697281, 0.17136286199092865, 0.16014109551906586, 0.038514189422130585, 0.11049889028072357, 0.17448000609874725, 0.2903258502483368, 0.06880667805671692, 0.05907473713159561, 0.1276904046535492, 0.168253093957901, 0.10110300034284592, 0.15099744498729706, 0.1663944125175476, 0.21260569989681244], [1.1650526523590088, 1.0040671825408936, 0.3192201256752014, 0.8173624277114868, 1.0083105564117432, 1.247663140296936, 0.3066563010215759, 0.8540225028991699, 1.2454079389572144, 1.0552291870117188, 0.22079800069332123, 0.8870460391044617, 0.19954252243041992, 1.2720040082931519, 0.38078415393829346, 0.9369597434997559, 0.7077361345291138, 0.7313385605812073, 0.4284058213233948, 0.7456747889518738, 0.6455270648002625, 0.7819085717201233, 0.511875331401825, 0.8888436555862427, 0.4514819383621216, 0.5444888472557068, 0.348249226808548, 0.5309889912605286, 0.2826935946941376, 0.7568494081497192, 0.18750214576721191, 1.2950966358184814, 1.492853045463562, 1.6093426942825317, 4.836116313934326, 1.3365482091903687, 1.3806593418121338, 1.2604413032531738, 4.147570610046387, 1.6687026023864746, 1.648337721824646, 2.3058853149414062, 4.832884788513184, 1.627280354499817, 1.8874011039733887, 2.4170138835906982, 2.9098730087280273, 0.0, 0.30008620023727417, 0.6143951416015625, 0.5204369425773621, 0.4502110183238983, 0.12476782500743866, 0.67435222864151, 0.678066611289978, 0.548966646194458, 0.21808083355426788, 0.3398139178752899, 0.41906270384788513, 0.22811202704906464, 0.2772153317928314, 0.3781846761703491, 0.18623745441436768, 0.4528946280479431, 0.673801064491272, 0.8693888783454895, 0.9102847576141357, 0.9231278896331787, 0.47500529885292053, 0.9539238810539246, 0.9518992304801941, 0.8670802116394043, 1.1445101499557495, 0.4299525320529938, 0.949418306350708, 0.7490522265434265, 0.714252233505249, 0.607631266117096, 0.6504353284835815, 0.5914788842201233, 0.1667804718017578, 0.1341029852628708, 0.31269851326942444, 0.1448489874601364, 0.1947784572839737, 0.2943846881389618, 0.6005882024765015, 0.5797719955444336, 0.16087737679481506, 0.2533116042613983, 0.42303329706192017, 0.19876191020011902, 0.21584630012512207, 0.2396608144044876, 0.2977350652217865, 0.41266801953315735], [0.0, 0.017641685903072357, 0.0, 0.0, 0.0006265236297622323, 0.0, 0.0, 0.002315722405910492, 0.0, 0.0, 0.03741593286395073, 0.0, 1.28740656375885, 0.32090380787849426, 0.18230758607387543, 0.2307264506816864, 0.02016819827258587, 0.09033790230751038, 0.04947953671216965, 0.004257111344486475, 0.10802845656871796, 0.0, 0.0, 0.1119609996676445, 0.05737334117293358, 0.0, 0.007953417487442493, 0.0, 9.37661361694336, 3.0155837535858154, 0.5362910628318787, 10.291504859924316, 0.12909634411334991, 0.014754613861441612, 0.0, 0.0381280742585659, 0.21310840547084808, 0.0, 0.0, 0.0, 0.02813117392361164, 0.0, 0.0, 0.13570569455623627, 8.5404634475708, 1.9386805295944214, 1.3085925579071045, 2.7499003410339355, 0.0, 0.0, 0.04897651821374893, 0.0, 0.07410378754138947, 0.0, 0.0, 0.0, 0.0, 0.0, 0.0, 0.0, 0.0, 0.004541609436273575, 0.0, 0.0, 0.0, 0.024956457316875458, 0.0, 0.0, 0.0, 0.06243106350302696, 0.0, 0.0, 0.0, 0.0, 0.0, 0.05826990306377411, 0.02688901498913765, 0.0, 0.007516408804804087, 0.0, 0.0, 0.0, 0.0, 0.0, 0.0008967574685811996, 2.9796428862027824e-05, 0.0, 0.04766788333654404, 0.0, 0.0, 0.0, 0.0, 0.0, 0.0, 0.049453381448984146, 0.0]]
Time 4118.719233751297
