Created graph
[-7.0, -5, -3.0]
[-6.0, -5, -4.0]
[-5.5, -5, -4.5]
[-5.25, -5, -4.75]
[-5.125, -5, -4.875]
[-5.0625, -5, -4.9375]
1 3 1
Score: 107.25013
Signatures: [[1.2246731519699097, 1.2553198337554932, 0.4236982762813568, 0.8933368921279907, 1.0594148635864258, 1.1981942653656006, 0.4266088306903839, 1.014599323272705, 1.0644152164459229, 1.1359310150146484, 0.25200366973876953, 0.991146981716156, 1.032171368598938, 1.4885157346725464, 0.4036824107170105, 1.3376754522323608, 0.8240588903427124, 0.6531621813774109, 0.4864498972892761, 0.8358922004699707, 0.6888226866722107, 0.7988997101783752, 0.5307088494300842, 0.9988037347793579, 0.4271155595779419, 0.6402500867843628, 0.311829537153244, 0.6871237754821777, 1.319206714630127, 1.1417748928070068, 0.4891039729118347, 1.882929801940918, 1.486547827720642, 1.408217430114746, 5.717110633850098, 1.291975736618042, 1.7154924869537354, 1.4627795219421387, 4.892129898071289, 1.940093994140625, 1.8551013469696045, 2.102435827255249, 5.570700168609619, 1.6593481302261353, 2.853546142578125, 2.8252291679382324, 3.990079879760742, 2.366487979888916, 0.3251394033432007, 0.6247573494911194, 0.4973050653934479, 0.35884445905685425, 0.17574304342269897, 0.6789247393608093, 0.7077170014381409, 0.5680589079856873, 0.22667893767356873, 0.4121643900871277, 0.43004879355430603, 0.2885777950286865, 0.3166084885597229, 0.3620060384273529, 0.27159789204597473, 0.3820129930973053, 0.784039318561554, 0.6949648857116699, 1.113664984703064, 1.0817897319793701, 0.38261109590530396, 0.891327977180481, 0.9024743437767029, 0.8893422484397888, 1.0648093223571777, 0.5467028617858887, 0.83092200756073, 0.7066723108291626, 0.6085054278373718, 0.744912326335907, 0.5622386336326599, 0.4946701228618622, 0.17779049277305603, 0.18149028718471527, 0.3526246249675751, 0.2094055861234665, 0.17807988822460175, 0.3011705279350281, 0.5964994430541992, 0.6131079792976379, 0.17011825740337372, 0.24979260563850403, 0.41839322447776794, 0.2590029835700989, 0.23397736251354218, 0.2923673689365387, 0.3251206874847412, 0.4568568766117096], [0.0, 0.1452561616897583, 0.011270231567323208, 0.0027443028520792723, 0.012089489959180355, 0.0, 0.019208425655961037, 0.05855800211429596, 0.0, 0.0, 0.0580107718706131, 0.0, 1.5817121267318726, 0.47035491466522217, 0.16249828040599823, 0.4191778898239136, 0.06932597607374191, 0.08719842880964279, 0.09341868758201599, 0.04456784576177597, 0.15161187946796417, 0.0, 0.0, 0.1823398768901825, 0.05055715888738632, 0.0, 0.0005468991002999246, 0.06825695931911469, 9.567743301391602, 3.1149492263793945, 0.6888943910598755, 9.902724266052246, 0.13888892531394958, 0.0, 0.0, 0.03471996262669563, 0.4356759488582611, 0.021042922511696815, 0.0, 0.03051571361720562, 0.07621125876903534, 0.0, 0.0, 0.13569019734859467, 7.599905490875244, 2.124971389770508, 2.0201587677001953, 2.611478805541992, 0.0, 0.0002309363044332713, 0.04569777846336365, 0.0, 0.1103498786687851, 0.0, 0.0, 0.0, 0.0047128330916166306, 6.397114702849649e-06, 0.0, 0.004950250033289194, 0.0, 0.002399392891675234, 6.92075491315336e-06, 0.0, 0.0, 0.0, 0.04268256574869156, 0.020690008997917175, 0.0, 0.044937096536159515, 0.0, 0.0, 0.0, 0.0, 0.0, 0.05118401348590851, 0.0, 0.0010790745727717876, 0.0, 0.0, 0.0, 0.0, 0.0, 0.014989684335887432, 5.728125688619912e-05, 0.008794487453997135, 0.0, 0.08903395384550095, 0.0, 0.0, 0.0, 0.005409506615251303, 0.0, 0.0, 0.07773275673389435, 0.013133899308741093], [0.0, 0.0, 0.0, 0.0, 0.0, 0.0, 0.0, 0.0, 0.0, 0.0, 0.0, 0.0, 0.599274218082428, 0.17369884252548218, 0.17957286536693573, 0.3537422716617584, 0.0, 0.0, 0.0, 0.0, 0.0, 0.0, 0.0, 0.0, 5.958747806289466e-07, 0.0, 0.0, 0.0, 0.4159846901893616, 0.21707016229629517, 0.0, 4.046961784362793, 0.0, 0.0, 0.0, 0.008252299390733242, 0.24018527567386627, 0.0191942285746336, 0.0, 0.0752117708325386, 0.0, 0.0, 0.0, 0.0, 12.929539680480957, 2.3015286922454834, 3.2472527027130127, 7.625990390777588, 0.0, 0.0, 0.01085088774561882, 0.0, 0.0, 0.0, 0.0, 0.0, 0.0, 0.0, 0.0, 0.0, 0.0, 0.0, 0.0, 0.0, 0.0, 0.0, 0.0, 0.0, 0.0, 0.0, 0.0, 0.0, 0.0, 0.0, 0.0, 0.0, 0.0, 0.0, 0.0, 8.513012289768085e-06, 0.0, 0.0, 0.0, 0.0, 0.0, 0.0, 0.0, 0.0, 0.0, 0.016918446868658066, 0.0, 0.0, 0.0, 0.001533395261503756, 0.0, 0.0]]
Time 4121.912400722504
