Created graph
[-7.0, -5, -3.0]
[-6.0, -5, -4.0]
[-5.5, -5, -4.5]
[-5.25, -5, -4.75]
[-5.125, -5, -4.875]
[-5.0625, -5, -4.9375]
100 3 1
Score: 107.18758
Signatures: [[1.2299094200134277, 1.2609261274337769, 0.4255872666835785, 0.8973268866539001, 1.064217209815979, 1.2034796476364136, 0.42858371138572693, 1.0188349485397339, 1.0689637660980225, 1.1406452655792236, 0.25329166650772095, 0.9956333637237549, 1.037274718284607, 1.4957118034362793, 0.4058767259120941, 1.3439521789550781, 0.827873170375824, 0.6563007235527039, 0.48870518803596497, 0.8397153615951538, 0.6920381188392639, 0.8025598526000977, 0.5332977771759033, 1.003622055053711, 0.4291839003562927, 0.6431125998497009, 0.3131987750530243, 0.6903618574142456, 1.3285458087921143, 1.1480121612548828, 0.4917953908443451, 1.8974422216415405, 1.4932465553283691, 1.4144595861434937, 5.742465972900391, 1.2976458072662354, 1.7237430810928345, 1.4694198369979858, 4.91531229019165, 1.9492086172103882, 1.863679051399231, 2.111565351486206, 5.596092224121094, 1.6670901775360107, 2.877962350845337, 2.839169979095459, 4.010273456573486, 2.380669355392456, 0.3265470564365387, 0.6275743842124939, 0.4996092915534973, 0.3605135381221771, 0.17659910023212433, 0.6820203065872192, 0.7110030651092529, 0.5705296397209167, 0.2277185320854187, 0.4140223562717438, 0.4319806396961212, 0.2899339497089386, 0.3180408477783203, 0.36360275745391846, 0.2728569805622101, 0.3836755156517029, 0.7876278162002563, 0.6980189085006714, 1.1190578937530518, 1.0869402885437012, 0.38434037566185, 0.8952433466911316, 0.9064923524856567, 0.893274188041687, 1.0693241357803345, 0.54912269115448, 0.8346228003501892, 0.7099279761314392, 0.6109917759895325, 0.7482820153236389, 0.5646792650222778, 0.4969683885574341, 0.17866013944149017, 0.1822996437549591, 0.3541744351387024, 0.21045297384262085, 0.17887406051158905, 0.30258709192276, 0.5991531610488892, 0.615921676158905, 0.17091302573680878, 0.2509193420410156, 0.42025884985923767, 0.260225385427475, 0.234977588057518, 0.2937089502811432, 0.3266982436180115, 0.45904797315597534], [0.0, 0.14643213152885437, 0.011444412171840668, 0.0028369768988341093, 0.012210757471621037, 0.0, 0.019357390701770782, 0.05899519473314285, 0.0, 0.0, 0.05842343717813492, 0.0, 1.5922974348068237, 0.47291406989097595, 0.16374701261520386, 0.4218902587890625, 0.06984090059995651, 0.08778472244739532, 0.0941266342997551, 0.044915568083524704, 0.1527072936296463, 0.0, 0.0, 0.18366658687591553, 0.05086388811469078, 0.0, 0.0005776454345323145, 0.06865061819553375, 9.624432563781738, 3.1333470344543457, 0.6939835548400879, 9.971450805664062, 0.14006663858890533, 0.0, 0.0, 0.03503986820578575, 0.43946731090545654, 0.021224116906523705, 0.0, 0.030705805867910385, 0.0768582820892334, 0.0, 0.0, 0.1367688924074173, 7.674618244171143, 2.1430678367614746, 2.0411195755004883, 2.6455512046813965, 0.0, 0.00026849249843508005, 0.04606384038925171, 0.0, 0.1111735925078392, 0.0, 0.0, 0.0, 0.0047285170294344425, 1.1011115020664874e-05, 0.0, 0.004995592869818211, 0.0, 0.0024710209108889103, 6.050350293662632e-06, 0.0, 0.0, 0.0, 0.042989108711481094, 0.0208745039999485, 0.0, 0.04543117806315422, 0.0, 0.0, 0.0, 0.0, 0.0, 0.05158389359712601, 0.0, 0.0011632053647190332, 0.0, 0.0, 0.0, 0.0, 0.0, 0.015131034888327122, 7.096067565726116e-05, 0.008892092853784561, 0.0, 0.089812271296978, 0.0, 0.0, 0.0, 0.005458453204482794, 1.6562461269131745e-07, 0.0, 0.07830440998077393, 0.013256057165563107], [0.0, 0.0, 0.0, 0.0, 0.0, 0.0, 0.0, 0.0, 0.0, 0.0, 0.0, 0.0, 0.6067379713058472, 0.1764983832836151, 0.1808924823999405, 0.3571445047855377, 0.0, 0.0, 0.0, 0.0, 0.0, 0.0, 0.0, 0.0, 1.5637777323718183e-05, 0.0, 0.0, 0.0, 0.4391998052597046, 0.22644741833209991, 0.0, 4.0902180671691895, 0.0, 0.0, 0.0, 0.00853352528065443, 0.2419516146183014, 0.01957756094634533, 0.0, 0.07594747096300125, 0.0, 0.0, 0.0, 0.0, 13.006277084350586, 2.3192555904388428, 3.266805410385132, 7.6719183921813965, 0.0, 0.0, 0.011012846603989601, 0.0, 0.0, 0.0, 0.0, 0.0, 0.0, 0.0, 0.0, 0.0, 0.0, 0.0, 0.0, 0.0, 0.0, 0.0, 0.0, 0.0, 0.0, 0.0, 0.0, 0.0, 0.0, 0.0, 0.0, 0.0, 0.0, 0.0, 0.0, 2.001147913688328e-05, 0.0, 0.0, 0.0, 0.0, 0.0, 0.0, 0.0, 0.0, 0.0, 0.01712641306221485, 0.0, 0.0, 0.0, 0.001572924666106701, 0.0, 0.0]]
Time 4126.381561994553
