Created graph
[-7.0, -5, -3.0]
[-6.0, -5, -4.0]
[-5.5, -5, -4.5]
[-5.25, -5, -4.75]
[-5.125, -5, -4.875]
[-5.0625, -5, -4.9375]
0 3 1
Score: 107.2508
Signatures: [[1.2246195077896118, 1.2552632093429565, 0.42367908358573914, 0.8932963013648987, 1.0593657493591309, 1.1981408596038818, 0.42658865451812744, 1.014556884765625, 1.0643689632415771, 1.1358819007873535, 0.2519903779029846, 0.9911019802093506, 1.0321189165115356, 1.4884428977966309, 0.4036603569984436, 1.3376119136810303, 0.8240202069282532, 0.653130292892456, 0.48642677068710327, 0.8358536958694458, 0.6887899041175842, 0.7988624572753906, 0.5306822061538696, 0.9987547993659973, 0.4270945191383362, 0.6402208805084229, 0.3118157386779785, 0.6870907545089722, 1.3191092014312744, 1.1417107582092285, 0.4890764653682709, 1.8827805519104004, 1.4864791631698608, 1.4081538915634155, 5.716855525970459, 1.2919179201126099, 1.7154085636138916, 1.462712287902832, 4.8918938636779785, 1.940001368522644, 1.855013370513916, 2.102344274520874, 5.570444583892822, 1.6592692136764526, 2.853299617767334, 2.8250885009765625, 3.989875555038452, 2.3663485050201416, 0.325125128030777, 0.6247286796569824, 0.49728161096572876, 0.35882750153541565, 0.17573444545269012, 0.6788934469223022, 0.7076836824417114, 0.5680336952209473, 0.22666826844215393, 0.41214534640312195, 0.4300293028354645, 0.288563996553421, 0.3165940046310425, 0.3619898855686188, 0.2715848982334137, 0.38199615478515625, 0.7840030789375305, 0.6949337124824524, 1.113610029220581, 1.0817375183105469, 0.3825935423374176, 0.8912882804870605, 0.9024333953857422, 0.8893019556999207, 1.0647635459899902, 0.5466785430908203, 0.8308841586112976, 0.7066389918327332, 0.6084798574447632, 0.7448779344558716, 0.5622137188911438, 0.4946468472480774, 0.1777816265821457, 0.18148210644721985, 0.3526087999343872, 0.20939502120018005, 0.17807181179523468, 0.30115604400634766, 0.5964723229408264, 0.6130796074867249, 0.17011016607284546, 0.24978125095367432, 0.4183743894100189, 0.2589905261993408, 0.2339671403169632, 0.2923537790775299, 0.32510456442832947, 0.4568345546722412], [0.0, 0.1452440768480301, 0.011268436908721924, 0.0027434853836894035, 0.012088350020349026, 0.0, 0.019207024946808815, 0.05855374038219452, 0.0, 0.0, 0.05800670012831688, 0.0, 1.581605076789856, 0.4703289568424225, 0.16248518228530884, 0.41915085911750793, 0.06932095438241959, 0.08719255775213242, 0.09341150522232056, 0.04456428810954094, 0.1516009122133255, 0.0, 0.0, 0.18232649564743042, 0.05055395886301994, 0.0, 0.0005465978756546974, 0.06825292110443115, 9.567172050476074, 3.1147632598876953, 0.6888426542282104, 9.902022361755371, 0.13887743651866913, 0.0, 0.0, 0.034716811031103134, 0.4356384873390198, 0.021041234955191612, 0.0, 0.030514031648635864, 0.07620495557785034, 0.0, 0.0, 0.1356794834136963, 7.599140644073486, 2.1247899532318115, 2.0199482440948486, 2.611128568649292, 0.0, 0.00023058663646224886, 0.045694123953580856, 0.0, 0.11034145951271057, 0.0, 0.0, 0.0, 0.0047127800062298775, 6.363913144014077e-06, 0.0, 0.004949858412146568, 0.0, 0.002398659475147724, 6.935662895557471e-06, 0.0, 0.0, 0.0, 0.04267952963709831, 0.02068830095231533, 0.0, 0.0449322871863842, 0.0, 0.0, 0.0, 0.0, 0.0, 0.05118018761277199, 0.0, 0.0010782971512526274, 0.0, 0.0, 0.0, 0.0, 0.0, 0.014988310635089874, 5.716398300137371e-05, 0.008793619461357594, 0.0, 0.08902601152658463, 0.0, 0.0, 0.0, 0.0054090810008347034, 0.0, 0.0, 0.07772717624902725, 0.01313268393278122], [0.0, 0.0, 0.0, 0.0, 0.0, 0.0, 0.0, 0.0, 0.0, 0.0, 0.0, 0.0, 0.5991986989974976, 0.17367015779018402, 0.17955970764160156, 0.35370683670043945, 0.0, 0.0, 0.0, 0.0, 0.0, 0.0, 0.0, 0.0, 5.530071121029323e-07, 0.0, 0.0, 0.0, 0.4157465994358063, 0.2169758826494217, 0.0, 4.046529769897461, 0.0, 0.0, 0.0, 0.008249425329267979, 0.24016638100147247, 0.019190240651369095, 0.0, 0.07520408928394318, 0.0, 0.0, 0.0, 0.0, 12.928767204284668, 2.301345109939575, 3.2470510005950928, 7.625524997711182, 0.0, 0.0, 0.01084923092275858, 0.0, 0.0, 0.0, 0.0, 0.0, 0.0, 0.0, 0.0, 0.0, 0.0, 0.0, 0.0, 0.0, 0.0, 0.0, 0.0, 0.0, 0.0, 0.0, 0.0, 0.0, 0.0, 0.0, 0.0, 0.0, 0.0, 0.0, 0.0, 8.421907295996789e-06, 0.0, 0.0, 0.0, 0.0, 0.0, 0.0, 0.0, 0.0, 0.0, 0.016916286200284958, 0.0, 0.0, 0.0, 0.0015330055030062795, 0.0, 0.0]]
Time 3967.939744234085
