Created graph
[-7.0, -5, -3.0]
[-6.0, -5, -4.0]
[-5.5, -5, -4.5]
[-5.25, -5, -4.75]
[-4.875, -4.75, -4.625]
[-4.9375, -4.875, -4.8125]
5000 3 1
Score: 105.81731
Signatures: [[0.0256449356675148, 0.3628012239933014, 0.07806749641895294, 0.10156121104955673, 0.1259436309337616, 0.0, 0.0708019807934761, 0.17213167250156403, 0.0, 0.0, 0.11564062535762787, 0.03333617374300957, 1.9743572473526, 0.7074702382087708, 0.22688940167427063, 0.7083908319473267, 0.21629704535007477, 0.2170325070619583, 0.21197739243507385, 0.1677342653274536, 0.32286059856414795, 0.033036667853593826, 0.0, 0.43005675077438354, 0.12321019172668457, 0.06514911353588104, 0.03567425534129143, 0.21236558258533478, 12.267279624938965, 4.329441547393799, 0.9476022720336914, 12.968864440917969, 0.3404686748981476, 0.01694122888147831, 0.0, 0.1329745501279831, 0.6583954095840454, 0.13858379423618317, 0.0, 0.1300462931394577, 0.23648633062839508, 0.0, 0.0, 0.37143853306770325, 10.721466064453125, 3.0935275554656982, 2.6496288776397705, 3.465674877166748, 0.0, 0.045726437121629715, 0.09560529887676239, 0.0, 0.18126139044761658, 0.0, 0.00042163548641838133, 0.0, 0.03115004114806652, 0.029886240139603615, 0.018415890634059906, 0.03757151588797569, 8.698913006810471e-06, 0.03448590636253357, 0.018637025728821754, 0.0046318089589476585, 0.03164637088775635, 0.03802209720015526, 0.15559418499469757, 0.1386040300130844, 0.0, 0.16586612164974213, 0.005586795974522829, 0.04951176792383194, 0.0, 0.0024345156271010637, 0.0, 0.15756215155124664, 0.027092959731817245, 0.06186170130968094, 0.0, 0.0, 0.0, 0.003763337153941393, 0.020041314885020256, 0.05052761361002922, 0.018134314566850662, 0.05384550988674164, 0.0, 0.22090834379196167, 0.019406212493777275, 0.0, 0.013744092546403408, 0.046088796108961105, 0.02060805819928646, 0.0, 0.16606579720973969, 0.06563036888837814], [0.0, 0.0, 0.0, 0.0, 0.0, 0.0, 0.0, 0.0, 0.0, 0.0, 0.0, 0.0, 1.3934597969055176, 0.4240403473377228, 0.3019099235534668, 0.5889851450920105, 0.0, 0.0, 0.0, 0.0, 0.0, 0.0, 0.0, 0.0, 0.00037956013693474233, 0.0, 0.0, 0.0, 2.82075834274292, 0.8755799531936646, 0.12226000428199768, 7.879014015197754, 0.0, 0.0, 0.05099103972315788, 0.054251011461019516, 0.5285584926605225, 0.071846142411232, 0.13969480991363525, 0.21409806609153748, 0.03278085216879845, 0.0, 0.0, 0.0, 18.54244613647461, 3.597127914428711, 5.1479668617248535, 10.918339729309082, 0.0, 0.0, 0.0422750860452652, 0.0, 0.0, 0.0, 0.0, 0.0, 0.0, 0.0, 0.0, 0.0, 0.0, 0.0, 0.0, 0.0, 0.0, 0.0, 0.0, 0.0, 0.0, 0.0, 0.0, 0.0, 0.0, 0.0, 0.0, 0.0, 0.0, 0.0, 0.0, 0.023308543488383293, 0.0, 0.0, 0.0, 0.0, 0.0, 0.0, 0.0, 0.0, 0.0, 0.0385233499109745, 0.0, 0.0, 0.0, 0.01595422439277172, 0.0, 0.0], [1.5463874340057373, 1.5221971273422241, 0.513539731502533, 1.0772429704666138, 1.3038362264633179, 1.5077614784240723, 0.523057758808136, 1.24714195728302, 1.3587247133255005, 1.4515833854675293, 0.3053115904331207, 1.2327150106430054, 1.0705647468566895, 1.755489468574524, 0.4680079519748688, 1.5381091833114624, 0.9801111221313477, 0.791877269744873, 0.5795061588287354, 1.016906976699829, 0.8295419216156006, 1.0000536441802979, 0.6836560368537903, 1.1920644044876099, 0.5154221057891846, 0.782322347164154, 0.3808959424495697, 0.8279675245285034, 1.076408863067627, 1.1616411209106445, 0.5715668797492981, 1.3843156099319458, 1.8148424625396729, 1.7949568033218384, 7.359295845031738, 1.5820928812026978, 2.017997980117798, 1.7876192331314087, 6.200888156890869, 2.3563406467437744, 2.30143141746521, 2.6618666648864746, 7.144138336181641, 2.0343966484069824, 2.0320842266082764, 3.111945629119873, 4.537530899047852, 2.3724236488342285, 0.4211694002151489, 0.7840734124183655, 0.6012005805969238, 0.45836740732192993, 0.21384018659591675, 0.8515080809593201, 0.8891176581382751, 0.719456136226654, 0.27243292331695557, 0.5084323287010193, 0.5324673056602478, 0.35447239875793457, 0.4062090218067169, 0.44960296154022217, 0.3362971842288971, 0.48244646191596985, 0.9932354092597961, 0.8848575353622437, 1.3909822702407837, 1.347887396812439, 0.4921441078186035, 1.0948280096054077, 1.153579831123352, 1.123941421508789, 1.3634915351867676, 0.6908385753631592, 1.0821070671081543, 0.8715580105781555, 0.767249584197998, 0.9422778487205505, 0.7299515008926392, 0.619713306427002, 0.22829511761665344, 0.2275976836681366, 0.44018638134002686, 0.2586340308189392, 0.2187955677509308, 0.3717733919620514, 0.7540446519851685, 0.7520620822906494, 0.21256472170352936, 0.30723273754119873, 0.5267760157585144, 0.314523309469223, 0.2931249737739563, 0.3685959279537201, 0.3858949542045593, 0.5721091628074646]]
Time 4120.001259565353
