Created graph
[-7.0, -5, -3.0]
[-6.0, -5, -4.0]
[-5.5, -5, -4.5]
[-5.25, -5, -4.75]
[-4.875, -4.75, -4.625]
[-4.9375, -4.875, -4.8125]
1000 3 1
Score: 107.335915
Signatures: [[1.3480664491653442, 1.3246099948883057, 0.4497566223144531, 0.9388841986656189, 1.1300874948501587, 1.3068263530731201, 0.44771191477775574, 1.0874251127243042, 1.1824500560760498, 1.2688246965408325, 0.2615923285484314, 1.0687212944030762, 0.9417484998703003, 1.5056301355361938, 0.3954647183418274, 1.3247512578964233, 0.8480474948883057, 0.6880658864974976, 0.5108901262283325, 0.885418176651001, 0.7245447039604187, 0.8720386624336243, 0.5846889019012451, 1.032906174659729, 0.4438733160495758, 0.683062732219696, 0.3335786461830139, 0.7194671034812927, 1.1080169677734375, 1.0432946681976318, 0.4951345920562744, 1.2785675525665283, 1.5763521194458008, 1.5494683980941772, 6.340271472930908, 1.3723336458206177, 1.7336604595184326, 1.5363444089889526, 5.265308856964111, 2.01434063911438, 1.971798062324524, 2.3004894256591797, 6.138125419616699, 1.75069260597229, 1.5973016023635864, 2.6485393047332764, 3.8131585121154785, 1.9097037315368652, 0.36573317646980286, 0.6833279728889465, 0.5136967897415161, 0.3929688334465027, 0.18916267156600952, 0.7339892387390137, 0.7643498182296753, 0.6272475719451904, 0.23468267917633057, 0.44072580337524414, 0.4615860879421234, 0.3062306344509125, 0.35160157084465027, 0.3919190764427185, 0.28819915652275085, 0.4206031262874603, 0.859437882900238, 0.7705217599868774, 1.1942577362060547, 1.1588083505630493, 0.42350494861602783, 0.9535601139068604, 0.9975602626800537, 0.9819623827934265, 1.182776689529419, 0.5993549823760986, 0.9319139122962952, 0.7548422813415527, 0.6727076172828674, 0.8142845630645752, 0.6310960054397583, 0.5273779034614563, 0.19379906356334686, 0.19840653240680695, 0.38357460498809814, 0.22256630659103394, 0.1921708583831787, 0.32382121682167053, 0.6506146788597107, 0.6605197787284851, 0.1842743456363678, 0.26142045855522156, 0.4577062129974365, 0.2734731435775757, 0.2575712502002716, 0.31394949555397034, 0.3355902135372162, 0.4942012429237366], [0.001163031323812902, 0.23590466380119324, 0.04368729516863823, 0.05593918636441231, 0.08241798728704453, 0.0, 0.056204166263341904, 0.12243851274251938, 0.0, 0.0, 0.08265870064496994, 0.023182429373264313, 1.7087488174438477, 0.5567137002944946, 0.16815362870693207, 0.4619326889514923, 0.1518038809299469, 0.1468309611082077, 0.13922648131847382, 0.110397107899189, 0.22429242730140686, 0.0036018218379467726, 0.0, 0.3001347482204437, 0.08097843080759048, 0.03251956030726433, 0.020380932837724686, 0.13973891735076904, 10.7443265914917, 3.5034852027893066, 0.7840885519981384, 11.152376174926758, 0.23994149267673492, 0.0009211504948325455, 0.0, 0.06649892777204514, 0.4584217369556427, 0.053053807467222214, 0.0, 0.05234074220061302, 0.17425936460494995, 0.0, 0.0, 0.27226170897483826, 8.38650894165039, 2.346109628677368, 2.0520570278167725, 3.022613286972046, 0.0, 0.026059815660119057, 0.04629751294851303, 0.0, 0.12902529537677765, 0.0, 0.0, 0.0, 0.021680708974599838, 0.02146894671022892, 0.01079795602709055, 0.022670414298772812, 0.0, 0.0200408473610878, 0.01521936897188425, 0.0, 0.01459396444261074, 0.014878006651997566, 0.10508662462234497, 0.09432154893875122, 0.0, 0.10775447636842728, 0.0, 0.014978325925767422, 0.0, 0.0, 0.0, 0.11054592579603195, 0.012675068341195583, 0.04195123165845871, 0.0, 0.0, 0.0, 0.0, 0.006426623091101646, 0.03324359282851219, 0.009921089746057987, 0.03024684078991413, 0.0, 0.1392732858657837, 0.010224874131381512, 0.0, 0.002242365153506398, 0.026931144297122955, 0.011127802543342113, 0.0, 0.11328505724668503, 0.03929656744003296], [0.0, 0.0, 0.0, 0.0, 0.0, 0.0, 0.0, 0.0, 0.0, 0.0, 0.0, 0.0, 0.7959933280944824, 0.29813677072525024, 0.25242477655410767, 0.5207239389419556, 0.0, 0.0, 0.0, 0.0, 0.0, 0.0, 0.0, 0.0, 0.011157993227243423, 0.0, 0.0, 0.0, 0.22656065225601196, 0.24557559192180634, 0.0, 4.305241107940674, 0.0008351215510629117, 0.0, 0.12100505828857422, 0.07445862144231796, 0.4457181990146637, 0.11130513995885849, 0.20102716982364655, 0.24103710055351257, 0.04054856672883034, 0.00018902821466326714, 0.0, 0.0, 14.421822547912598, 2.8050432205200195, 4.141539096832275, 8.395878791809082, 0.0, 0.0, 0.058304984122514725, 0.0, 0.0, 0.0, 0.0, 0.0, 0.0, 0.0, 0.0, 0.0, 0.0, 0.0, 0.0, 0.0, 0.0, 0.0, 0.0, 0.0, 0.0, 0.0, 0.0, 0.0, 0.0, 0.0, 0.0, 0.0, 0.0, 0.0, 0.0, 0.02982778288424015, 0.0, 0.0, 0.0, 0.0, 0.0, 0.0, 0.0, 0.0, 0.0, 0.03668808192014694, 0.0, 0.0, 0.0, 0.020701145753264427, 0.0, 0.0]]
Time 4129.860083818436
