Created graph
[-7.0, -5, -3.0]
[-6.0, -5, -4.0]
[-5.5, -5, -4.5]
[-5.25, -5, -4.75]
[-5.125, -5, -4.875]
[-5.0625, -5, -4.9375]
10 3 1
Score: 107.245155
Signatures: [[1.2251497507095337, 1.2558393478393555, 0.4238736927509308, 0.8937057852745056, 1.0598573684692383, 1.1986815929412842, 0.4267914295196533, 1.0149883031845093, 1.0648322105407715, 1.136362910270691, 0.2521231174468994, 0.9915606379508972, 1.032647967338562, 1.4891810417175293, 0.40388232469558716, 1.3382585048675537, 0.8244129419326782, 0.6534523367881775, 0.48665931820869446, 0.8362443447113037, 0.6891157627105713, 0.7992396354675293, 0.5309486389160156, 0.9992503523826599, 0.42730677127838135, 0.6405150890350342, 0.3119555413722992, 0.687423825263977, 1.3200500011444092, 1.1423472166061401, 0.48935237526893616, 1.884262204170227, 1.4871671199798584, 1.4087908267974854, 5.719440937042236, 1.2924975156784058, 1.7162573337554932, 1.463392972946167, 4.89426851272583, 1.940936803817749, 1.8558903932571411, 2.1032729148864746, 5.573040962219238, 1.6600626707077026, 2.85579514503479, 2.8265297412872314, 3.991947650909424, 2.367798089981079, 0.32526880502700806, 0.6250157356262207, 0.49751707911491394, 0.35899817943573, 0.17581979930400848, 0.6792094111442566, 0.7080203294754028, 0.5682868361473083, 0.2267758995294571, 0.41233593225479126, 0.4302273690700531, 0.2887018620967865, 0.316741019487381, 0.36215248703956604, 0.27171456813812256, 0.38216617703437805, 0.7843705415725708, 0.6952455043792725, 1.1141619682312012, 1.0822649002075195, 0.3827707767486572, 0.8916869163513184, 0.9028438329696655, 0.8897044658660889, 1.0652220249176025, 0.5469247102737427, 0.8312609791755676, 0.7069710493087769, 0.6087328791618347, 0.7452223896980286, 0.5624609589576721, 0.49488142132759094, 0.17787067592144012, 0.1815652996301651, 0.3527669608592987, 0.20950181782245636, 0.17815306782722473, 0.3013016879558563, 0.5967454314231873, 0.6133690476417542, 0.17019161581993103, 0.2498970478773117, 0.4185659885406494, 0.2591158449649811, 0.23406882584095, 0.2924899160861969, 0.32526662945747375, 0.4570602774620056], [0.0, 0.14536426961421967, 0.01128529291599989, 0.0027526572812348604, 0.012101939879357815, 0.0, 0.019220858812332153, 0.058599479496479034, 0.0, 0.0, 0.058048076927661896, 0.0, 1.5826956033706665, 0.4705958664417267, 0.16261792182922363, 0.4194294810295105, 0.06937228888273239, 0.08725190162658691, 0.09348314255475998, 0.044600848108530045, 0.1517142355442047, 0.0, 0.0, 0.18246006965637207, 0.05058599263429642, 0.0, 0.0005494692595675588, 0.06829357147216797, 9.572970390319824, 3.1166622638702393, 0.6893632411956787, 9.909031867980957, 0.1389952152967453, 0.0, 0.0, 0.03475162759423256, 0.4360204339027405, 0.021059785038232803, 0.0, 0.030534008517861366, 0.0762716680765152, 0.0, 0.0, 0.13578681647777557, 7.606724262237549, 2.1266424655914307, 2.0221033096313477, 2.614588737487793, 0.0, 0.00023441472148988396, 0.045731816440820694, 0.0, 0.11042694002389908, 0.0, 0.0, 0.0, 0.004713784903287888, 6.755660706403432e-06, 0.0, 0.00495487404987216, 0.0, 0.0024062853772193193, 6.852364094811492e-06, 0.0, 0.0, 0.0, 0.042710743844509125, 0.02070641703903675, 0.0, 0.044979896396398544, 0.0, 0.0, 0.0, 0.0, 0.0, 0.05121917650103569, 0.0, 0.0010857649613171816, 0.0, 0.0, 0.0, 0.0, 0.0, 0.015002276748418808, 5.8349327446194366e-05, 0.008802572265267372, 0.0, 0.08910516649484634, 0.0, 0.0, 0.0, 0.005413661245256662, 0.0, 0.0, 0.07778409868478775, 0.013144314289093018], [0.0, 0.0, 0.0, 0.0, 0.0, 0.0, 0.0, 0.0, 0.0, 0.0, 0.0, 0.0, 0.5999342799186707, 0.17394807934761047, 0.1796887367963791, 0.35405051708221436, 0.0, 0.0, 0.0, 0.0, 0.0, 0.0, 0.0, 0.0, 1.1233233863094938e-06, 0.0, 0.0, 0.0, 0.41809991002082825, 0.217910036444664, 0.0, 4.050915241241455, 0.0, 0.0, 0.0, 0.008276480250060558, 0.24034695327281952, 0.01922820508480072, 0.0, 0.07527626305818558, 0.0, 0.0, 0.0, 0.0, 12.936565399169922, 2.303115129470825, 3.2490060329437256, 7.630159854888916, 0.0, 0.0, 0.010865908116102219, 0.0, 0.0, 0.0, 0.0, 0.0, 0.0, 0.0, 0.0, 0.0, 0.0, 0.0, 0.0, 0.0, 0.0, 0.0, 0.0, 0.0, 0.0, 0.0, 0.0, 0.0, 0.0, 0.0, 0.0, 0.0, 0.0, 0.0, 0.0, 9.32298553379951e-06, 0.0, 0.0, 0.0, 0.0, 0.0, 0.0, 0.0, 0.0, 0.0, 0.016937199980020523, 0.0, 0.0, 0.0, 0.0015374451177194715, 0.0, 0.0]]
Time 4112.49266409874
