Created graph
[-7.0, -5, -3.0]
[-6.0, -5, -4.0]
[-5.5, -5, -4.5]
[-5.25, -5, -4.75]
[-5.125, -5, -4.875]
[-5.0625, -5, -4.9375]
1 4 1
Score: 103.53485
Signatures: [[0.0, 0.0, 0.0, 0.0, 0.0, 0.0, 0.0, 0.0, 0.0, 0.0, 0.0, 0.0, 0.5328683853149414, 0.2883355915546417, 0.19533474743366241, 0.4193548560142517, 0.0, 0.0, 0.0, 0.0, 0.0, 0.0, 0.0, 0.0, 0.002523828996345401, 0.0, 0.0, 0.0, 0.0, 0.04108339175581932, 0.0, 3.059957504272461, 0.009804772213101387, 0.0, 0.0, 0.06667156517505646, 0.36615732312202454, 0.03354187309741974, 0.0, 0.09908188879489899, 0.028170902281999588, 0.014927436597645283, 0.0, 0.0, 12.353960037231445, 2.642345905303955, 4.2021870613098145, 6.855758190155029, 0.0, 0.0, 0.0408354327082634, 0.0, 0.0, 0.0, 0.0, 0.0, 0.0020371368154883385, 0.0, 0.0, 0.0, 0.0, 0.0, 0.0, 0.0, 0.0, 0.0, 0.0, 0.0, 0.0, 0.0, 0.0, 0.0, 0.0, 0.0, 0.0, 0.0, 0.0, 0.0, 0.0, 0.05521281063556671, 0.0, 0.0, 0.0, 0.0, 0.0, 0.0, 0.0, 0.0, 0.0, 0.02936531789600849, 0.0, 0.0, 0.0, 0.0, 0.0, 0.0], [0.4542366564273834, 0.8397276997566223, 0.2782107889652252, 0.3647003769874573, 0.40983936190605164, 0.2927062213420868, 0.3031975328922272, 0.5609766840934753, 0.07623263448476791, 0.45876845717430115, 0.140223890542984, 0.4513251483440399, 1.7597576379776, 0.8014858961105347, 0.11342918127775192, 1.0752639770507812, 0.445159375667572, 0.12759830057621002, 0.28293582797050476, 0.4178808033466339, 0.33901432156562805, 0.2779828906059265, 0.191892609000206, 0.5392355918884277, 0.10742506384849548, 0.32907259464263916, 0.052492618560791016, 0.4923168420791626, 3.2070205211639404, 1.3443140983581543, 0.7192505598068237, 2.781747817993164, 0.47102370858192444, 0.15019920468330383, 2.87248158454895, 0.3083285391330719, 1.0726211071014404, 0.6912365555763245, 2.3738603591918945, 0.9371985197067261, 0.8378946185112, 0.280738890171051, 2.443613052368164, 0.5736439824104309, 2.089245080947876, 1.3109984397888184, 2.444657802581787, 4.652255535125732, 0.1234549880027771, 0.20863214135169983, 0.10086632519960403, 0.0, 0.17585916817188263, 0.20468175411224365, 0.24598096311092377, 0.19657950103282928, 0.08158556371927261, 0.2245836853981018, 0.14175689220428467, 0.1738346964120865, 0.15191026031970978, 0.09226975589990616, 0.19941669702529907, 0.040957268327474594, 0.3849046528339386, 0.0, 0.6354935765266418, 0.554734468460083, 0.0, 0.19443851709365845, 0.21945820748806, 0.3177236020565033, 0.18680202960968018, 0.30759263038635254, 0.07316135615110397, 0.18744370341300964, 0.04564656689763069, 0.41732895374298096, 0.04980629310011864, 0.0, 0.06450067460536957, 0.12066712230443954, 0.17122165858745575, 0.1596698760986328, 0.038162436336278915, 0.110077865421772, 0.17569100856781006, 0.29171010851860046, 0.06818182021379471, 0.059402935206890106, 0.12771689891815186, 0.1680503636598587, 0.10055770725011826, 0.15022863447666168, 0.1645122468471527, 0.2133173793554306], [1.1587820053100586, 0.9970366954803467, 0.31603673100471497, 0.8135514259338379, 1.0040903091430664, 1.2436498403549194, 0.3038609027862549, 0.8485026359558105, 1.2406814098358154, 1.0489301681518555, 0.21951773762702942, 0.8827163577079773, 0.19206616282463074, 1.2676424980163574, 0.37959399819374084, 0.9318549633026123, 0.7045609951019287, 0.7300780415534973, 0.4258110821247101, 0.741797149181366, 0.6425861120223999, 0.7788937091827393, 0.5086672306060791, 0.8848881721496582, 0.4499534070491791, 0.5422043204307556, 0.3470212519168854, 0.5272109508514404, 0.27080056071281433, 0.7536448240280151, 0.18374080955982208, 1.2936482429504395, 1.4864765405654907, 1.6027450561523438, 4.795773029327393, 1.3320770263671875, 1.3741083145141602, 1.2520949840545654, 4.115370750427246, 1.6614874601364136, 1.6381707191467285, 2.2964727878570557, 4.790956974029541, 1.6220468282699585, 1.8851500749588013, 2.413726329803467, 2.8924636840820312, 0.0, 0.29805129766464233, 0.6116582155227661, 0.5183199644088745, 0.4490378797054291, 0.1235312893986702, 0.6710194945335388, 0.6742523908615112, 0.5456477403640747, 0.21725162863731384, 0.33746016025543213, 0.4169616103172302, 0.2266157567501068, 0.27478745579719543, 0.3765752911567688, 0.18460309505462646, 0.4521656334400177, 0.6683381795883179, 0.8674324154853821, 0.9013774394989014, 0.9164673089981079, 0.47379398345947266, 0.9509131908416748, 0.9486474990844727, 0.8616637587547302, 1.138719916343689, 0.4273717403411865, 0.9436264634132385, 0.7457847595214844, 0.7120979428291321, 0.6024457216262817, 0.6473350524902344, 0.5900529623031616, 0.16592566668987274, 0.13295172154903412, 0.31071382761001587, 0.14348842203617096, 0.194291889667511, 0.29301437735557556, 0.5968203544616699, 0.5752845406532288, 0.1603684425354004, 0.25217223167419434, 0.42093217372894287, 0.19708065688610077, 0.21498893201351166, 0.23842892050743103, 0.2968466281890869, 0.4092797636985779], [0.0, 0.017778920009732246, 0.0, 0.0, 0.000618217047303915, 0.0, 0.0, 0.0022624467965215445, 0.0, 0.0, 0.037244733422994614, 0.0, 1.2807782888412476, 0.32019373774528503, 0.18076789379119873, 0.2307228147983551, 0.020328940823674202, 0.08989612758159637, 0.049146655946969986, 0.004185646306723356, 0.10744494944810867, 0.0, 0.0, 0.11160742491483688, 0.057100508362054825, 0.0, 0.007677352987229824, 0.0, 9.324882507324219, 3.0007848739624023, 0.5340167284011841, 10.231061935424805, 0.12782394886016846, 0.013734991662204266, 0.0, 0.0376911535859108, 0.21207931637763977, 0.0, 0.0, 0.0, 0.027761418372392654, 0.0, 0.0, 0.1353360116481781, 8.469077110290527, 1.9243050813674927, 1.2934143543243408, 2.7222506999969482, 0.0, 0.0, 0.04847843572497368, 0.0, 0.07371712476015091, 0.0, 0.0, 0.0, 0.0, 0.0, 0.0, 0.0, 0.0, 0.004345142748206854, 0.0, 0.0, 0.0, 0.024157030507922173, 0.0, 0.0, 0.0, 0.06163368374109268, 0.0, 0.0, 0.0, 0.0, 0.0, 0.057541120797395706, 0.026158347725868225, 0.0, 0.006874352227896452, 0.0, 0.0, 0.0, 0.0, 0.0, 0.0008402247913181782, 1.4230012311600149e-05, 0.0, 0.04664437845349312, 0.0, 0.0, 0.0, 0.0, 0.0, 0.0, 0.049351803958415985, 0.0]]
Time 4117.824475765228
