Created graph
[-7.0, -5, -3.0]
[-6.0, -5, -4.0]
[-5.5, -5, -4.5]
[-5.25, -5, -4.75]
[-5.125, -5, -4.875]
[-5.0625, -5, -4.9375]
10 4 1
Score: 103.531456
Signatures: [[0.0, 0.0, 0.0, 0.0, 0.0, 0.0, 0.0, 0.0, 0.0, 0.0, 0.0, 0.0, 0.5331364274024963, 0.28853651881217957, 0.19543959200382233, 0.41956350207328796, 0.0, 0.0, 0.0, 0.0, 0.0, 0.0, 0.0, 0.0, 0.0025636106729507446, 0.0, 0.0, 0.0, 0.0, 0.04144585132598877, 0.0, 3.0626227855682373, 0.009864124469459057, 0.0, 0.0, 0.06675764918327332, 0.36630862951278687, 0.033610936254262924, 0.0, 0.09910742193460464, 0.028225846588611603, 0.015088934451341629, 0.0, 0.0, 12.360403060913086, 2.6438956260681152, 4.204151153564453, 6.858650207519531, 0.0, 0.0, 0.040881332010030746, 0.0, 0.0, 0.0, 0.0, 0.0, 0.0020423594396561384, 0.0, 0.0, 0.0, 0.0, 0.0, 0.0, 0.0, 0.0, 0.0, 0.0, 0.0, 0.0, 0.0, 0.0, 0.0, 0.0, 0.0, 0.0, 0.0, 0.0, 0.0, 0.0, 0.055299267172813416, 0.0, 0.0, 0.0, 0.0, 0.0, 0.0, 0.0, 0.0, 0.0, 0.029422760009765625, 0.0, 0.0, 0.0, 0.0, 0.0, 0.0], [0.4541848599910736, 0.8399420380592346, 0.2781524956226349, 0.3648083508014679, 0.4099850356578827, 0.29280799627304077, 0.3032282888889313, 0.5610208511352539, 0.07611262053251266, 0.4586790204048157, 0.14029254019260406, 0.4514424800872803, 1.7609360218048096, 0.8022797107696533, 0.11356086283922195, 1.076114296913147, 0.4453941285610199, 0.12777425348758698, 0.28298240900039673, 0.41798120737075806, 0.3391619026660919, 0.27809977531433105, 0.1918390691280365, 0.5395556688308716, 0.10746297985315323, 0.32922932505607605, 0.05247486010193825, 0.49243730306625366, 3.210188865661621, 1.3458305597305298, 0.7196522951126099, 2.7859716415405273, 0.4711143970489502, 0.15002290904521942, 2.8715906143188477, 0.308463990688324, 1.0734171867370605, 0.6912572979927063, 2.3734958171844482, 0.9378100037574768, 0.8379718065261841, 0.280489981174469, 2.4422271251678467, 0.5740694403648376, 2.0939791202545166, 1.313146710395813, 2.446507215499878, 4.6568922996521, 0.12339094281196594, 0.20869110524654388, 0.10086775571107864, 0.0, 0.17590567469596863, 0.20466771721839905, 0.24593812227249146, 0.19648434221744537, 0.08162380009889603, 0.2245936393737793, 0.14175917208194733, 0.1738835871219635, 0.1518295705318451, 0.0922723338007927, 0.1994558721780777, 0.04102746397256851, 0.38477838039398193, 0.0, 0.6353223323822021, 0.5547279119491577, 0.0, 0.19448740780353546, 0.21954400837421417, 0.317562997341156, 0.18657004833221436, 0.3076635003089905, 0.07281280308961868, 0.18742506206035614, 0.045575179159641266, 0.4172366261482239, 0.04966007545590401, 0.0, 0.06451234221458435, 0.12066134065389633, 0.17122547328472137, 0.15970014035701752, 0.03818659856915474, 0.1101028323173523, 0.17554618418216705, 0.29155218601226807, 0.06822377443313599, 0.059369418770074844, 0.12768028676509857, 0.1680503934621811, 0.10059946030378342, 0.1502879559993744, 0.16467781364917755, 0.21323032677173615], [1.1594058275222778, 0.9977178573608398, 0.3163498342037201, 0.8139179944992065, 1.0045057535171509, 1.2440540790557861, 0.3041330873966217, 0.849044680595398, 1.2411320209503174, 1.0495411157608032, 0.21964022517204285, 0.8831504583358765, 0.19278283417224884, 1.2680436372756958, 0.379701167345047, 0.9323506355285645, 0.7048797607421875, 0.7302095293998718, 0.42606958746910095, 0.7421841621398926, 0.6428775787353516, 0.779195249080658, 0.5089868307113647, 0.8852795362472534, 0.45010459423065186, 0.5424392223358154, 0.34713971614837646, 0.5275917053222656, 0.2719413638114929, 0.7539654970169067, 0.18411046266555786, 1.2937744855880737, 1.4870699644088745, 1.6033729314804077, 4.799624443054199, 1.3324848413467407, 1.3747215270996094, 1.2528890371322632, 4.118448734283447, 1.6621509790420532, 1.6391266584396362, 2.2973546981811523, 4.7950119972229, 1.6225600242614746, 1.8851759433746338, 2.414029836654663, 2.894057273864746, 0.0, 0.29825931787490845, 0.6119170188903809, 0.518517792224884, 0.4491409659385681, 0.12365180999040604, 0.6713393330574036, 0.674629271030426, 0.5459741353988647, 0.21732908487319946, 0.33769315481185913, 0.4171602427959442, 0.22676397860050201, 0.27502262592315674, 0.3767282962799072, 0.18476511538028717, 0.4522365927696228, 0.6688709259033203, 0.8676131367683411, 0.9022271633148193, 0.917119562625885, 0.47390037775039673, 0.9512028098106384, 0.9489579796791077, 0.8622043132781982, 1.139275312423706, 0.4276312589645386, 0.9441798329353333, 0.7460982203483582, 0.7122967839241028, 0.6029611825942993, 0.64762943983078, 0.5901728868484497, 0.16601139307022095, 0.13306860625743866, 0.3109014630317688, 0.14362499117851257, 0.19434118270874023, 0.29314878582954407, 0.5971887707710266, 0.5757180452346802, 0.16042642295360565, 0.2522783577442169, 0.4211493730545044, 0.1972501575946808, 0.21507340669631958, 0.23855002224445343, 0.2969326972961426, 0.4096084535121918], [0.0, 0.01776565983891487, 0.0, 0.0, 0.0006214167224243283, 0.0, 0.0, 0.00226909713819623, 0.0, 0.0, 0.03725956007838249, 0.0, 1.281369924545288, 0.3202458620071411, 0.1809118539094925, 0.23071861267089844, 0.02031738869845867, 0.08994565904140472, 0.0491814985871315, 0.00419505313038826, 0.10750442743301392, 0.0, 0.0, 0.11164174973964691, 0.05713185295462608, 0.0, 0.007706524804234505, 0.0, 9.329598426818848, 3.0021541118621826, 0.534217894077301, 10.236627578735352, 0.12794670462608337, 0.013841075822710991, 0.0, 0.03773196041584015, 0.2121710479259491, 0.0, 0.0, 0.0, 0.02779499813914299, 0.0, 0.0, 0.13537970185279846, 8.475606918334961, 1.9256250858306885, 1.2947717905044556, 2.724729061126709, 0.0, 0.0, 0.04852842167019844, 0.0, 0.0737517923116684, 0.0, 0.0, 0.0, 0.0, 0.0, 0.0, 0.0, 0.0, 0.004365194588899612, 0.0, 0.0, 0.0, 0.024234943091869354, 0.0, 0.0, 0.0, 0.06171766296029091, 0.0, 0.0, 0.0, 0.0, 0.0, 0.057617273181676865, 0.026231996715068817, 0.0, 0.00693927938118577, 0.0, 0.0, 0.0, 0.0, 0.0, 0.0008466321742162108, 1.5660205463063903e-05, 0.0, 0.04674101248383522, 0.0, 0.0, 0.0, 0.0, 0.0, 0.0, 0.04936133325099945, 0.0]]
Time 4111.945239543915
