Created graph
[-7.0, -5, -3.0]
[-6.0, -5, -4.0]
[-5.5, -5, -4.5]
[-5.25, -5, -4.75]
[-5.125, -5, -4.875]
[-5.0625, -5, -4.9375]
0 4 1
Score: 103.53515
Signatures: [[0.0, 0.0, 0.0, 0.0, 0.0, 0.0, 0.0, 0.0, 0.0, 0.0, 0.0, 0.0, 0.5328311920166016, 0.28831470012664795, 0.19532330334186554, 0.41932886838912964, 0.0, 0.0, 0.0, 0.0, 0.0, 0.0, 0.0, 0.0, 0.002519904635846615, 0.0, 0.0, 0.0, 0.0, 0.04104162007570267, 0.0, 3.0596628189086914, 0.0097989272326231, 0.0, 0.0, 0.06666348874568939, 0.36613836884498596, 0.033535201102495193, 0.0, 0.09907904267311096, 0.02816575951874256, 0.014913415536284447, 0.0, 0.0, 12.353219032287598, 2.642174005508423, 4.201959133148193, 6.855409622192383, 0.0, 0.0, 0.040830664336681366, 0.0, 0.0, 0.0, 0.0, 0.0, 0.002036693738773465, 0.0, 0.0, 0.0, 0.0, 0.0, 0.0, 0.0, 0.0, 0.0, 0.0, 0.0, 0.0, 0.0, 0.0, 0.0, 0.0, 0.0, 0.0, 0.0, 0.0, 0.0, 0.0, 0.055204641073942184, 0.0, 0.0, 0.0, 0.0, 0.0, 0.0, 0.0, 0.0, 0.0, 0.029359620064496994, 0.0, 0.0, 0.0, 0.0, 0.0, 0.0], [0.45423009991645813, 0.8396944999694824, 0.27821293473243713, 0.364684522151947, 0.40981462597846985, 0.2926851511001587, 0.30319106578826904, 0.5609656572341919, 0.07623846083879471, 0.4587693214416504, 0.14021648466587067, 0.45130571722984314, 1.7596355676651, 0.8013988137245178, 0.11341241747140884, 1.075170636177063, 0.44512924551963806, 0.12757433950901031, 0.28292524814605713, 0.4178619086742401, 0.33899229764938354, 0.27796319127082825, 0.19189295172691345, 0.5391950607299805, 0.10741810500621796, 0.32904908061027527, 0.05249279364943504, 0.4922979176044464, 3.2066807746887207, 1.344152569770813, 0.719204843044281, 2.781301498413086, 0.47100695967674255, 0.15021003782749176, 2.872535467147827, 0.3083096742630005, 1.0725374221801758, 0.6912252306938171, 2.373857259750366, 0.9371276497840881, 0.8378763198852539, 0.2807493507862091, 2.4436986446380615, 0.5735875964164734, 2.088794708251953, 1.3107633590698242, 2.4444634914398193, 4.651779651641846, 0.12345614284276962, 0.2086227834224701, 0.10086345672607422, 0.0, 0.17585229873657227, 0.20467931032180786, 0.24597938358783722, 0.1965826153755188, 0.08158092200756073, 0.22457954287528992, 0.14175447821617126, 0.17382685840129852, 0.1519157886505127, 0.09226720780134201, 0.1994103491306305, 0.04094766452908516, 0.38491061329841614, 0.0, 0.6355028748512268, 0.5547255873680115, 0.0, 0.19442452490329742, 0.2194424867630005, 0.3177289366722107, 0.18681600689888, 0.30758023262023926, 0.07318925112485886, 0.18744106590747833, 0.04564892500638962, 0.4173290431499481, 0.04981706663966179, 0.0, 0.06449715048074722, 0.12066564708948135, 0.1712190955877304, 0.1596641093492508, 0.038158100098371506, 0.1100725308060646, 0.1757010966539383, 0.29172274470329285, 0.06817477941513062, 0.05940481647849083, 0.12771542370319366, 0.16804756224155426, 0.10055098682641983, 0.15021994709968567, 0.1644919216632843, 0.21332286298274994], [1.1587204933166504, 0.9969672560691833, 0.3160049021244049, 0.8135119676589966, 1.0040489435195923, 1.2436083555221558, 0.3038334250450134, 0.8484473824501038, 1.2406339645385742, 1.0488687753677368, 0.21950416266918182, 0.8826715350151062, 0.19199348986148834, 1.2675951719284058, 0.37958213686943054, 0.9318017959594727, 0.7045276165008545, 0.7300631403923035, 0.42578497529029846, 0.741758406162262, 0.6425564885139465, 0.778863251209259, 0.5086349248886108, 0.884846568107605, 0.4499368667602539, 0.5421819686889648, 0.34700778126716614, 0.5271724462509155, 0.27068793773651123, 0.753609299659729, 0.18370448052883148, 1.2936291694641113, 1.486411452293396, 1.6026767492294312, 4.795381546020508, 1.3320304155349731, 1.3740381002426147, 1.2520105838775635, 4.11505651473999, 1.6614139080047607, 1.6380702257156372, 2.2963802814483643, 4.790559768676758, 1.6219922304153442, 1.8851044178009033, 2.4136838912963867, 2.8922834396362305, 0.0, 0.2980325520038605, 0.6116308569908142, 0.5182979106903076, 0.44902506470680237, 0.12351973354816437, 0.6709856986999512, 0.6742135286331177, 0.5456154942512512, 0.21724258363246918, 0.33743640780448914, 0.41694018244743347, 0.2266010344028473, 0.27476373314857483, 0.37655913829803467, 0.1845867931842804, 0.4521577060222626, 0.6682842969894409, 0.8674113154411316, 0.9012898206710815, 0.9164010286331177, 0.47378087043762207, 0.9508835673332214, 0.948615550994873, 0.861611545085907, 1.1386646032333374, 0.4273466169834137, 0.9435710310935974, 0.7457512021064758, 0.712077260017395, 0.6023961305618286, 0.647304892539978, 0.5900366902351379, 0.16591742634773254, 0.13294023275375366, 0.31069430708885193, 0.1434752494096756, 0.1942870020866394, 0.2930004596710205, 0.5967820286750793, 0.5752384066581726, 0.16036337614059448, 0.2521606385707855, 0.42091113328933716, 0.19706392288208008, 0.21498112380504608, 0.23841701447963715, 0.296837717294693, 0.4092459976673126], [0.0, 0.017780769616365433, 0.0, 0.0, 0.000618269550614059, 0.0, 0.0, 0.0022617315407842398, 0.0, 0.0, 0.03724295645952225, 0.0, 1.2807127237319946, 0.3201858699321747, 0.18075306713581085, 0.23072288930416107, 0.02033037319779396, 0.08989246934652328, 0.04914376884698868, 0.004185353871434927, 0.10743975639343262, 0.0, 0.0, 0.11160442978143692, 0.057097822427749634, 0.0, 0.0076748402789235115, 0.0, 9.324347496032715, 3.000636339187622, 0.533993661403656, 10.23045539855957, 0.12781207263469696, 0.01372547447681427, 0.0, 0.037686776369810104, 0.21206773817539215, 0.0, 0.0, 0.0, 0.027757614850997925, 0.0, 0.0, 0.1353333592414856, 8.468365669250488, 1.92416512966156, 1.2932662963867188, 2.7219743728637695, 0.0, 0.0, 0.048473864793777466, 0.0, 0.07371331751346588, 0.0, 0.0, 0.0, 0.0, 0.0, 0.0, 0.0, 0.0, 0.004343393724411726, 0.0, 0.0, 0.0, 0.024149484932422638, 0.0, 0.0, 0.0, 0.06162715703248978, 0.0, 0.0, 0.0, 0.0, 0.0, 0.05753416568040848, 0.026151875033974648, 0.0, 0.006868542172014713, 0.0, 0.0, 0.0, 0.0, 0.0, 0.0008398459176532924, 1.413257541571511e-05, 0.0, 0.04663463681936264, 0.0, 0.0, 0.0, 0.0, 0.0, 0.0, 0.049351293593645096, 0.0]]
Time 3958.6522002220154
