Created graph
[-7.0, -5, -3.0]
[-6.0, -5, -4.0]
[-4.5, -4.0, -3.5]
[-4.25, -4.0, -3.75]
[-4.125, -4.0, -3.875]
[-4.0625, -4.0, -3.9375]
0.1 10 4
Score: 75.71078
Signatures: [[0.0, 0.23407521843910217, 0.0, 0.0, 0.007280376274138689, 0.0, 0.03337300568819046, 0.1335722804069519, 0.0, 0.0, 0.10653956234455109, 0.05466508865356445, 3.8018581867218018, 1.4854750633239746, 0.5728411078453064, 1.7459074258804321, 0.13730323314666748, 0.0, 0.15373052656650543, 0.0, 0.19572827219963074, 0.0, 0.0, 0.5568021535873413, 0.20050911605358124, 0.0032028676941990852, 0.0, 0.11366149038076401, 15.567875862121582, 5.482585906982422, 1.4529426097869873, 21.823802947998047, 0.681778073310852, 0.0, 0.33100026845932007, 0.40424925088882446, 1.6389240026474, 0.33239832520484924, 0.449140340089798, 0.669705331325531, 0.5811378359794617, 0.01349306758493185, 0.0, 0.8277780413627625, 34.966068267822266, 8.646651268005371, 9.797677993774414, 17.334287643432617, 0.0, 0.0, 0.21333058178424835, 0.0, 0.0, 0.0, 0.0, 0.0, 0.2913806438446045, 0.10237651318311691, 0.0, 0.22902512550354004, 0.03487624600529671, 0.03156614676117897, 0.0, 0.0, 0.06784293055534363, 0.0, 0.20767946541309357, 0.1260378658771515, 0.0, 0.13572579622268677, 0.0, 0.0, 0.0, 0.0, 0.0, 0.22340001165866852, 0.006380719132721424, 0.0, 0.0, 0.009784641675651073, 0.0, 0.0, 0.0, 0.0, 0.02418498322367668, 0.0, 0.0, 0.0, 0.0, 0.21077151596546173, 0.0, 0.04599296674132347, 0.0, 0.0, 0.09477941691875458, 0.11731912195682526], [0.0, 0.0, 0.0, 0.0, 0.0, 0.0, 0.0, 0.0, 0.0, 0.0, 0.004918194841593504, 0.0, 4.089364051818848, 1.037030816078186, 0.4015706479549408, 1.5019381046295166, 0.07103074342012405, 0.0, 0.0, 0.0, 0.10208287835121155, 0.0, 0.0, 0.06095787510275841, 0.0, 0.0, 0.0, 0.0, 18.362415313720703, 5.982485771179199, 1.1860586404800415, 25.320192337036133, 0.033152636140584946, 0.0, 0.0, 0.0, 0.9262664318084717, 0.0, 0.0, 0.0, 0.0, 0.0, 0.0, 0.0, 36.70408630371094, 7.8165130615234375, 8.587726593017578, 18.685855865478516, 0.0, 0.0, 0.0714750811457634, 0.0, 0.0, 0.0, 0.0, 0.0, 0.0, 0.0, 0.0, 0.0, 0.0, 0.0, 0.04475783184170723, 0.0, 0.0, 0.0, 0.0, 0.0, 0.0, 0.0, 0.0, 0.0, 0.0, 0.0, 0.0, 0.0, 0.0, 0.0, 0.0, 0.0, 0.0, 0.0, 0.0, 0.0, 0.0, 0.0, 0.0, 0.0, 0.0, 0.0, 0.0, 0.0, 0.0, 0.06272619217634201, 0.09793644398450851, 0.0], [2.8828914165496826, 3.8466429710388184, 1.0932821035385132, 2.1963210105895996, 2.783973455429077, 3.011180877685547, 1.1418808698654175, 2.765122413635254, 2.7606797218322754, 2.7506284713745117, 0.7283512949943542, 2.5007474422454834, 3.0359230041503906, 4.213312149047852, 1.126380443572998, 4.064221382141113, 2.168463706970215, 1.8134576082229614, 1.2456783056259155, 2.1687309741973877, 1.8418354988098145, 2.0326430797576904, 1.440098524093628, 2.7533295154571533, 1.1153191328048706, 1.7388540506362915, 0.7996209859848022, 2.007418632507324, 5.166940212249756, 3.594146251678467, 1.4759527444839478, 7.3399457931518555, 3.8131818771362305, 3.4906086921691895, 14.870322227478027, 3.282233953475952, 4.694731712341309, 3.9164552688598633, 13.528534889221191, 5.037968158721924, 4.840999603271484, 5.043096542358398, 14.476472854614258, 4.439534664154053, 9.3851318359375, 8.05000114440918, 11.208174705505371, 7.385270118713379, 0.8212723731994629, 1.6449781656265259, 1.3752740621566772, 0.9775741100311279, 0.48004505038261414, 1.7846425771713257, 1.9825071096420288, 1.466829538345337, 0.5147414207458496, 1.0889772176742554, 1.057672381401062, 0.7685105204582214, 0.7806373834609985, 0.8734319806098938, 0.7291287183761597, 0.9767137765884399, 2.1005053520202637, 1.7052556276321411, 3.062462568283081, 3.003805637359619, 1.0485526323318481, 2.1476805210113525, 2.3754327297210693, 2.3533408641815186, 2.4773614406585693, 1.3874093294143677, 2.1295554637908936, 1.8034192323684692, 1.4566566944122314, 1.978747010231018, 1.3648474216461182, 1.345668077468872, 0.471894770860672, 0.46152496337890625, 0.8255161643028259, 0.7195404171943665, 0.4437406659126282, 0.8867806792259216, 1.480595350265503, 1.6687170267105103, 0.5083587765693665, 0.6728980541229248, 1.1115257740020752, 0.6657831072807312, 0.6123137474060059, 0.7756476998329163, 0.8704213500022888, 1.2396671772003174], [0.0, 0.0, 0.0, 0.0, 0.0, 0.0, 0.0003811451024375856, 0.04683553799986839, 0.0, 0.0, 0.025536121800541878, 0.0, 3.706371545791626, 0.9669960737228394, 0.8131449818611145, 1.2995500564575195, 0.03701978176832199, 0.10118364542722702, 0.08686838299036026, 0.10122468322515488, 0.23841235041618347, 0.0, 0.0, 0.23780259490013123, 0.009547611698508263, 0.0, 0.007129244972020388, 0.05276891216635704, 19.485395431518555, 6.466298580169678, 1.2613900899887085, 26.510116577148438, 0.03881489858031273, 0.0, 0.0, 0.0, 0.7888650298118591, 0.0, 0.0, 0.002808548277243972, 0.0, 0.0, 0.0, 0.0015919598517939448, 32.90515899658203, 6.96089506149292, 6.697635173797607, 15.205814361572266, 0.0, 0.0, 0.0864911749958992, 0.0, 0.5306978225708008, 0.0, 0.0, 0.0, 0.0, 0.0, 0.0, 0.0, 0.0, 0.0, 0.0, 0.0, 0.0, 0.0, 8.491516041431169e-07, 0.0, 0.0, 0.01850707270205021, 0.0, 0.0, 0.0, 0.0, 0.0, 0.01391318067908287, 0.0, 0.0, 0.0, 0.0, 0.0, 0.0, 0.0, 0.0, 0.0, 0.0, 0.0, 0.0, 0.0, 0.0, 0.0, 0.0003121870686300099, 0.0, 0.0, 0.09294868260622025, 0.0]]
Time 928.9598197937012
