Created graph
[-7.0, -5, -3.0]
[-6.0, -5, -4.0]
[-4.5, -4.0, -3.5]
[-4.75, -4.5, -4.25]
[-4.625, -4.5, -4.375]
[-4.4375, -4.375, -4.3125]
0.1 0 3
Score: 77.23047
Signatures: [[0.12428395450115204, 0.23663510382175446, 0.0608944408595562, 0.08567603677511215, 0.11491163074970245, 0.0, 0.05550410971045494, 0.12069987505674362, 0.0, 0.03410843759775162, 0.06542717665433884, 0.11135830730199814, 1.4369782209396362, 0.6749721765518188, 0.10034450143575668, 0.7260144948959351, 0.17985333502292633, 0.16716818511486053, 0.1591586023569107, 0.15701591968536377, 0.2508310079574585, 0.056062936782836914, 0.0, 0.3794562518596649, 0.0937521755695343, 0.07123637199401855, 0.06087469309568405, 0.23276011645793915, 9.477642059326172, 3.2532739639282227, 0.8222142457962036, 10.14454460144043, 0.28222590684890747, 0.06612668931484222, 0.035936806350946426, 0.10165564715862274, 0.45191192626953125, 0.0675680935382843, 0.0, 0.21474792063236237, 0.19016602635383606, 0.0, 0.0, 0.3034898042678833, 5.459238529205322, 1.7679082155227661, 0.6690364480018616, 1.3835780620574951, 0.0, 0.029979197308421135, 0.06155923008918762, 0.0, 0.14328886568546295, 0.004064179956912994, 0.04257988557219505, 0.1070086658000946, 0.040357742458581924, 0.03076232597231865, 0.033622466027736664, 0.039253972470760345, 0.0, 0.03999928757548332, 0.0393436923623085, 0.030784713104367256, 0.07076475024223328, 0.06436818838119507, 0.1578412801027298, 0.11605343222618103, 0.0, 0.14679205417633057, 0.016325967386364937, 0.10646186769008636, 0.0, 0.015886424109339714, 0.0, 0.14192363619804382, 0.025383122265338898, 0.07692825794219971, 0.014172151684761047, 0.0, 0.0, 0.012560199946165085, 0.040435273200273514, 0.029270946979522705, 0.02201339229941368, 0.04481498524546623, 0.007898147217929363, 0.10567726939916611, 0.03018132969737053, 0.0, 0.022762153297662735, 0.0719393715262413, 0.014514366164803505, 0.0, 0.12446751445531845, 0.06596928089857101], [0.0, 0.0, 0.0, 0.0, 0.0, 0.0, 0.0, 0.0, 0.0, 0.0, 0.0, 0.0, 0.8652358651161194, 0.18881645798683167, 0.2600581645965576, 0.34408220648765564, 0.0, 0.0, 0.0, 0.0, 0.0, 0.0, 0.0, 0.0, 0.0, 0.0, 0.0, 0.0, 1.9567711353302002, 0.529785692691803, 0.08452436327934265, 4.500721454620361, 0.01193656213581562, 0.0, 0.17089250683784485, 0.028089983388781548, 0.37991923093795776, 0.06831195950508118, 0.251581072807312, 0.07114264369010925, 0.020302657037973404, 0.018931502476334572, 0.0, 0.0, 14.367055892944336, 2.8008854389190674, 4.291058540344238, 8.050614356994629, 0.0, 0.0, 0.06096431612968445, 0.0, 0.0, 0.0, 0.0, 0.0, 0.0, 0.0, 0.0, 0.0, 0.0, 0.0, 0.0, 0.0, 0.0, 0.0, 0.0, 0.0, 0.0, 0.0, 0.0, 0.0, 0.0, 0.0, 0.0, 0.0, 0.0, 0.0, 0.0, 0.03249530866742134, 0.0, 0.0, 0.0, 0.0, 0.0, 0.0, 0.0, 0.0, 0.0, 0.01870565116405487, 0.0, 0.0, 0.0, 0.005838774144649506, 0.0, 0.0], [1.0753014087677002, 1.4420630931854248, 0.4102790653705597, 0.8307470083236694, 1.0640053749084473, 1.219712734222412, 0.4205162525177002, 1.0739812850952148, 1.167073130607605, 1.086286187171936, 0.2464066445827484, 0.9486578702926636, 0.9313362836837769, 1.4407316446304321, 0.4000507891178131, 1.4173603057861328, 0.7908275127410889, 0.6463156342506409, 0.441703736782074, 0.8037530779838562, 0.6717034578323364, 0.7926186919212341, 0.5489993691444397, 0.9720836281776428, 0.4078432619571686, 0.6664754748344421, 0.2957246005535126, 0.6970943808555603, 0.5164675116539001, 0.8758817315101624, 0.41566750407218933, 0.9841075539588928, 1.39544677734375, 1.318717360496521, 5.992234706878662, 1.320299506187439, 1.632972240447998, 1.483810305595398, 5.184484004974365, 1.8938044309616089, 1.8738877773284912, 2.0917611122131348, 5.688852310180664, 1.676880955696106, 1.3097033500671387, 2.5546042919158936, 3.810028553009033, 2.0052764415740967, 0.3462376594543457, 0.6189992427825928, 0.48940733075141907, 0.37517049908638, 0.16880200803279877, 0.705203115940094, 0.7531313896179199, 0.5548465251922607, 0.2049524486064911, 0.43405693769454956, 0.40310046076774597, 0.2966253161430359, 0.3329310715198517, 0.31905555725097656, 0.27143633365631104, 0.3928297162055969, 0.8156954050064087, 0.6639000177383423, 1.124746322631836, 1.1129720211029053, 0.42145994305610657, 0.8472084403038025, 0.9467765092849731, 0.9203441143035889, 1.0627690553665161, 0.5532520413398743, 0.8865155577659607, 0.6822179555892944, 0.603242814540863, 0.7782771587371826, 0.568747878074646, 0.5171293020248413, 0.17686624825000763, 0.17833596467971802, 0.3026597499847412, 0.2528051733970642, 0.1744387447834015, 0.32046273350715637, 0.5947515368461609, 0.6080127358436584, 0.1830383539199829, 0.2699672281742096, 0.4315378665924072, 0.22972655296325684, 0.23773737251758575, 0.31946828961372375, 0.29514843225479126, 0.46111369132995605]]
Time 957.5857219696045
