Created graph
[-7.0, -5, -3.0]
[-6.0, -5, -4.0]
[-4.5, -4.0, -3.5]
[-4.25, -4.0, -3.75]
[-4.125, -4.0, -3.875]
[-3.9375, -3.875, -3.8125]
0.1 10 3
Score: 76.5149
Signatures: [[0.0, 0.0, 0.0, 0.0, 0.0, 0.0, 0.0, 0.00026918345247395337, 0.0, 0.0, 0.034013908356428146, 0.0, 4.411496162414551, 0.8956525325775146, 0.38397207856178284, 1.4639843702316284, 0.04926397278904915, 0.016322238370776176, 0.07365082204341888, 0.0002789638820104301, 0.09193051606416702, 0.0, 0.0, 0.13077829778194427, 0.021415751427412033, 0.0, 5.911512562306598e-05, 0.03729672729969025, 22.624914169311523, 7.605560779571533, 1.5894629955291748, 30.559268951416016, 0.04993952438235283, 0.0, 0.0, 0.0023164565209299326, 0.8656160831451416, 0.0, 0.0, 0.0014575731474906206, 0.0, 0.0, 0.0, 0.0017429436556994915, 39.527530670166016, 8.046067237854004, 8.059422492980957, 17.545801162719727, 0.0, 0.0, 0.09592121839523315, 0.0, 0.16332511603832245, 0.0, 0.0, 0.0, 0.01992844231426716, 0.0, 0.0, 0.0, 0.0, 0.0, 0.0, 0.0, 0.0, 0.0, 0.0, 0.0, 0.0, 0.00027163742925040424, 0.0, 0.0, 0.0, 0.0, 0.0, 0.012391912750899792, 0.0, 0.0, 0.0, 0.0, 0.0, 0.0, 0.0, 0.0, 0.0, 0.0, 0.0, 0.0, 0.0, 2.9464554245350882e-05, 0.0, 0.0, 0.0, 0.0, 0.14671695232391357, 0.0], [0.0, 0.0, 0.0, 0.0, 0.0, 0.0, 0.0, 0.0, 0.0, 0.0, 0.03029610589146614, 0.0, 3.91937518119812, 1.5702813863754272, 0.8663393259048462, 1.6093555688858032, 0.006943491753190756, 0.0, 0.0, 0.0, 0.23948067426681519, 0.0, 0.0, 0.32831060886383057, 0.07795324921607971, 0.0, 0.0, 0.0, 16.593446731567383, 5.589559078216553, 1.2664743661880493, 22.955442428588867, 0.3081483542919159, 0.0, 0.0, 0.04515725001692772, 1.3697835206985474, 0.0, 0.0, 0.2757045030593872, 0.041042547672986984, 0.0, 0.0, 0.26974257826805115, 37.72786331176758, 8.7020845413208, 9.947418212890625, 19.718002319335938, 0.0, 0.0, 0.08415273576974869, 0.0, 0.13783623278141022, 0.0, 0.0, 0.0, 0.0006518868613056839, 0.0, 0.0, 0.0, 0.0, 0.0, 0.0, 0.0, 0.0, 0.0, 0.0, 0.0, 0.0, 0.0, 0.0, 0.0, 0.0, 0.0, 0.0, 0.01748860813677311, 0.0, 0.0, 0.0, 0.0, 0.0, 0.0, 0.0, 0.0, 0.0, 0.0, 0.0, 0.0, 0.0, 0.0001132680699811317, 0.0, 0.0, 0.0, 0.0, 0.01893438957631588, 0.0], [3.2401888370513916, 4.427472114562988, 1.229691982269287, 2.4618589878082275, 3.169492721557617, 3.3823773860931396, 1.2860913276672363, 3.2036988735198975, 3.104489326477051, 3.1228013038635254, 0.824212372303009, 2.8219616413116455, 3.16597580909729, 4.652116298675537, 1.2506892681121826, 4.542709827423096, 2.48779034614563, 2.050039529800415, 1.4583063125610352, 2.490473985671997, 2.087352752685547, 2.3098628520965576, 1.6241642236709595, 3.1569955348968506, 1.2778934240341187, 1.985700249671936, 0.901093602180481, 2.2831640243530273, 3.969575881958008, 3.4354302883148193, 1.5457432270050049, 5.992323398590088, 4.3516387939453125, 3.9213526248931885, 16.935155868530273, 3.760978937149048, 5.269218444824219, 4.501389026641846, 15.392838478088379, 5.724687099456787, 5.553999423980713, 5.740082740783691, 16.297082901000977, 5.086850166320801, 7.15967321395874, 8.568572998046875, 12.065179824829102, 6.880922317504883, 0.9241796135902405, 1.8411623239517212, 1.5789363384246826, 1.1037057638168335, 0.5759332180023193, 2.0156519412994385, 2.2264506816864014, 1.6707947254180908, 0.6460744142532349, 1.2550863027572632, 1.1855108737945557, 0.9281780123710632, 0.9139951467514038, 0.9739020466804504, 0.845188319683075, 1.1190016269683838, 2.4025402069091797, 1.931410551071167, 3.514787197113037, 3.4315643310546875, 1.2058087587356567, 2.475680112838745, 2.681602716445923, 2.656094789505005, 2.8034212589263916, 1.5665088891983032, 2.4212143421173096, 2.064624786376953, 1.6502355337142944, 2.240579605102539, 1.537989616394043, 1.5199867486953735, 0.5329209566116333, 0.5249428153038025, 0.9225547313690186, 0.8018617033958435, 0.5139023065567017, 0.9949044585227966, 1.6701300144195557, 1.8706308603286743, 0.5711236000061035, 0.8281549215316772, 1.2561795711517334, 0.7670377492904663, 0.6995059847831726, 0.9043987989425659, 0.9901062846183777, 1.4422428607940674]]
Time 909.7804419994354
