Created graph
[-7.0, -5, -3.0]
[-6.0, -5, -4.0]
[-4.5, -4.0, -3.5]
[-4.25, -4.0, -3.75]
[-4.125, -4.0, -3.875]
[-4.0625, -4.0, -3.9375]
0.1 1 3
Score: 71.298805
Signatures: [[0.05042675510048866, 0.05158241093158722, 0.014985003508627415, 0.008191905915737152, 0.028769344091415405, 0.0, 0.015735814347863197, 0.049167729914188385, 0.0, 0.0, 0.06017901748418808, 0.08113153278827667, 4.043039321899414, 1.2596579790115356, 0.5273137092590332, 1.6286662817001343, 0.22852124273777008, 0.13968025147914886, 0.14878492057323456, 0.12000247836112976, 0.33274272084236145, 0.0, 0.0, 0.4645761549472809, 0.1246194988489151, 0.001614643377251923, 0.04054756835103035, 0.1753799170255661, 19.739688873291016, 6.575284004211426, 1.533877968788147, 26.285499572753906, 0.2775155007839203, 0.0, 0.0, 0.02939082868397236, 0.9233396649360657, 0.0, 0.0, 0.09172672033309937, 0.0028835174161940813, 0.0, 0.0, 0.2234261929988861, 32.10624313354492, 7.1215620040893555, 6.988006114959717, 14.500722885131836, 0.0, 0.0, 0.11488986015319824, 0.0, 0.1945035606622696, 0.0, 0.0, 0.03798377886414528, 0.03211421146988869, 0.011033616960048676, 0.0, 0.009053025394678116, 0.0, 0.02035406231880188, 0.0001902121730381623, 0.0, 0.0, 0.035886120051145554, 0.05541715770959854, 0.04407939314842224, 0.0, 0.1072399914264679, 0.0, 0.026699889451265335, 0.0, 0.0, 0.0, 0.09202023595571518, 0.0, 0.004678740631788969, 0.0, 0.0, 0.0, 0.0, 0.0, 0.004813617095351219, 0.006893106270581484, 0.0024855099618434906, 0.0, 0.04401867836713791, 0.0, 0.0, 0.0, 0.02137000858783722, 0.010970497503876686, 0.0, 0.1432468593120575, 0.03201880306005478], [2.5072689056396484, 3.2685608863830566, 1.0030111074447632, 1.9321949481964111, 2.3695671558380127, 2.781390905380249, 0.8870032429695129, 2.2578024864196777, 2.321906328201294, 2.4291491508483887, 0.5123252868652344, 2.118767261505127, 2.174365758895874, 3.1050264835357666, 0.6759175658226013, 3.099440336227417, 1.8973629474639893, 1.668087124824524, 1.1716184616088867, 2.0332679748535156, 1.6700901985168457, 1.9279847145080566, 1.1128931045532227, 2.54659104347229, 0.9349551200866699, 1.5276720523834229, 0.7516626715660095, 1.8794363737106323, 4.3122172355651855, 3.1534740924835205, 1.2226731777191162, 5.939443588256836, 2.7498559951782227, 2.597679376602173, 10.193116188049316, 2.484876871109009, 3.0176517963409424, 2.7287497520446777, 8.139885902404785, 3.587217092514038, 3.412302255630493, 3.43845534324646, 9.525230407714844, 3.387261152267456, 0.0, 3.8451013565063477, 3.7979817390441895, 0.0, 0.7354174852371216, 1.2292627096176147, 0.902735710144043, 0.7089122533798218, 0.4819852113723755, 1.528767704963684, 1.6833440065383911, 1.4242292642593384, 0.42415398359298706, 0.8960944414138794, 0.84981369972229, 0.6673649549484253, 0.6566678881645203, 0.6719026565551758, 0.6049231886863708, 0.9109656810760498, 1.6535824537277222, 1.4689576625823975, 2.3019320964813232, 2.372945785522461, 0.8428420424461365, 1.8928979635238647, 1.7359158992767334, 2.1579806804656982, 1.9082281589508057, 1.0720669031143188, 1.555890679359436, 1.4410104751586914, 1.0957990884780884, 1.7730090618133545, 1.0847793817520142, 0.8931605815887451, 0.3513578772544861, 0.43491241335868835, 0.7553775310516357, 0.6173681020736694, 0.41429606080055237, 0.7180525660514832, 1.3874090909957886, 1.5101629495620728, 0.4694543778896332, 0.5391748547554016, 0.9715579152107239, 0.610874354839325, 0.5304369926452637, 0.5648950934410095, 0.7489649653434753, 1.0812928676605225], [0.00875285267829895, 0.18085424602031708, 0.0, 0.03905279189348221, 0.23730787634849548, 0.0, 0.19374439120292664, 0.3781585991382599, 0.3054889142513275, 0.017601769417524338, 0.15106914937496185, 0.1828557699918747, 0.6261453628540039, 0.847145140171051, 0.5449284911155701, 0.7980328798294067, 0.0, 0.0, 0.0, 0.0, 0.0, 0.0, 0.1814849078655243, 0.0, 0.06329049170017242, 0.044826775789260864, 0.0, 0.0, 0.0, 0.0, 0.0, 0.0, 0.8590196967124939, 0.646558940410614, 4.3758463859558105, 0.8182612657546997, 1.8098629713058472, 1.156702995300293, 5.41969108581543, 1.4546382427215576, 1.4727140665054321, 1.727120280265808, 4.349809169769287, 0.8961771130561829, 17.017866134643555, 5.278306007385254, 9.9124116897583, 12.814038276672363, 0.005379361566156149, 0.2896009087562561, 0.4117836058139801, 0.19888518750667572, 0.0, 0.10131567716598511, 0.16060590744018555, 0.0, 0.09246833622455597, 0.15924552083015442, 0.13620193302631378, 0.07755181193351746, 0.10674048960208893, 0.12486593425273895, 0.0724472776055336, 0.0, 0.3558961749076843, 0.06203583627939224, 0.5265370011329651, 0.3814540207386017, 0.17715652287006378, 0.11170076578855515, 0.5801631808280945, 0.0, 0.5152668356895447, 0.26757746934890747, 0.5483626127243042, 0.27264204621315, 0.38698944449424744, 0.06422895193099976, 0.22526471316814423, 0.44680923223495483, 0.07216737419366837, 0.0, 0.0, 0.0, 0.0, 0.09306034445762634, 0.0, 0.0, 0.0, 0.1712828129529953, 0.021634358912706375, 0.0, 0.007565737701952457, 0.2215268909931183, 0.006160048767924309, 0.016667498275637627]]
Time 918.058922290802
