Created graph
[-7.0, -5, -3.0]
[-6.0, -5, -4.0]
[-5.5, -5, -4.5]
[-4.75, -4.5, -4.25]
[-4.375, -4.25, -4.125]
[-4.4375, -4.375, -4.3125]
0.1 100 3
Score: 157.2203
Signatures: [[0.790184497833252, 1.1466823816299438, 0.13528521358966827, 0.6243376731872559, 0.9044203758239746, 0.9068983793258667, 0.42209991812705994, 0.7567120790481567, 0.8198853135108948, 0.8434786200523376, 0.10614955425262451, 0.7212963104248047, 2.793025016784668, 1.8515186309814453, 0.5266565084457397, 2.0462698936462402, 0.6147230267524719, 0.4996660053730011, 0.298733651638031, 0.5445976853370667, 0.5234542489051819, 0.7010205388069153, 0.564703106880188, 0.9523870348930359, 0.34757187962532043, 0.3364274203777313, 0.34629836678504944, 0.6408864855766296, 8.987421035766602, 3.9229397773742676, 0.9105413556098938, 13.177152633666992, 1.1902931928634644, 1.1249686479568481, 4.992968559265137, 1.070854663848877, 2.2799251079559326, 1.517329216003418, 4.691141128540039, 1.5935577154159546, 1.4613016843795776, 1.8587043285369873, 4.604358673095703, 1.4198988676071167, 17.38233757019043, 6.106271743774414, 7.113176345825195, 9.341251373291016, 0.4858550429344177, 1.057311773300171, 0.5374271869659424, 0.535020112991333, 0.09976548701524734, 0.505691647529602, 0.47142642736434937, 0.47209709882736206, 0.05838894471526146, 0.4467974305152893, 0.12218809872865677, 0.34755849838256836, 0.37340816855430603, 0.11667999625205994, 0.5523339509963989, 0.11372492462396622, 0.896524965763092, 0.5310182571411133, 1.4231996536254883, 1.0022639036178589, 0.548821747303009, 0.5731616020202637, 0.534468948841095, 0.5802639126777649, 0.30304571986198425, 0.5882928967475891, 0.3454301655292511, 0.5583927035331726, 0.4315602779388428, 0.8458555936813354, 0.21778583526611328, 0.643358051776886, 0.21706826984882355, 0.044420044869184494, 0.39860886335372925, 0.3094099462032318, 0.17270320653915405, 0.6057912111282349, 0.4273395240306854, 0.6879812479019165, 0.3125200569629669, 0.3673512041568756, 0.6169055104255676, 0.3236616253852844, 0.07731948792934418, 0.10759804397821426, 0.5473406910896301, 0.3193369209766388], [0.9683931469917297, 1.5011706352233887, 0.26183193922042847, 0.7417958974838257, 0.9299595355987549, 1.2660013437271118, 0.6049566268920898, 0.8938356041908264, 1.4177393913269043, 1.0251346826553345, 0.20643611252307892, 1.0549590587615967, 2.7035491466522217, 2.186924457550049, 0.8820178508758545, 1.8147975206375122, 0.7251268029212952, 0.8063478469848633, 0.3369017541408539, 0.7239253520965576, 0.6964967250823975, 0.7130308747291565, 0.2755821645259857, 1.1329227685928345, 0.3960493206977844, 0.8429329991340637, 0.16898012161254883, 0.9209689497947693, 8.002025604248047, 3.4046409130096436, 0.8735539317131042, 11.23682689666748, 1.4775725603103638, 1.4365710020065308, 5.813996315002441, 1.3126428127288818, 2.077017068862915, 1.549521565437317, 5.092559814453125, 2.297008514404297, 2.2309775352478027, 1.3702900409698486, 5.296236515045166, 1.938887596130371, 15.251496315002441, 5.8081583976745605, 6.9037675857543945, 8.929038047790527, 0.15556541085243225, 0.3601636290550232, 0.39695730805397034, 0.26118960976600647, 0.13953375816345215, 0.7249627113342285, 1.0220932960510254, 0.5917354822158813, 0.07255836576223373, 0.5054581761360168, 0.7714300155639648, 0.16154000163078308, 0.1672198325395584, 0.6663916110992432, 0.16717417538166046, 0.578410804271698, 0.6388529539108276, 0.533295750617981, 1.2494609355926514, 0.911138117313385, 0.3806147575378418, 0.7672469615936279, 0.9595978856086731, 0.6249451041221619, 1.1749149560928345, 0.4118731617927551, 0.624674379825592, 0.6865954399108887, 0.5551785826683044, 0.3786260485649109, 0.40254226326942444, 0.529133677482605, 0.1087694838643074, 0.059793826192617416, 0.24387291073799133, 0.1862691193819046, 0.21919573843479156, 0.24669551849365234, 0.5891044735908508, 0.5733640789985657, 0.13030581176280975, 0.26268240809440613, 0.2684463858604431, 0.1338212937116623, 0.3451838195323944, 0.4008057415485382, 0.33160585165023804, 0.49380171298980713], [1.1987661123275757, 1.4450156688690186, 0.6617938876152039, 0.8616530299186707, 1.0505914688110352, 0.7237908244132996, 0.20780351758003235, 1.1829941272735596, 0.48797985911369324, 0.8644612431526184, 0.551969051361084, 0.7772620916366577, 1.9603239297866821, 1.9070302248001099, 0.4376874566078186, 1.970694661140442, 0.9622958302497864, 0.6322438716888428, 0.7124521732330322, 0.953209638595581, 0.8337029218673706, 0.6385905146598816, 0.7698161005973816, 1.1055912971496582, 0.46593350172042847, 0.5542399287223816, 0.2948216199874878, 0.5885142683982849, 6.848992824554443, 2.7842514514923096, 1.0986460447311401, 10.791638374328613, 1.6735432147979736, 1.2083567380905151, 5.338874340057373, 1.1251471042633057, 2.0624899864196777, 1.4155147075653076, 5.220245838165283, 1.682867407798767, 1.561158537864685, 1.764899492263794, 5.305440425872803, 1.5309239625930786, 14.238794326782227, 5.744132041931152, 7.041486740112305, 7.542886257171631, 0.20158927142620087, 0.4691770374774933, 0.739991307258606, 0.30717766284942627, 0.4189090430736542, 0.5506536960601807, 0.5542040467262268, 0.3896886110305786, 0.47747090458869934, 0.1952788084745407, 0.15338170528411865, 0.436066210269928, 0.2893327474594116, 0.14706328511238098, 0.1647040992975235, 0.2551797032356262, 0.7061704993247986, 0.6914584636688232, 0.8879326581954956, 1.4693970680236816, 0.20021094381809235, 0.7975140810012817, 0.989400327205658, 1.0455518960952759, 0.594157338142395, 0.4862900376319885, 0.9997748136520386, 0.7630654573440552, 0.3899393379688263, 0.7839628458023071, 0.5939632058143616, 0.30041033029556274, 0.21102751791477203, 0.33229926228523254, 0.27696484327316284, 0.3348061442375183, 0.07445843517780304, 0.18955853581428528, 0.39194536209106445, 0.47789254784584045, 0.14168210327625275, 0.213608056306839, 0.3070410490036011, 0.32249966263771057, 0.18494853377342224, 0.3266335427761078, 0.2663631737232208, 0.5862290263175964]]
Time 878.2917375564575
