Created graph
[-11.0, -9, -7.0]
[-8.0, -7.0, -6.0]
[-6.5, -6.0, -5.5]
[-5.75, -5.5, -5.25]
[-5.375, -5.25, -5.125]
[-5.3125, -5.25, -5.1875]
0.1 1000 3
Score: 178.66193
Signatures: [[0.3343331515789032, 0.5738230347633362, 0.44182679057121277, 0.3525640070438385, 0.5237168669700623, 0.4923739433288574, 0.1008765771985054, 0.38948750495910645, 0.5884892344474792, 0.4117807149887085, 0.2667616307735443, 0.4530770778656006, 0.7927644848823547, 0.7447795271873474, 0.6295368671417236, 0.8238897919654846, 0.3769516944885254, 0.5318907499313354, 0.3172234296798706, 0.18706655502319336, 0.27023547887802124, 0.6842000484466553, 0.3579370379447937, 0.505365788936615, 0.26561397314071655, 0.35039183497428894, 0.09467971324920654, 0.04759254306554794, 2.273249626159668, 1.0368505716323853, 0.21548426151275635, 3.3164942264556885, 1.2048519849777222, 0.5020506381988525, 2.244863271713257, 0.47796592116355896, 0.799849808216095, 0.5297026634216309, 2.1721856594085693, 0.9220438599586487, 0.6447486281394958, 0.6353660821914673, 2.314689874649048, 0.809455156326294, 4.424514293670654, 2.0057482719421387, 2.7107973098754883, 2.636774778366089, 0.12525281310081482, 0.2595326006412506, 0.19265276193618774, 0.17534396052360535, 0.16850386559963226, 0.5207927823066711, 0.41909459233283997, 0.5097703337669373, 0.15470853447914124, 0.0, 0.09862389415502548, 0.07275895029306412, 0.0, 0.2291277050971985, 0.24674081802368164, 0.1596100628376007, 0.31910085678100586, 0.24334760010242462, 0.4419578015804291, 0.5469093918800354, 0.009477665647864342, 0.18990135192871094, 0.3212779760360718, 0.38095158338546753, 0.31751832365989685, 0.48489949107170105, 0.1545291393995285, 0.639742374420166, 0.17759406566619873, 0.5161719918251038, 0.2042361944913864, 0.17374368011951447, 0.2812325358390808, 0.1736842840909958, 0.11263788491487503, 0.013945047743618488, 0.0, 0.4338284134864807, 0.10151436179876328, 0.39112386107444763, 0.09830483794212341, 0.0, 0.0, 0.0, 0.03843577206134796, 0.20948868989944458, 0.11381456255912781, 0.2423890084028244], [0.7059110999107361, 0.7174212336540222, 0.053669240325689316, 0.4483509659767151, 0.4230102300643921, 0.3394375145435333, 0.25927144289016724, 0.6018987894058228, 0.4934324622154236, 0.6683449745178223, 0.10767749696969986, 0.2810859680175781, 0.8720139861106873, 0.8920455574989319, 0.13843216001987457, 0.771449863910675, 0.3548955023288727, 0.3925713300704956, 0.17534413933753967, 0.5862765312194824, 0.20268478989601135, 0.14885932207107544, 0.24372656643390656, 0.5516818761825562, 0.057537276297807693, 0.2519022524356842, 0.18171457946300507, 0.4168790280818939, 2.609313488006592, 1.121131181716919, 0.6735879778862, 3.7331604957580566, 0.5093660354614258, 0.9975243806838989, 2.716179370880127, 0.5920745134353638, 0.9231075048446655, 0.9080309867858887, 2.2791619300842285, 0.7758288979530334, 0.7037204504013062, 0.5802989602088928, 2.3772881031036377, 0.5245351195335388, 4.638205528259277, 2.289151906967163, 2.6612491607666016, 2.7494354248046875, 0.21630924940109253, 0.3753375709056854, 0.5804046988487244, 0.17969770729541779, 0.13180045783519745, 0.10274238139390945, 0.2283855825662613, 0.09352046251296997, 0.09965775161981583, 0.3939172923564911, 0.34590262174606323, 0.3033302128314972, 0.30398085713386536, 0.09633641690015793, 0.17494696378707886, 0.1324383020401001, 0.3639678955078125, 0.3801387548446655, 0.39843374490737915, 0.7105540633201599, 0.43632417917251587, 0.2377288043498993, 0.3971821665763855, 0.3959614336490631, 0.4357447624206543, 0.21962827444076538, 0.4423154890537262, 0.273555189371109, 0.29218435287475586, 0.3170502185821533, 0.10761116445064545, 0.3629661500453949, 0.043169260025024414, 0.0, 0.13209323585033417, 0.1966143250465393, 0.03253795579075813, 0.12769392132759094, 0.35879674553871155, 0.10032978653907776, 0.007825709879398346, 0.24053774774074554, 0.2586650252342224, 0.35604748129844666, 0.13403843343257904, 0.0015672112349420786, 0.08768394589424133, 0.2189585417509079], [0.3272298574447632, 0.5291846394538879, 0.052970096468925476, 0.25604283809661865, 0.4266461431980133, 0.5859184861183167, 0.2271944135427475, 0.31363850831985474, 0.30522358417510986, 0.209062397480011, 0.05523942783474922, 0.44509947299957275, 0.8131321668624878, 0.7370153069496155, 0.152957022190094, 0.6989951133728027, 0.34645044803619385, 0.10830999165773392, 0.1788242608308792, 0.23712120950222015, 0.4506004750728607, 0.14972519874572754, 0.3215380311012268, 0.44989722967147827, 0.29420897364616394, 0.23360586166381836, 0.17746597528457642, 0.6274359226226807, 2.0493390560150146, 1.0506845712661743, 0.18325935304164886, 3.026808023452759, 0.30389636754989624, 0.3484315872192383, 2.1836767196655273, 0.4541597366333008, 0.8440319299697876, 0.5524107217788696, 2.0084521770477295, 0.8152745366096497, 0.990293025970459, 1.05441153049469, 2.1865715980529785, 0.8594385385513306, 4.204427719116211, 1.736247181892395, 2.1959071159362793, 2.4571635723114014, 0.18150396645069122, 0.28870850801467896, 0.11482729017734528, 0.15558698773384094, 0.028051059693098068, 0.3227252662181854, 0.3642217516899109, 0.2283603847026825, 0.04713577777147293, 0.32994893193244934, 0.07656896859407425, 0.06758534908294678, 0.27985116839408875, 0.29250994324684143, 0.007678229361772537, 0.16643941402435303, 0.3276515603065491, 0.26810306310653687, 0.7939684987068176, 0.2746362090110779, 0.08881410956382751, 0.629768967628479, 0.4419513940811157, 0.3284624516963959, 0.28739553689956665, 0.029767267405986786, 0.36645692586898804, 0.14906498789787292, 0.1322173774242401, 0.13845595717430115, 0.2794835567474365, 0.16904522478580475, 0.0, 0.1306953877210617, 0.15640880167484283, 0.3625994324684143, 0.21944478154182434, 0.0, 0.2718595266342163, 0.45531463623046875, 0.35855603218078613, 0.2588385343551636, 0.5213004350662231, 0.03705677390098572, 0.14763204753398895, 0.2584903836250305, 0.4173009991645813, 0.259672611951828]]
Time 903.8401329517365
