Created graph
[-11.0, -9, -7.0]
[-8.0, -7.0, -6.0]
[-6.5, -6.0, -5.5]
[-6.25, -6.0, -5.75]
[-6.125, -6.0, -5.875]
[-5.9375, -5.875, -5.8125]
0.1 5000 3
Score: 178.92499
Signatures: [[2.2399230147129856e-05, 0.0001261244178749621, 1.7377169569954276e-05, 5.878146112081595e-05, 0.0, 0.0, 0.0, 0.0, 0.00016103254165500402, 0.005362109746783972, 7.23783432476921e-06, 0.0, 0.05309734493494034, 0.0, 0.0, 0.048161160200834274, 7.084580283844844e-05, 3.2961065699055325e-06, 0.0, 0.00028973547159694135, 7.990894664544612e-05, 0.03977075591683388, 0.0, 0.00023582660651300102, 0.00013164033589418977, 0.0, 0.014795332215726376, 0.00015234906459227204, 0.19418950378894806, 0.13899050652980804, 0.0, 0.19731295108795166, 8.324222289957106e-05, 0.0, 0.057006411254405975, 9.759433305589482e-05, 0.11367416381835938, 0.08571420609951019, 0.07251561433076859, 0.0, 0.0, 0.0938129648566246, 0.03626120090484619, 0.0, 0.25636446475982666, 0.032687827944755554, 0.0, 0.059872373938560486, 0.016606077551841736, 0.03522228077054024, 0.0, 0.02124386839568615, 4.088182686246e-05, 0.0, 3.577386087272316e-05, 6.142290658317506e-05, 3.101232505287044e-05, 0.021245501935482025, 0.0, 3.545126673998311e-05, 0.016230987384915352, 1.000333099909767e-06, 0.015459077432751656, 2.8948868475708878e-06, 0.04303915053606033, 9.753317135619e-05, 0.06937257200479507, 0.0, 0.02057989314198494, 0.0, 0.0, 0.000183740965439938, 0.0, 0.02840631641447544, 0.0, 1.2535605264929472e-06, 0.0, 0.038474299013614655, 0.0, 0.027932560071349144, 0.010357174091041088, 5.268731547403149e-05, 0.01749378815293312, 0.006073351483792067, 0.005681771319359541, 0.01928110048174858, 9.069756197277457e-05, 0.03346418961882591, 0.011013668961822987, 0.015619397163391113, 0.022359121590852737, 0.009995587170124054, 5.251477341516875e-05, 0.0, 0.02043827995657921, 0.0], [0.0, 0.009935672394931316, 0.0, 0.0, 0.0, 0.04912598803639412, 0.019787820056080818, 0.0, 0.04647416993975639, 0.03976060822606087, 0.0, 0.041243452578783035, 0.044902022927999496, 0.08713727444410324, 0.02614016644656658, 0.0, 0.0, 0.03164652734994888, 0.0, 0.0, 0.0, 0.0, 0.0, 0.007568005472421646, 0.0, 0.02803197130560875, 0.0, 0.034208863973617554, 0.08504608273506165, 0.0, 0.0, 0.0, 0.0, 0.063898466527462, 0.15401309728622437, 0.05603360757231712, 0.0, 0.0, 1.3106402548146434e-05, 0.08844141662120819, 0.08398447185754776, 0.0, 0.026102492585778236, 0.07690811157226562, 0.037311945110559464, 0.0, 0.0, 0.24165529012680054, 0.0, 0.0, 9.84732287179213e-06, 0.0, 0.0, 0.0297639612108469, 0.03441958874464035, 0.023130938410758972, 0.0, 0.0, 0.017957309260964394, 3.339504837640561e-05, 0.0, 0.016059592366218567, 0.0, 0.016409985721111298, 0.0, 0.0, 0.0, 0.0, 0.0, 0.0, 0.0, 0.0, 0.03437764197587967, 0.0, 0.0, 0.0, 0.02130422368645668, 0.0, 0.0, 0.0, 0.0, 0.0, 0.0, 0.0, 0.0026700228918343782, 0.0, 0.02409110590815544, 0.0, 0.0, 0.0, 0.0, 0.0, 0.010315137915313244, 0.013098081573843956, 0.0, 0.0], [0.06661276519298553, 0.07325331121683121, 0.024247828871011734, 0.048159774392843246, 0.06320863217115402, 0.0, 0.00013925002713222057, 0.06013740599155426, 0.0002724446530919522, 0.0009537197183817625, 0.019554242491722107, 0.00028289679903537035, 0.0001515351323178038, 0.0014228697400540113, 0.00011849796283058822, 0.05715712159872055, 0.048748113214969635, 0.00015516323037445545, 0.02891107276082039, 0.04789573699235916, 0.042657554149627686, 0.0, 0.036085616797208786, 0.055303141474723816, 0.025664566084742546, 0.0001760250306688249, 0.0, 0.00015221457579173148, 0.00544372433796525, 3.7330879422370344e-05, 0.05066274479031563, 0.27667438983917236, 0.09207715839147568, 0.0, 0.08646035939455032, 0.0, 0.0, 2.88077558252553e-06, 0.24310877919197083, 0.0006751443725079298, 0.0006028504576534033, 0.0, 0.26223406195640564, 0.000492287683300674, 0.3186967968940735, 0.26314446330070496, 0.3755698800086975, 0.0002409119624644518, 0.0, 2.2126681869849563e-05, 0.03549639508128166, 0.0, 0.013083091005682945, 4.967513177689398e-06, 0.00020013589528389275, 0.0001402796187903732, 0.013387631624937057, 0.00022737291874364018, 0.0, 0.020436162129044533, 0.0, 0.00010078528430312872, 0.0, 9.145358490059152e-05, 0.0, 0.039623331278562546, 0.0, 0.07369029521942139, 0.0, 0.044723112136125565, 0.05733845382928848, 0.04924239590764046, 0.0002819279907271266, 0.0, 0.04388047382235527, 0.043295737355947495, 0.00017002454842440784, 0.0, 0.027180755510926247, 2.0096247681067325e-05, 0.0004946017288602889, 0.010293012484908104, 0.0, 0.01204177737236023, 0.00017718849994707853, 0.0, 0.0, 0.0, 0.0, 0.0, 0.0, 0.005676283035427332, 4.885147791355848e-05, 0.001504111336544156, 3.3027667996066157e-06, 0.03217346966266632]]
Time 827.1285223960876
