Created graph
[-11.0, -9, -7.0]
[-8.0, -7.0, -6.0]
[-6.5, -6.0, -5.5]
[-6.25, -6.0, -5.75]
[-6.125, -6.0, -5.875]
[-5.9375, -5.875, -5.8125]
0.1 5000 4
Score: 178.6968
Signatures: [[0.0, 0.0, 0.0, 0.0, 0.0, 0.0, 0.0, 0.0, 0.0, 1.8636461390997283e-05, 0.0, 0.05825049802660942, 0.0, 0.05359385162591934, 0.0, 0.0, 0.0033051124773919582, 0.0, 0.03001248463988304, 0.02056950516998768, 0.0, 0.0032559307292103767, 0.0, 0.01595454104244709, 0.0, 0.03965117409825325, 0.0031033530831336975, 0.0, 0.012924005277454853, 0.09447173774242401, 0.0, 0.0, 0.0, 0.08946015685796738, 0.006618882063776255, 0.0, 0.02985134907066822, 0.00010334527178201824, 0.0, 0.12372349202632904, 0.0, 0.0, 0.11006724834442139, 0.0, 0.0176777895539999, 0.2073959857225418, 0.06997828185558319, 0.0005130470963194966, 0.01928548887372017, 0.0, 0.0, 0.005827673245221376, 0.0, 0.0, 6.880533328512684e-05, 0.0, 0.0, 0.0, 0.0, 0.02114107273519039, 0.0, 0.0, 0.0, 0.0, 0.05092211812734604, 0.0, 0.0, 0.0, 0.0, 0.0, 0.04007537662982941, 0.03416328504681587, 0.0, 0.033497657626867294, 0.0, 0.0, 0.0, 0.0, 0.0, 0.0, 5.337992115528323e-05, 0.0, 0.020474957302212715, 0.019805561751127243, 0.0, 0.022568246349692345, 0.0, 0.0, 0.0, 0.0, 0.0, 9.445048817724455e-06, 0.014320706948637962, 0.020162349566817284, 0.0, 0.008727830834686756], [0.0693410187959671, 0.04825662449002266, 0.0, 0.06371204555034637, 0.0, 0.0, 0.0, 0.0, 0.0, 0.0, 0.0, 0.0, 0.0, 0.0, 0.0, 0.0, 0.0, 0.0, 0.0, 0.0, 0.0, 9.30438909563236e-05, 0.0, 0.0, 0.0, 0.0, 0.0, 0.061375346034765244, 0.11111707985401154, 0.0, 0.06550987809896469, 0.19437091052532196, 0.0462917797267437, 0.0, 0.0, 0.0, 0.0, 0.047671083360910416, 0.1809205412864685, 0.0, 0.0, 0.0, 0.14859583973884583, 0.10324027389287949, 0.1170206367969513, 4.1126899304799736e-05, 0.18545496463775635, 0.023130573332309723, 0.0, 0.0, 0.0, 0.0, 3.845038463623496e-06, 0.0, 0.003822911065071821, 0.041419051587581635, 0.0, 0.0323420912027359, 0.0, 2.0021776435896754e-05, 0.0, 0.0, 0.02300376631319523, 0.0, 0.0, 0.05235540494322777, 0.1026863381266594, 0.0, 0.0, 0.0438864529132843, 0.02298031561076641, 0.0, 0.0, 2.0018192117277067e-06, 0.05746160075068474, 0.0, 0.0, 0.05635670945048332, 0.03596523776650429, 0.0, 0.0, 0.0, 0.0, 0.0, 0.013498521409928799, 0.0, 0.0, 0.026629270985722542, 0.0, 0.0, 0.0, 2.404774204478599e-05, 0.0, 0.0, 0.030123813077807426, 0.0], [0.0, 0.0, 0.03028275817632675, 0.0, 0.020771607756614685, 0.021994583308696747, 0.0, 0.07447890192270279, 0.0, 0.07608108967542648, 0.0, 0.0, 0.15019118785858154, 0.0817190632224083, 0.0, 0.14059732854366302, 0.05625317990779877, 0.0, 0.0, 0.0, 0.05325036495923996, 0.024592552334070206, 0.044877830892801285, 0.0, 0.0, 0.0, 0.0166594497859478, 0.0, 0.11709867417812347, 0.04429583624005318, 0.0, 0.17672890424728394, 0.00966738536953926, 0.0, 0.24520383775234222, 0.0, 0.05049949884414673, 0.0723574310541153, 0.16991445422172546, 0.0, 0.14242665469646454, 0.1314743161201477, 0.06738258898258209, 0.028217051178216934, 0.4560050666332245, 0.0648718923330307, 0.18964393436908722, 0.18301038444042206, 0.0, 0.049208179116249084, 0.012426665052771568, 0.013537329621613026, 0.01425648108124733, 0.0, 1.317775240750052e-05, 0.0, 0.0, 0.0, 0.0, 1.4890063084749272e-06, 0.0, 0.0, 0.0, 0.027686970308423042, 0.0, 0.0, 0.0, 0.0012397771934047341, 0.029119685292243958, 0.0, 0.0, 0.0, 0.05800943076610565, 0.0, 0.0, 0.05421552062034607, 0.0, 0.0, 0.0, 0.0, 0.015137678943574429, 0.012845057994127274, 0.0, 0.0, 0.0, 0.0, 0.0, 0.0, 0.0, 0.02209233120083809, 0.0, 0.011577487923204899, 0.0, 0.0, 0.0, 0.028997698798775673], [0.019900834187865257, 0.07795295119285583, 0.0, 0.0, 0.07180893421173096, 0.07516903430223465, 0.04366263002157211, 0.0, 0.0989772230386734, 7.569370791316032e-05, 0.03212825208902359, 0.0, 0.0, 0.0, 0.057122863829135895, 0.0, 4.79384652862791e-05, 0.07032039761543274, 4.1230086935684085e-06, 0.04271337389945984, 0.0, 0.032906580716371536, 0.0, 0.07781010866165161, 0.042255252599716187, 0.0, 0.0, 0.0, 0.21939659118652344, 0.042095847427845, 0.00019424573110882193, 0.31202182173728943, 0.07307177037000656, 0.0, 0.23180313408374786, 0.12208151072263718, 0.0882609561085701, 9.300647070631385e-05, 0.06675034016370773, 0.0, 0.0, 0.0, 0.09232960641384125, 4.804666605195962e-05, 0.2774182856082916, 0.07258084416389465, 0.003497167257592082, 0.3466382324695587, 0.0, 0.0, 0.039031583815813065, 0.01078968308866024, 0.002338550752028823, 0.06525123119354248, 0.06634268909692764, 0.0, 0.022289447486400604, 0.0, 0.03898967429995537, 0.0, 0.029452528804540634, 0.03595137596130371, 1.5573701602988876e-05, 0.0, 0.0, 0.0, 0.0, 0.11273475736379623, 0.0, 0.01688172109425068, 0.0, 0.024518804624676704, 0.0, 0.0, 0.0, 0.0, 0.04721999913454056, 0.0, 0.0, 0.04938211664557457, 1.776429962774273e-05, 0.0, 2.784996831906028e-05, 0.0, 0.0, 0.0, 0.05348345637321472, 0.026618964970111847, 0.020294731482863426, 0.0, 0.040719836950302124, 0.011678007431328297, 0.0, 0.0, 0.0, 9.261326340492815e-06]]
Time 846.5832304954529
