Created graph
[-11.0, -9, -7.0]
[-8.0, -7.0, -6.0]
[-7.5, -7.0, -6.5]
[-6.75, -6.5, -6.25]
[-6.375, -6.25, -6.125]
[-6.3125, -6.25, -6.1875]
0.1 10000 7
Score: 178.40694
Signatures: [[0.0, 0.0, 0.008805029094219208, 0.05358371138572693, 0.0, 0.0, 0.0, 0.0, 0.06491108238697052, 0.0668739452958107, 0.0, 0.0, 0.0, 0.0, 0.0, 0.0, 0.0, 0.0, 0.0, 0.0, 0.0, 0.026644961908459663, 0.0, 0.0, 0.0, 0.0, 0.0, 0.0, 0.0, 0.0, 0.0, 0.0827576071023941, 0.0, 0.055674728006124496, 0.0798146054148674, 0.0, 0.021865813061594963, 0.0, 0.2778353691101074, 0.0, 0.0, 0.0, 0.041201669722795486, 0.0, 0.00010638752428349108, 0.0, 0.0, 0.0, 0.021349119022488594, 0.0, 0.0, 0.0, 0.015394364483654499, 0.0, 0.0, 0.0, 0.0, 0.028408870100975037, 0.0, 0.0, 0.0, 0.0, 0.020951468497514725, 0.0, 0.0, 0.0, 0.08858098834753036, 0.0, 0.02590908296406269, 0.0, 0.002377085853368044, 0.0, 0.0, 0.0, 0.0, 0.0, 0.0, 0.0, 0.0, 0.0, 0.0, 0.0, 0.0, 0.0, 0.0, 0.0, 0.03665947541594505, 0.0, 0.0, 0.0, 0.0, 0.0, 0.0, 0.0, 0.0, 0.0], [0.07898757606744766, 0.0, 0.0, 0.0, 0.0, 0.0, 0.0, 0.0, 0.0, 0.0, 0.0, 0.0, 0.0, 0.13060593605041504, 0.0, 0.08151650428771973, 0.0, 0.0, 0.0, 0.05779134854674339, 0.0, 0.0, 0.0, 0.0, 0.0, 0.0, 0.0, 0.0, 0.18528138101100922, 0.18310831487178802, 0.059775181114673615, 0.0, 0.006666245870292187, 0.0, 0.1584392786026001, 0.08911353349685669, 0.03372083231806755, 0.0, 0.04294924810528755, 0.0, 0.0, 0.0, 0.14867377281188965, 0.0, 0.30644649267196655, 0.0, 0.09570692479610443, 0.0, 0.0, 0.0, 0.0, 0.0, 0.0, 0.0, 0.0, 0.0, 0.017833353951573372, 0.0, 0.030114125460386276, 0.0, 0.0, 0.026439357548952103, 0.0, 0.026582233607769012, 0.0, 0.0, 0.0, 0.0, 0.0, 0.0, 0.0023684443440288305, 0.00762705085799098, 0.0, 0.0, 0.0, 0.05039025470614433, 0.03466639667749405, 0.0, 0.0, 0.0, 0.01885833777487278, 0.0, 0.0, 0.02172531746327877, 0.0, 0.0, 0.0, 0.04445287585258484, 0.0, 0.0, 0.0, 0.021228112280368805, 0.0, 0.025118175894021988, 0.0, 0.0], [0.0, 0.0, 0.0, 0.0, 0.07801942527294159, 0.0, 0.0, 0.0, 0.0, 0.0, 0.0, 0.0, 0.0, 0.0, 0.0, 0.04271722212433815, 0.055242251604795456, 0.0, 0.0, 0.0, 0.0, 0.0, 0.0, 0.0, 0.03301026672124863, 0.0, 0.0, 0.0, 0.0, 0.0, 0.0, 0.38518914580345154, 0.0957275927066803, 0.03604421392083168, 0.0, 0.0, 0.0, 0.0, 0.0, 0.13226550817489624, 0.08298586308956146, 0.0, 0.0, 0.0, 0.16398116946220398, 0.012898249551653862, 0.0, 0.0, 0.0, 0.0, 0.0, 0.0, 0.0, 0.0, 0.0, 0.041996899992227554, 0.0, 0.0, 0.0, 0.02523636817932129, 0.0, 0.0, 0.0, 0.0, 0.0, 0.0, 0.0, 0.0, 0.0, 0.0, 0.04285477474331856, 0.0, 0.01760813593864441, 0.0, 0.0, 0.0, 0.0, 0.0, 0.0, 0.0, 0.0, 0.0, 0.0, 0.0, 0.0, 0.0, 0.0, 0.0, 0.017389880493283272, 0.0, 0.0, 0.0, 0.0, 0.0, 0.0, 0.0], [0.0, 0.0, 0.0, 0.0, 0.0, 0.07542833685874939, 0.03275664150714874, 0.0, 0.0, 0.0, 0.0, 0.0, 0.05981215834617615, 0.0, 0.0, 0.0, 0.0, 0.0, 0.0, 0.0, 0.0, 0.020506391301751137, 0.0, 0.0, 0.0, 0.0, 0.0, 0.05482753738760948, 0.0, 0.0, 0.0, 0.0, 0.0, 0.0, 0.0, 0.0, 0.0, 0.0, 0.0, 0.0, 0.0, 0.0, 0.12362629920244217, 0.0, 0.03138931095600128, 0.04613542556762695, 0.30659979581832886, 0.0683220699429512, 0.0, 0.046391330659389496, 0.014859071001410484, 0.0, 0.0, 0.0, 0.0, 0.0, 0.0, 0.0, 0.0, 0.0, 0.0, 0.0, 0.0, 0.0, 0.0, 0.0, 0.0, 0.08525367081165314, 0.0, 0.0, 0.0, 0.0, 0.0, 0.033818453550338745, 0.0, 0.0, 0.0, 0.022502684965729713, 0.03187225013971329, 0.0, 0.0, 0.012864513322710991, 0.0, 0.0, 0.0, 0.0, 0.0, 0.0, 0.0, 0.0, 0.029995158314704895, 0.0, 0.0, 0.0, 0.0, 0.03949723020195961], [0.0, 0.0, 0.0, 0.0, 0.0, 0.0, 0.0, 0.0, 0.0, 0.0, 0.0, 0.0, 0.0, 0.0, 0.0, 0.0, 0.0, 0.027228135615587234, 0.031863242387771606, 0.0, 0.0, 0.0, 0.0, 0.0, 0.0, 0.0, 0.01905125007033348, 0.0, 0.0, 0.0, 0.0, 0.04794955626130104, 0.0, 0.0, 0.0, 0.0, 0.04391615092754364, 0.06714879721403122, 0.016163507476449013, 0.0, 0.021500363945961, 0.0, 0.0, 0.1143907830119133, 0.1963917464017868, 0.0, 0.0, 0.17206081748008728, 0.0, 0.0, 0.022154344245791435, 0.0, 0.0, 0.0, 0.0050902399234473705, 0.0, 0.0, 0.0, 0.0, 0.0, 0.02157493121922016, 0.0, 0.0, 0.0, 0.05371692404150963, 0.0, 0.0, 0.0, 0.0, 0.048776257783174515, 0.002845563692972064, 0.0, 0.0, 0.0, 0.04836948588490486, 0.0, 0.0, 0.022157737985253334, 0.0, 0.03553304076194763, 0.0, 0.0, 0.0, 0.0, 0.0, 0.02366098016500473, 0.0, 0.0, 0.0, 0.0, 0.0, 0.0, 0.0, 0.0, 0.0, 0.0], [0.0, 0.0, 0.0, 0.0, 0.0, 0.0, 0.0, 0.07542401552200317, 0.0012209409615024924, 0.0, 0.0, 0.07033660262823105, 0.0, 0.0, 0.04406735673546791, 0.0, 0.0, 0.0, 0.0, 0.0, 0.0, 0.0, 0.0, 0.07654117792844772, 0.0, 0.04747889190912247, 0.0, 0.0, 0.19337913393974304, 0.0, 0.0, 0.007781295105814934, 0.0, 0.0, 0.10646815598011017, 0.0, 0.03410765156149864, 0.0, 0.0, 0.0, 0.018264327198266983, 0.13154807686805725, 0.0, 0.0, 0.0, 0.09764879196882248, 0.0, 0.0, 0.0, 0.0, 0.0, 0.0, 0.0, 0.0, 0.046673014760017395, 0.0, 0.0, 0.0, 0.0, 0.0, 0.0, 0.0, 0.0, 0.0, 0.0, 0.0, 0.0, 0.0, 0.0, 0.0, 0.010548693127930164, 0.04719068855047226, 0.03465435281395912, 0.0005437739309854805, 0.0, 0.0, 0.0, 0.0, 0.0, 0.0, 0.0, 0.0, 0.0, 0.0, 0.017208009958267212, 0.0, 0.0, 0.0, 0.0, 0.0, 0.0, 0.0, 0.0, 0.0, 0.0, 0.0], [0.0, 0.10857050865888596, 0.017887383699417114, 0.0, 0.0, 0.0, 0.0, 0.0, 0.0, 0.0, 0.02453198842704296, 0.0, 0.07203396409749985, 0.0, 0.0, 0.0, 0.0, 0.018145615234971046, 0.0, 0.0, 0.05327405780553818, 0.0, 0.04719293862581253, 0.0, 0.0, 0.0, 0.0, 0.0, 0.0, 0.0, 0.0, 0.007628903724253178, 0.0, 0.0, 0.039652030915021896, 0.0, 0.0, 0.034391459077596664, 0.0, 0.0004895401652902365, 0.0, 0.0, 0.046537354588508606, 0.0, 0.0, 0.170730322599411, 0.0, 0.17625434696674347, 0.0, 0.0, 0.0, 0.03098994493484497, 0.0, 0.04973791912198067, 0.0, 0.0, 0.0, 0.0, 0.0, 0.0, 0.0, 0.0, 0.0, 0.0, 0.0, 0.05323491990566254, 0.0, 0.0, 0.0, 0.0, 0.0, 0.0, 0.0, 0.0, 0.0, 0.0, 0.0, 0.0, 0.0, 0.0, 0.0, 0.0, 0.026583099737763405, 0.0, 0.0, 0.0, 0.0, 0.0, 0.0, 0.023815499618649483, 0.0, 0.0, 0.01973307877779007, 0.0, 0.029418613761663437, 0.0]]
Time 872.6693196296692
