Created graph
[-7.0, -5, -3.0]
[-4.0, -3.0, -2.0]
[-4.5, -4.0, -3.5]
[-4.25, -4.0, -3.75]
[-4.125, -4.0, -3.875]
[-4.1875, -4.125, -4.0625]
0.1 1 4
Score: 70.946236
Signatures: [[2.258491277694702, 2.8138315677642822, 0.8401085734367371, 1.635305404663086, 2.11995005607605, 2.0861592292785645, 0.7723793387413025, 1.8393901586532593, 1.2607734203338623, 1.9503952264785767, 0.3655903935432434, 2.1756458282470703, 2.2450225353240967, 3.5459165573120117, 0.48088663816452026, 3.7671849727630615, 1.8694654703140259, 1.5155727863311768, 1.4712300300598145, 2.30442214012146, 1.9549990892410278, 1.7622495889663696, 0.6684430837631226, 2.848379135131836, 0.922007143497467, 1.6717146635055542, 0.7998641133308411, 2.178678274154663, 6.546204090118408, 4.754140853881836, 1.2183243036270142, 9.57591724395752, 2.149076223373413, 1.53395676612854, 1.5238468647003174, 1.6084160804748535, 2.3449301719665527, 1.516756296157837, 0.571925938129425, 2.8553879261016846, 1.7112133502960205, 0.6721218824386597, 0.0, 2.5626938343048096, 4.870150566101074, 4.957377910614014, 1.8507293462753296, 2.9754769802093506, 0.4016144871711731, 0.7859774231910706, 0.6635217666625977, 0.3234754502773285, 0.5491015315055847, 1.3268513679504395, 1.4158105850219727, 1.5062614679336548, 0.4239586293697357, 0.6493223905563354, 0.6333432197570801, 0.5547060370445251, 0.3710528016090393, 0.5091041326522827, 0.4529550075531006, 0.8513078093528748, 0.87049400806427, 1.040435791015625, 1.0197757482528687, 1.4940043687820435, 0.5051103830337524, 1.0939527750015259, 1.2230545282363892, 1.5428352355957031, 0.3836146891117096, 0.7023657560348511, 0.024415038526058197, 1.2302814722061157, 0.4417552053928375, 0.93487149477005, 0.2168678343296051, 0.4549325406551361, 0.14717116951942444, 0.3832874596118927, 0.7558423280715942, 0.4443452060222626, 0.3055359423160553, 0.6126618981361389, 1.02627432346344, 1.1978390216827393, 0.3035999536514282, 0.5128798484802246, 0.7904267907142639, 0.5455562472343445, 0.46600595116615295, 0.4135628044605255, 0.7248796224594116, 0.7507734298706055], [1.1121212244033813, 1.5696732997894287, 0.43470290303230286, 0.8799326419830322, 1.1359871625900269, 1.3045207262039185, 0.47935643792152405, 1.255102515220642, 1.509285569190979, 1.162668228149414, 0.33577221632003784, 0.9040748476982117, 1.048507809638977, 1.5247721672058105, 0.5410491824150085, 1.3125829696655273, 0.7794970273971558, 0.6883042454719543, 0.32182031869888306, 0.6354580521583557, 0.5515167117118835, 0.7202030420303345, 0.722122311592102, 0.8715105652809143, 0.4241017997264862, 0.5509546995162964, 0.2480936348438263, 0.5636712908744812, 0.0, 0.3519067168235779, 0.45036083459854126, 0.0, 1.8010063171386719, 1.7913004159927368, 10.106212615966797, 1.7312318086624146, 2.1822757720947266, 2.1181228160858154, 9.100152015686035, 2.388730525970459, 2.7928428649902344, 3.3998610973358154, 10.275364875793457, 2.1883175373077393, 0.7632487416267395, 2.9532735347747803, 5.954198837280273, 2.291175127029419, 0.4320724308490753, 0.8174650073051453, 0.6635698080062866, 0.5468848943710327, 0.13793551921844482, 0.7163755297660828, 0.7945828437805176, 0.46137145161628723, 0.22404968738555908, 0.529245913028717, 0.479223370552063, 0.34052199125289917, 0.4311031699180603, 0.39914441108703613, 0.3329700231552124, 0.35192328691482544, 1.1634408235549927, 0.7831805348396301, 1.7132699489593506, 1.5001142024993896, 0.5540212392807007, 1.1684093475341797, 1.1779571771621704, 1.086936116218567, 1.714589238166809, 0.7024258375167847, 1.5641124248504639, 0.8063676357269287, 0.9087803959846497, 1.0764580965042114, 0.9156727194786072, 0.7485883831977844, 0.2623350918292999, 0.1692054569721222, 0.27484071254730225, 0.3061278164386749, 0.20359817147254944, 0.3669544756412506, 0.6471421122550964, 0.6848065257072449, 0.23277415335178375, 0.2950298488140106, 0.47017890214920044, 0.2494703084230423, 0.24492725729942322, 0.3916497230529785, 0.3294031023979187, 0.5843362212181091], [0.0, 0.0, 0.0, 0.0, 0.0, 0.0, 0.0, 0.0, 0.0, 0.0, 0.016809802502393723, 0.0, 2.1874966621398926, 0.8734593987464905, 0.538672924041748, 1.138352632522583, 0.0, 0.0, 0.0, 0.0, 0.0002439567178953439, 0.0, 0.0, 0.0, 0.017410995438694954, 0.0, 0.0, 0.0, 5.516983985900879, 2.09922456741333, 0.30641478300094604, 11.675196647644043, 0.14745169878005981, 0.0, 0.0, 0.044488050043582916, 0.9745157957077026, 0.11795282363891602, 0.3520716726779938, 0.19710089266300201, 0.11375521123409271, 0.010320939123630524, 0.0, 0.012272544205188751, 30.651235580444336, 6.880913257598877, 8.731269836425781, 16.595184326171875, 0.0, 0.0, 0.14418001472949982, 0.0, 0.0, 0.0, 0.0, 0.0, 0.004127851687371731, 0.0, 0.0, 0.0, 0.0, 0.0, 0.0, 0.0, 0.0, 0.0, 0.0, 0.0, 0.0, 0.0, 0.0, 0.0, 0.0, 0.0, 0.0, 0.0, 0.0, 0.0, 0.0, 0.04128791391849518, 0.0, 0.0, 0.0, 0.0, 0.0, 0.0, 0.0, 0.0, 0.0, 0.007249376270920038, 0.0, 0.0, 0.0, 0.0, 0.0, 0.0], [0.0, 0.0, 0.0, 0.0, 0.0, 0.0, 0.0, 0.0, 0.0, 0.0, 0.04045684263110161, 0.0, 2.691600799560547, 0.243389293551445, 0.23759762942790985, 0.34288299083709717, 0.0, 0.0, 0.0, 0.0, 0.00026648264611139894, 0.0, 0.0, 0.0, 0.0, 0.0, 0.0, 0.0, 18.5352725982666, 5.31151008605957, 1.4229111671447754, 19.896047592163086, 0.03742111846804619, 0.0, 0.5733413696289062, 0.0, 0.4610792398452759, 0.0, 0.28514528274536133, 0.0, 0.02265923283994198, 0.0, 0.4566704034805298, 0.0350860096514225, 15.819001197814941, 2.9878697395324707, 3.212374448776245, 6.143911361694336, 0.0, 0.0, 0.0, 0.0, 0.15045711398124695, 0.0, 0.0, 0.0, 0.0, 0.0, 0.0, 0.0, 0.0, 0.0, 0.0, 0.0, 0.0, 0.0, 0.12263223528862, 0.0, 0.0, 0.05898767709732056, 0.0, 0.0, 0.0, 0.0, 0.0, 0.0, 0.0, 0.0, 0.016454501077532768, 0.0, 0.0, 0.0, 0.0, 0.0, 0.0, 0.0, 0.0, 0.0, 0.0, 0.0, 0.0, 0.0, 0.0, 0.0, 0.049934178590774536, 0.0]]
Time 902.8141860961914
