Created graph
[-7.0, -5, -3.0]
[-6.0, -5, -4.0]
[-4.5, -4.0, -3.5]
[-4.75, -4.5, -4.25]
[-4.625, -4.5, -4.375]
[-4.4375, -4.375, -4.3125]
10 3 200
Score: 77.224724
Signatures: [[0.1243758425116539, 0.23680898547172546, 0.060947876423597336, 0.08573593944311142, 0.11497985571622849, 0.0, 0.05553537979722023, 0.12077013403177261, 0.0, 0.03411511331796646, 0.06547486782073975, 0.11142182350158691, 1.4380865097045898, 0.6754665374755859, 0.10047218203544617, 0.7266378998756409, 0.17997676134109497, 0.16729991137981415, 0.15929414331912994, 0.15713201463222504, 0.25103455781936646, 0.05610641464591026, 0.0, 0.3797500431537628, 0.09381338208913803, 0.0712825283408165, 0.06092148646712303, 0.23294857144355774, 9.483717918395996, 3.255432605743408, 0.8227353692054749, 10.151873588562012, 0.2824157178401947, 0.06614208221435547, 0.036112476140260696, 0.101721853017807, 0.45240646600723267, 0.06762651354074478, 0.0, 0.2148994356393814, 0.19028587639331818, 0.0, 0.0, 0.3037031888961792, 5.466577053070068, 1.769813060760498, 0.6709560751914978, 1.3868534564971924, 0.0, 0.0299848560243845, 0.06162719801068306, 0.0, 0.14340731501579285, 0.004058261401951313, 0.04259011149406433, 0.10710642486810684, 0.040383998304605484, 0.0307670459151268, 0.033640094101428986, 0.03927959129214287, 0.0, 0.040021862834692, 0.03936684504151344, 0.030810797587037086, 0.07081805169582367, 0.06441418081521988, 0.15795017778873444, 0.1161000058054924, 0.0, 0.1469147950410843, 0.016329249367117882, 0.10656113177537918, 0.0, 0.015900839120149612, 0.0, 0.14202120900154114, 0.025393890216946602, 0.0769939050078392, 0.014177960343658924, 0.0, 0.0, 0.01256896834820509, 0.040463611483573914, 0.029291000217199326, 0.02203112468123436, 0.04484657943248749, 0.007894245907664299, 0.10576584190130234, 0.030205318704247475, 0.0, 0.022776218131184578, 0.07200294733047485, 0.01451711542904377, 0.0, 0.12456449866294861, 0.06602121144533157], [0.0, 0.0, 0.0, 0.0, 0.0, 0.0, 0.0, 0.0, 0.0, 0.0, 0.0, 0.0, 0.8662012815475464, 0.18904300034046173, 0.2602585256099701, 0.3443889319896698, 0.0, 0.0, 0.0, 0.0, 0.0, 0.0, 0.0, 0.0, 0.0, 0.0, 0.0, 0.0, 1.9606044292449951, 0.5309351086616516, 0.08476436138153076, 4.506597995758057, 0.011946193873882294, 0.0, 0.17072519659996033, 0.028095172718167305, 0.38014838099479675, 0.06831435114145279, 0.2515905499458313, 0.0711701288819313, 0.020294615998864174, 0.018890028819441795, 0.0, 0.0, 14.378626823425293, 2.803253650665283, 4.293847560882568, 8.056614875793457, 0.0, 0.0, 0.06099044531583786, 0.0, 0.0, 0.0, 0.0, 0.0, 0.0, 0.0, 0.0, 0.0, 0.0, 0.0, 0.0, 0.0, 0.0, 0.0, 0.0, 0.0, 0.0, 0.0, 0.0, 0.0, 0.0, 0.0, 0.0, 0.0, 0.0, 0.0, 0.0, 0.03250589966773987, 0.0, 0.0, 0.0, 0.0, 0.0, 0.0, 0.0, 0.0, 0.0, 0.01871214061975479, 0.0, 0.0, 0.0, 0.005833011586219072, 0.0, 0.0], [1.075764775276184, 1.4426844120025635, 0.41044881939888, 0.8311017155647278, 1.0644618272781372, 1.2202098369598389, 0.4207034111022949, 1.0744431018829346, 1.167517900466919, 1.086747169494629, 0.24652330577373505, 0.9490702152252197, 0.931762158870697, 1.441392183303833, 0.4002261757850647, 1.4179896116256714, 0.7911770343780518, 0.6465920805931091, 0.4418891370296478, 0.8040961027145386, 0.6719789505004883, 0.7929518818855286, 0.5492377877235413, 0.9725111126899719, 0.40802592039108276, 0.6667629480361938, 0.29584795236587524, 0.6973900198936462, 0.516903281211853, 0.8763235211372375, 0.4158805012702942, 0.9847411513328552, 1.3960754871368408, 1.3193066120147705, 5.994755744934082, 1.3208503723144531, 1.6337049007415771, 1.484472393989563, 5.186806678771973, 1.894647479057312, 1.8747094869613647, 2.0926201343536377, 5.691276550292969, 1.6776149272918701, 1.3102306127548218, 2.555732011795044, 3.8116564750671387, 2.00597882270813, 0.3463708460330963, 0.619274377822876, 0.4896335005760193, 0.37533310055732727, 0.1688738465309143, 0.7055004239082336, 0.7534658908843994, 0.5550703406333923, 0.20504477620124817, 0.43424779176712036, 0.4032760262489319, 0.29675960540771484, 0.33306142687797546, 0.31920042634010315, 0.2715570628643036, 0.39298298954963684, 0.8160403370857239, 0.6641746759414673, 1.1252483129501343, 1.1134780645370483, 0.4216341972351074, 0.84754478931427, 0.9471666216850281, 0.9207102060317993, 1.063178300857544, 0.5534740686416626, 0.8868693113327026, 0.6825078725814819, 0.6034850478172302, 0.7785888314247131, 0.5689701437950134, 0.5173555612564087, 0.17694498598575592, 0.1784115582704544, 0.3027893602848053, 0.2529195249080658, 0.17451046407222748, 0.3206033706665039, 0.5949974060058594, 0.6082668304443359, 0.18311777710914612, 0.27008938789367676, 0.43171927332878113, 0.22982357442378998, 0.23784226179122925, 0.31960198283195496, 0.2952842712402344, 0.4613158404827118]]
Time 1334.5454659461975
