Created graph
[-7.0, -5, -3.0]
[-4.0, -3.0, -2.0]
[-4.5, -4.0, -3.5]
[-4.75, -4.5, -4.25]
[-4.625, -4.5, -4.375]
[-4.4375, -4.375, -4.3125]
1000 3 200
Score: 76.74171
Signatures: [[0.13182011246681213, 0.2511061131954193, 0.06542294472455978, 0.09038273245096207, 0.12019459903240204, 0.0, 0.0580972395837307, 0.126429945230484, 0.0, 0.034246958792209625, 0.06951304525136948, 0.11643483489751816, 1.5380014181137085, 0.7190896272659302, 0.11168957501649857, 0.7834349870681763, 0.19079315662384033, 0.1784810870885849, 0.1707499921321869, 0.16675172746181488, 0.26848530769348145, 0.05960344523191452, 0.0, 0.4053192436695099, 0.09909208863973618, 0.07472872734069824, 0.06489255279302597, 0.2488126903772354, 10.021344184875488, 3.4497647285461426, 0.8683525919914246, 10.806318283081055, 0.29898446798324585, 0.06725196540355682, 0.05256324261426926, 0.10823354125022888, 0.49803978204727173, 0.07264415919780731, 0.0, 0.2285996824502945, 0.20133253931999207, 0.0, 0.0, 0.3218383491039276, 6.097161769866943, 1.939542531967163, 0.8424972295761108, 1.6701045036315918, 0.0, 0.03022773005068302, 0.06801365315914154, 0.0, 0.15399795770645142, 0.00344059057533741, 0.04306153208017349, 0.11510387063026428, 0.04246068000793457, 0.030780969187617302, 0.03508420288562775, 0.04148445650935173, 0.0, 0.041764818131923676, 0.04136577248573303, 0.03294862061738968, 0.07508130371570587, 0.06816882640123367, 0.16720667481422424, 0.11972124874591827, 0.0, 0.15742334723472595, 0.016317274421453476, 0.11427996307611465, 0.0, 0.016822025179862976, 0.0, 0.15044395625591278, 0.02620118483901024, 0.08249330520629883, 0.014614241197705269, 0.0, 0.0, 0.013283602893352509, 0.04277472943067551, 0.030910639092326164, 0.023440320044755936, 0.04744367301464081, 0.007396298460662365, 0.11298473924398422, 0.03219590708613396, 0.0, 0.023793309926986694, 0.07748697698116302, 0.014871361665427685, 0.0, 0.1329530030488968, 0.07004089653491974], [0.0, 0.0, 0.0, 0.0, 0.0, 0.0, 0.0, 0.0, 0.0, 0.0, 0.0, 0.0, 0.9485654830932617, 0.2078818678855896, 0.277203232049942, 0.3689157962799072, 0.0, 0.0, 0.0, 0.0, 0.0, 0.0, 0.0, 0.0, 0.0, 0.0, 0.0, 0.0, 2.2952158451080322, 0.6297468543052673, 0.10568564385175705, 5.017683982849121, 0.012122721411287785, 0.0, 0.15301097929477692, 0.027414795011281967, 0.3970056474208832, 0.06749486178159714, 0.24807867407798767, 0.07212425023317337, 0.01846371218562126, 0.014717265963554382, 0.0, 0.0, 15.375109672546387, 3.004783868789673, 4.525660037994385, 8.5729341506958, 0.0, 0.0, 0.06253635883331299, 0.0, 0.0, 0.0, 0.0, 0.0, 0.0, 0.0, 0.0, 0.0, 0.0, 0.0, 0.0, 0.0, 0.0, 0.0, 0.0, 0.0, 0.0, 0.0, 0.0, 0.0, 0.0, 0.0, 0.0, 0.0, 0.0, 0.0, 0.0, 0.03305427357554436, 0.0, 0.0, 0.0, 0.0, 0.0, 0.0, 0.0, 0.0, 0.0, 0.019191093742847443, 0.0, 0.0, 0.0, 0.005165666341781616, 0.0, 0.0], [1.11838698387146, 1.499403953552246, 0.42596718668937683, 0.8638222217559814, 1.1063252687454224, 1.2649948596954346, 0.43788260221481323, 1.1166058778762817, 1.2079490423202515, 1.1285828351974487, 0.257423996925354, 0.9868322610855103, 0.9720936417579651, 1.5028939247131348, 0.4165742099285126, 1.4763325452804565, 0.8226622939109802, 0.6719689965248108, 0.45908042788505554, 0.8354641199111938, 0.6971917152404785, 0.823271632194519, 0.5708369016647339, 1.0115801095962524, 0.424682080745697, 0.6930141448974609, 0.3070760667324066, 0.7247413992881775, 0.5668380856513977, 0.9192780256271362, 0.43660885095596313, 1.0531200170516968, 1.4539432525634766, 1.3730354309082031, 6.223540782928467, 1.3707983493804932, 1.701546311378479, 1.5453234910964966, 5.399000644683838, 1.972011685371399, 1.9496959447860718, 2.1703712940216064, 5.9111199378967285, 1.7451117038726807, 1.3820573091506958, 2.662489414215088, 3.965667247772217, 2.0800998210906982, 0.35822242498397827, 0.6444482803344727, 0.5104423761367798, 0.3902431130409241, 0.17531946301460266, 0.7326025366783142, 0.7839938402175903, 0.5755822062492371, 0.21356110274791718, 0.45182982087135315, 0.4192582964897156, 0.3090232014656067, 0.3449389636516571, 0.3325105309486389, 0.28251612186431885, 0.40691304206848145, 0.8475679755210876, 0.6890209317207336, 1.1711126565933228, 1.1594945192337036, 0.43739354610443115, 0.8783097267150879, 0.9825196862220764, 0.9544251561164856, 1.099820852279663, 0.5738133788108826, 0.9188939332962036, 0.7087264657020569, 0.6255009174346924, 0.8067989349365234, 0.5890605449676514, 0.5380106568336487, 0.18407893180847168, 0.18524762988090515, 0.3146992623806, 0.2633364200592041, 0.1811210960149765, 0.3334510028362274, 0.6170583367347717, 0.6315966844558716, 0.190346822142601, 0.28112661838531494, 0.44825392961502075, 0.23875588178634644, 0.2472044676542282, 0.33177223801612854, 0.3076600730419159, 0.48002323508262634]]
Time 614.60981965065
