Created graph
[-7.0, -5, -3.0]
[-6.0, -5, -4.0]
[-4.5, -4.0, -3.5]
[-4.75, -4.5, -4.25]
[-4.625, -4.5, -4.375]
[-4.4375, -4.375, -4.3125]
10 3 100
Score: 77.22191
Signatures: [[0.12437094748020172, 0.23680302500724792, 0.06094352528452873, 0.08573657274246216, 0.11497356742620468, 0.0, 0.055529024451971054, 0.1207640990614891, 0.0, 0.03411637619137764, 0.065472312271595, 0.11142095923423767, 1.4379948377609253, 0.6754682660102844, 0.10046590864658356, 0.7266330718994141, 0.1799672693014145, 0.16729329526424408, 0.1592843234539032, 0.15712431073188782, 0.2510206997394562, 0.05610625073313713, 0.0, 0.379728227853775, 0.09380906820297241, 0.07127776741981506, 0.06091685965657234, 0.23292528092861176, 9.483231544494629, 3.255298376083374, 0.8226973414421082, 10.151398658752441, 0.2824026346206665, 0.06614670902490616, 0.03613821417093277, 0.10172493010759354, 0.45239096879959106, 0.06763187795877457, 0.0, 0.21490837633609772, 0.1902814507484436, 0.0, 0.0, 0.303689181804657, 5.46602725982666, 1.7696760892868042, 0.6708469986915588, 1.3865665197372437, 0.0, 0.029985003173351288, 0.061627667397260666, 0.0, 0.1434004008769989, 0.004062906838953495, 0.04259325936436653, 0.1071033701300621, 0.040382467210292816, 0.030766095966100693, 0.03363993763923645, 0.03927941247820854, 0.0, 0.04002002254128456, 0.039361752569675446, 0.03080582246184349, 0.0708155706524849, 0.06441032886505127, 0.15794706344604492, 0.11610285192728043, 0.0, 0.14690452814102173, 0.0163311455398798, 0.10655341297388077, 0.0, 0.015899501740932465, 0.0, 0.14201760292053223, 0.025394685566425323, 0.0769854262471199, 0.014175711199641228, 0.0, 0.0, 0.012569437734782696, 0.04045773297548294, 0.029289864003658295, 0.022029312327504158, 0.044844307005405426, 0.007892868481576443, 0.1057574525475502, 0.03020019270479679, 0.0, 0.022775322198867798, 0.07199585437774658, 0.014517832547426224, 0.0, 0.12455878406763077, 0.06601884961128235], [0.0, 0.0, 0.0, 0.0, 0.0, 0.0, 0.0, 0.0, 0.0, 0.0, 0.0, 0.0, 0.8661512136459351, 0.18899862468242645, 0.2602442800998688, 0.34433725476264954, 0.0, 0.0, 0.0, 0.0, 0.0, 0.0, 0.0, 0.0, 0.0, 0.0, 0.0, 0.0, 1.9603400230407715, 0.5308319926261902, 0.08474813401699066, 4.5061798095703125, 0.011947456747293472, 0.0, 0.17070980370044708, 0.02809087745845318, 0.38011983036994934, 0.06830739974975586, 0.2515900433063507, 0.07115413248538971, 0.020291151478886604, 0.01889364793896675, 0.0, 0.0, 14.377806663513184, 2.8031225204467773, 4.293626308441162, 8.056324005126953, 0.0, 0.0, 0.06098400801420212, 0.0, 0.0, 0.0, 0.0, 0.0, 0.0, 0.0, 0.0, 0.0, 0.0, 0.0, 0.0, 0.0, 0.0, 0.0, 0.0, 0.0, 0.0, 0.0, 0.0, 0.0, 0.0, 0.0, 0.0, 0.0, 0.0, 0.0, 0.0, 0.032505203038454056, 0.0, 0.0, 0.0, 0.0, 0.0, 0.0, 0.0, 0.0, 0.0, 0.018712909892201424, 0.0, 0.0, 0.0, 0.005833168048411608, 0.0, 0.0], [1.0757434368133545, 1.4426523447036743, 0.410439670085907, 0.8310828804969788, 1.0644458532333374, 1.2201865911483765, 0.4206986725330353, 1.0744248628616333, 1.1675019264221191, 1.0867267847061157, 0.24651780724525452, 0.949048638343811, 0.9317435026168823, 1.4413636922836304, 0.40021878480911255, 1.4179620742797852, 0.7911573648452759, 0.6465800404548645, 0.44188153743743896, 0.8040779829025269, 0.6719685792922974, 0.7929309606552124, 0.5492290258407593, 0.9724900126457214, 0.40801915526390076, 0.6667504906654358, 0.2958419919013977, 0.6973846554756165, 0.516890823841095, 0.8763086199760437, 0.4158715307712555, 0.9847168326377869, 1.396048903465271, 1.319279670715332, 5.994658946990967, 1.3208221197128296, 1.6336766481399536, 1.4844461679458618, 5.18672513961792, 1.8946138620376587, 1.8746790885925293, 2.0925838947296143, 5.69119119644165, 1.6775891780853271, 1.3102537393569946, 2.555684804916382, 3.811596155166626, 2.005974531173706, 0.3463653326034546, 0.6192636489868164, 0.48962461948394775, 0.3753276467323303, 0.1688719540834427, 0.7054851055145264, 0.7534501552581787, 0.5550549626350403, 0.20504069328308105, 0.43423882126808167, 0.40326645970344543, 0.29675254225730896, 0.33305755257606506, 0.3191945254802704, 0.2715526521205902, 0.3929785490036011, 0.8160265684127808, 0.6641622185707092, 1.1252293586730957, 1.1134551763534546, 0.42162784934043884, 0.8475343585014343, 0.9471518993377686, 0.9206969738006592, 1.0631649494171143, 0.5534664988517761, 0.8868621587753296, 0.6824959516525269, 0.6034765839576721, 0.7785798907279968, 0.5689646601676941, 0.5173478126525879, 0.17694179713726044, 0.1784072369337082, 0.3027874231338501, 0.252914696931839, 0.17450854182243347, 0.320598840713501, 0.594987690448761, 0.6082583665847778, 0.183116152882576, 0.27008378505706787, 0.43171170353889465, 0.2298220694065094, 0.2378365844488144, 0.3195987045764923, 0.29527798295021057, 0.4613087773323059]]
Time 1337.1949253082275
