Created graph
[-7.0, -5, -3.0]
[-4.0, -3.0, -2.0]
[-4.5, -4.0, -3.5]
[-4.25, -4.0, -3.75]
[-4.375, -4.25, -4.125]
[-4.4375, -4.375, -4.3125]
5000 3 5
Score: 76.13472
Signatures: [[0.13558392226696014, 0.2842768430709839, 0.07029454410076141, 0.0951748937368393, 0.12532170116901398, 0.0, 0.05520499125123024, 0.13132500648498535, 0.0, 0.024630239233374596, 0.07690097391605377, 0.11965899914503098, 1.8623028993606567, 0.8556264042854309, 0.1459326297044754, 1.0052192211151123, 0.20951713621616364, 0.20146015286445618, 0.1905791163444519, 0.17857782542705536, 0.3121088743209839, 0.0524679496884346, 0.0, 0.4688870906829834, 0.11209970712661743, 0.07028728723526001, 0.06914766132831573, 0.2738775610923767, 11.581990242004395, 4.056703567504883, 0.979852557182312, 12.760699272155762, 0.34433192014694214, 0.05687245726585388, 0.07720313966274261, 0.1255803108215332, 0.6656535267829895, 0.09402117133140564, 0.0, 0.2779077887535095, 0.22075071930885315, 0.0, 0.0, 0.35053765773773193, 8.19027328491211, 2.5245871543884277, 1.3875843286514282, 2.5844688415527344, 0.0, 0.024886248633265495, 0.09471775591373444, 0.0, 0.18644052743911743, 0.0, 0.03220600262284279, 0.13247475028038025, 0.045533645898103714, 0.027029847726225853, 0.03334646672010422, 0.04520196095108986, 0.0, 0.044173888862133026, 0.03770073130726814, 0.03449755907058716, 0.07624155282974243, 0.07532069832086563, 0.19163697957992554, 0.12565991282463074, 0.0, 0.17921514809131622, 0.006562469527125359, 0.1221831664443016, 0.0, 0.01826985739171505, 0.0, 0.16916240751743317, 0.027845479547977448, 0.08036817610263824, 0.017439959570765495, 0.0, 0.0, 0.010608148761093616, 0.044354148209095, 0.02981536276638508, 0.022698285058140755, 0.05112987011671066, 0.002433814574033022, 0.12679558992385864, 0.03293071314692497, 0.0, 0.0221517663449049, 0.09076827764511108, 0.013586792163550854, 0.0, 0.1499377340078354, 0.07781382650136948], [0.0, 0.0, 0.0, 0.0, 0.0, 0.0, 0.0, 0.0, 0.0, 0.0, 0.0, 0.0, 1.1738605499267578, 0.24397017061710358, 0.3238319158554077, 0.3968898057937622, 0.0, 0.0, 0.0, 0.0, 0.0, 0.0, 0.0, 0.0, 0.0, 0.0, 0.0, 0.0, 3.371412992477417, 0.9272952079772949, 0.1864294707775116, 6.584811210632324, 0.0014684898778796196, 0.0, 0.07521659880876541, 0.016898540779948235, 0.3918958008289337, 0.042214829474687576, 0.1883249431848526, 0.052408840507268906, 0.006411593407392502, 0.0, 0.0, 0.0, 18.078977584838867, 3.4946186542510986, 5.135638236999512, 9.9453706741333, 0.0, 0.0, 0.056217022240161896, 0.0, 0.0, 0.0, 0.0, 0.0, 0.0, 0.0, 0.0, 0.0, 0.0, 0.0, 0.0, 0.0, 0.0, 0.0, 0.0, 0.0, 0.0, 0.0, 0.0, 0.0, 0.0, 0.0, 0.0, 0.0, 0.0, 0.0, 0.0, 0.02973463572561741, 0.0, 0.0, 0.0, 0.0, 0.0, 0.0, 0.0, 0.0, 0.0, 0.016913775354623795, 0.0, 0.0, 0.0, 0.0006844625459052622, 0.0, 0.0], [1.259750247001648, 1.6887845993041992, 0.4800925552845001, 0.970415472984314, 1.2376389503479004, 1.3981302976608276, 0.4952741265296936, 1.2544333934783936, 1.3213300704956055, 1.2602969408035278, 0.295376181602478, 1.1043188571929932, 1.121508002281189, 1.7166693210601807, 0.46935683488845825, 1.6695361137390137, 0.9316073060035706, 0.7567391991615295, 0.5212799906730652, 0.9454402327537537, 0.7805407047271729, 0.9238858819007874, 0.6372826099395752, 1.1422008275985718, 0.48174920678138733, 0.7822579741477966, 0.3445802628993988, 0.8215120434761047, 0.8525832891464233, 1.1051982641220093, 0.5183154344558716, 1.474334716796875, 1.647811770439148, 1.5466479063034058, 6.920324802398682, 1.5215226411819458, 1.944501519203186, 1.7412645816802979, 6.0551018714904785, 2.2193312644958496, 2.1865882873535156, 2.399156093597412, 6.569594383239746, 1.9635792970657349, 1.8422162532806396, 3.0760791301727295, 4.485148906707764, 2.4349427223205566, 0.3935585021972656, 0.7231749892234802, 0.5769131779670715, 0.435354083776474, 0.19867855310440063, 0.8183698058128357, 0.8851327300071716, 0.6420477032661438, 0.24237723648548126, 0.5046082735061646, 0.471053808927536, 0.34798744320869446, 0.37866318225860596, 0.375380277633667, 0.319708913564682, 0.4518809914588928, 0.9477329254150391, 0.7646740078926086, 1.3126722574234009, 1.3030179738998413, 0.4857901632785797, 0.9717488884925842, 1.0932492017745972, 1.0611379146575928, 1.2025091648101807, 0.6347951292991638, 1.008924961090088, 0.7921654582023621, 0.6873764395713806, 0.897537112236023, 0.6443954706192017, 0.6020839810371399, 0.20583616197109222, 0.20649239420890808, 0.3539758622646332, 0.29908379912376404, 0.20311129093170166, 0.3731050491333008, 0.6867095232009888, 0.7091339230537415, 0.21296142041683197, 0.31718894839286804, 0.5010929107666016, 0.2715221643447876, 0.27647989988327026, 0.3695974051952362, 0.35114890336990356, 0.5412091612815857]]
Time 928.5978167057037
