Created graph
[-7.0, -5, -3.0]
[-6.0, -5, -4.0]
[-4.5, -4.0, -3.5]
[-4.75, -4.5, -4.25]
[-4.625, -4.5, -4.375]
[-4.4375, -4.375, -4.3125]
1 3 100
Score: 77.22992
Signatures: [[0.1242930218577385, 0.23665174841880798, 0.060899488627910614, 0.0856822282075882, 0.1149185299873352, 0.0, 0.0555071085691452, 0.12070707231760025, 0.0, 0.03410983458161354, 0.06543145328760147, 0.1113644689321518, 1.4370774030685425, 0.6750175952911377, 0.10035651922225952, 0.7260712385177612, 0.17986495792865753, 0.16718049347400665, 0.15917091071605682, 0.1570267230272293, 0.250849187374115, 0.05606720596551895, 0.0, 0.37948301434516907, 0.09375788271427155, 0.07124092429876328, 0.06087896227836609, 0.23277680575847626, 9.478182792663574, 3.253465414047241, 0.8222601413726807, 10.145191192626953, 0.2822437286376953, 0.06612888723611832, 0.035955190658569336, 0.10166233032941818, 0.4519572854042053, 0.06757485121488571, 0.0, 0.2147626280784607, 0.19017773866653442, 0.0, 0.0, 0.30350953340530396, 5.459881782531738, 1.7680773735046387, 0.6692025661468506, 1.383867621421814, 0.0, 0.029979951679706573, 0.061565693467855453, 0.0, 0.14329981803894043, 0.004064143635332584, 0.042581308633089066, 0.1070181205868721, 0.04036024957895279, 0.030762767419219017, 0.033624276518821716, 0.039256367832422256, 0.0, 0.04000138118863106, 0.03934584930539131, 0.030787287279963493, 0.07076942920684814, 0.06437255442142487, 0.1578514575958252, 0.11605820059776306, 0.0, 0.1468031406402588, 0.016326619312167168, 0.10647135227918625, 0.0, 0.015887785702943802, 0.0, 0.14193300902843475, 0.02538437582552433, 0.07693426311016083, 0.014172917231917381, 0.0, 0.0, 0.012561201117932796, 0.0404379665851593, 0.029272908344864845, 0.022015035152435303, 0.04481794685125351, 0.007898371666669846, 0.10568565130233765, 0.03018372505903244, 0.0, 0.022763535380363464, 0.0719452053308487, 0.014515027403831482, 0.0, 0.12447645515203476, 0.06597418338060379], [0.0, 0.0, 0.0, 0.0, 0.0, 0.0, 0.0, 0.0, 0.0, 0.0, 0.0, 0.0, 0.8653202652931213, 0.1888357698917389, 0.2600749135017395, 0.3441091775894165, 0.0, 0.0, 0.0, 0.0, 0.0, 0.0, 0.0, 0.0, 0.0, 0.0, 0.0, 0.0, 1.9571081399917603, 0.5298880934715271, 0.08454623818397522, 4.5012407302856445, 0.011937200091779232, 0.0, 0.17087695002555847, 0.02809012494981289, 0.37993836402893066, 0.068311408162117, 0.25158143043518066, 0.07114475965499878, 0.02030172385275364, 0.01892845146358013, 0.0, 0.0, 14.368060111999512, 2.8010916709899902, 4.291304111480713, 8.051131248474121, 0.0, 0.0, 0.060966409742832184, 0.0, 0.0, 0.0, 0.0, 0.0, 0.0, 0.0, 0.0, 0.0, 0.0, 0.0, 0.0, 0.0, 0.0, 0.0, 0.0, 0.0, 0.0, 0.0, 0.0, 0.0, 0.0, 0.0, 0.0, 0.0, 0.0, 0.0, 0.0, 0.0324963815510273, 0.0, 0.0, 0.0, 0.0, 0.0, 0.0, 0.0, 0.0, 0.0, 0.01870628632605076, 0.0, 0.0, 0.0, 0.005838308483362198, 0.0, 0.0], [1.0753438472747803, 1.4421194791793823, 0.4102950394153595, 0.8307796716690063, 1.0640476942062378, 1.2197597026824951, 0.4205337166786194, 1.074023723602295, 1.1671149730682373, 1.086328387260437, 0.24641744792461395, 0.9486958980560303, 0.9313764572143555, 1.4407931566238403, 0.40006744861602783, 1.4174175262451172, 0.790859580039978, 0.64634108543396, 0.4417210817337036, 0.8037849068641663, 0.6717296242713928, 0.7926496863365173, 0.5490220189094543, 0.9721226692199707, 0.4078599810600281, 0.6665021777153015, 0.2957358658313751, 0.69712233543396, 0.516511857509613, 0.8759240508079529, 0.4156873822212219, 0.984171986579895, 1.395505428314209, 1.3187721967697144, 5.992472171783447, 1.320351481437683, 1.6330411434173584, 1.483872652053833, 5.184704303741455, 1.8938835859298706, 1.8739652633666992, 2.0918424129486084, 5.689083099365234, 1.6769496202468872, 1.3097589015960693, 2.5547101497650146, 3.8101818561553955, 2.0053458213806152, 0.3462502956390381, 0.6190250515937805, 0.48942819237709045, 0.37518566846847534, 0.1688084453344345, 0.7052305340766907, 0.753162145614624, 0.5548672676086426, 0.20496077835559845, 0.434074729681015, 0.40311652421951294, 0.2966375946998596, 0.33294373750686646, 0.3190690279006958, 0.27144765853881836, 0.39284390211105347, 0.8157282471656799, 0.6639264822006226, 1.1247942447662354, 1.1130198240280151, 0.42147645354270935, 0.8472407460212708, 0.9468136429786682, 0.9203784465789795, 1.062808632850647, 0.5532732605934143, 0.8865499496459961, 0.6822445392608643, 0.6032657027244568, 0.7783070802688599, 0.5687692165374756, 0.5171504616737366, 0.1768735945224762, 0.17834290862083435, 0.30267179012298584, 0.25281575322151184, 0.17444519698619843, 0.32047590613365173, 0.5947744846343994, 0.6080366373062134, 0.18304544687271118, 0.26997867226600647, 0.4315548241138458, 0.22973547875881195, 0.23774667084217072, 0.3194810450077057, 0.2951609790325165, 0.46113255620002747]]
Time 1334.5899586677551
