Created graph
[-7.0, -5, -3.0]
[-4.0, -3.0, -2.0]
[-4.5, -4.0, -3.5]
[-4.75, -4.5, -4.25]
[-4.375, -4.25, -4.125]
[-4.4375, -4.375, -4.3125]
1000 4 200
Score: 73.43479
Signatures: [[1.2459362745285034, 1.609224557876587, 0.4874545931816101, 0.8955323696136475, 1.137802243232727, 1.1849080324172974, 0.40018513798713684, 0.948498010635376, 0.6504356265068054, 1.0084909200668335, 0.24353952705860138, 1.1354113817214966, 1.0527704954147339, 2.1749181747436523, 0.3036588132381439, 2.0045242309570312, 1.063651442527771, 0.9226056933403015, 0.7832260131835938, 1.2572028636932373, 1.1217288970947266, 1.0047152042388916, 0.4046119153499603, 1.6919606924057007, 0.5391643643379211, 0.9184651970863342, 0.4442814588546753, 1.244095802307129, 3.2103190422058105, 2.620722532272339, 0.5935990214347839, 5.087327003479004, 1.2963998317718506, 0.9449172616004944, 0.7183933854103088, 0.8961169719696045, 1.4168484210968018, 0.9061245322227478, 0.22116237878799438, 1.566917061805725, 0.9690390229225159, 0.28258273005485535, 0.0, 1.3765939474105835, 1.6964458227157593, 2.9565672874450684, 1.1850099563598633, 0.6767662763595581, 0.22905120253562927, 0.43635281920433044, 0.35290059447288513, 0.16404247283935547, 0.3100097179412842, 0.6818394064903259, 0.777030348777771, 0.8223364949226379, 0.25766125321388245, 0.3435896337032318, 0.3666672110557556, 0.32308149337768555, 0.21418504416942596, 0.29481056332588196, 0.2751163840293884, 0.42669931054115295, 0.5444457530975342, 0.5678696632385254, 0.6538861393928528, 0.9275539517402649, 0.25746065378189087, 0.5836519002914429, 0.7296084761619568, 0.838079035282135, 0.14754201471805573, 0.40189552307128906, 0.0, 0.7121151089668274, 0.20345333218574524, 0.46664878726005554, 0.09939499944448471, 0.2549329102039337, 0.0951027050614357, 0.23688821494579315, 0.42297062277793884, 0.2648219168186188, 0.16913066804409027, 0.36165252327919006, 0.6024030447006226, 0.6897196769714355, 0.1987760066986084, 0.3009657859802246, 0.4111623764038086, 0.3207101821899414, 0.24196478724479675, 0.20259152352809906, 0.45521557331085205, 0.4430886209011078], [0.580314040184021, 0.8259020447731018, 0.21448583900928497, 0.4853161573410034, 0.634911298751831, 0.716012179851532, 0.27524057030677795, 0.7416243553161621, 0.9591529965400696, 0.6834530830383301, 0.16842326521873474, 0.49663516879081726, 0.6908996105194092, 0.6757501363754272, 0.3032826781272888, 0.6965774297714233, 0.38458648324012756, 0.3180186450481415, 0.1384187638759613, 0.29441624879837036, 0.21629121899604797, 0.3550143241882324, 0.3972528278827667, 0.3383345603942871, 0.20697948336601257, 0.2668694853782654, 0.11621560901403427, 0.21891245245933533, 0.005142851732671261, 0.06906302273273468, 0.2631007134914398, 0.0, 0.9671946167945862, 0.990548312664032, 6.473504543304443, 1.0391685962677002, 1.2067028284072876, 1.218778371810913, 5.711193561553955, 1.3703678846359253, 1.6700085401535034, 2.2127881050109863, 6.434850692749023, 1.2818806171417236, 1.0935322046279907, 1.5952990055084229, 3.6387786865234375, 1.9561328887939453, 0.256330281496048, 0.4722197949886322, 0.38128364086151123, 0.3346146047115326, 0.058429133147001266, 0.41966375708580017, 0.43063434958457947, 0.22969135642051697, 0.10690850019454956, 0.3161287307739258, 0.2610945701599121, 0.17356613278388977, 0.2523682415485382, 0.21625757217407227, 0.17197272181510925, 0.20676414668560028, 0.656121551990509, 0.44988709688186646, 0.9774350523948669, 0.8050293326377869, 0.3411060869693756, 0.7174924612045288, 0.6488182544708252, 0.6248119473457336, 1.1431472301483154, 0.4032280147075653, 1.011229395866394, 0.4273228347301483, 0.5895799398422241, 0.67463219165802, 0.5995556116104126, 0.45130619406700134, 0.14782825112342834, 0.07445280253887177, 0.13183021545410156, 0.1534663438796997, 0.1158677190542221, 0.18159160017967224, 0.3483598232269287, 0.35083428025245667, 0.1130635216832161, 0.15217532217502594, 0.2718801498413086, 0.11493425816297531, 0.14085856080055237, 0.24310271441936493, 0.1489856243133545, 0.3091127872467041], [0.0, 0.0, 0.0, 0.0, 0.0, 0.0, 0.0, 0.0, 0.0, 0.0, 0.013685094192624092, 0.0, 0.9585287570953369, 0.4438506066799164, 0.2845744490623474, 0.583629310131073, 0.0, 0.0, 0.0, 0.0, 0.0, 0.0, 0.0, 0.0, 0.0019249389879405499, 0.0, 0.0, 0.0, 2.026768445968628, 0.8851611018180847, 0.08274257928133011, 5.179314613342285, 0.07205577194690704, 0.0, 0.0, 0.020840944722294807, 0.5216484069824219, 0.06350216269493103, 0.11279883235692978, 0.09807926416397095, 0.06835348904132843, 0.026363790035247803, 0.0, 0.01867615431547165, 15.208588600158691, 3.4315288066864014, 4.434018135070801, 8.093016624450684, 0.0, 0.0, 0.07890177518129349, 0.0, 0.0, 0.0, 0.0, 0.0, 0.0, 0.0, 0.0, 0.0, 0.0, 0.0, 0.0, 0.0, 0.0, 0.0, 0.0, 0.0, 0.0, 0.0, 0.0, 0.0, 0.0, 0.0, 0.0, 0.0, 0.0, 0.0, 0.0, 0.021380484104156494, 0.0, 0.0, 0.0, 0.0, 0.0, 0.0, 0.0, 0.0, 0.0, 0.0, 0.0, 0.0, 0.0, 0.0, 0.0, 0.0], [0.0, 0.0, 0.0, 0.0, 0.0, 0.0, 0.0, 0.0, 0.0, 0.0, 0.0, 0.0, 1.375929594039917, 0.0, 0.06013147160410881, 0.07888617366552353, 0.0, 0.0, 0.0, 0.0, 0.0, 0.0, 0.0, 0.0, 0.0, 0.0, 0.0, 0.0, 9.745098114013672, 2.5607762336730957, 0.7820709943771362, 9.639705657958984, 0.0, 0.0, 0.45689594745635986, 0.0, 0.0912352129817009, 0.0, 0.4131922721862793, 0.0, 0.0, 0.0, 0.4464510679244995, 0.0, 6.716336250305176, 0.9595918655395508, 1.1365474462509155, 2.6565990447998047, 0.0, 0.0, 0.0, 0.0, 0.061368536204099655, 0.0, 0.0, 0.0, 0.0, 0.0, 0.0, 0.0, 0.0, 0.0, 0.0, 0.0, 0.0, 0.0, 0.042626213282346725, 0.0, 0.0, 0.023520972579717636, 0.0, 0.0, 0.0, 0.0, 0.03293982893228531, 0.0, 0.0079647870734334, 0.0, 0.02128240093588829, 0.0, 0.0, 0.0, 0.0, 0.0, 0.0, 0.0, 0.0, 0.0, 0.0, 0.0, 0.0, 0.0, 0.0, 0.0, 0.0, 0.0]]
Time 624.6953432559967
