Created graph
[-7.0, -5, -3.0]
[-4.0, -3.0, -2.0]
[-4.5, -4.0, -3.5]
[-4.75, -4.5, -4.25]
[-4.625, -4.5, -4.375]
[-4.4375, -4.375, -4.3125]
1000 3 100
Score: 76.55024
Signatures: [[0.1318536400794983, 0.2516278326511383, 0.06549999862909317, 0.09047576785087585, 0.11998742073774338, 0.0, 0.05796319246292114, 0.12567104399204254, 0.0, 0.03321623429656029, 0.06963513791561127, 0.1155206635594368, 1.538988709449768, 0.7199921011924744, 0.113142229616642, 0.7860039472579956, 0.19059769809246063, 0.17886850237846375, 0.1712331473827362, 0.16686546802520752, 0.2695215344429016, 0.05871618166565895, 0.0, 0.40566936135292053, 0.09900622069835663, 0.07445762306451797, 0.0648280531167984, 0.24908384680747986, 10.029801368713379, 3.455545663833618, 0.8702583909034729, 10.829529762268066, 0.2995431423187256, 0.06692486256361008, 0.05061735957860947, 0.10628946870565414, 0.5010414123535156, 0.07190260291099548, 0.0, 0.22925415635108948, 0.20141100883483887, 0.0, 0.0, 0.3224147856235504, 6.1604323387146, 1.9472311735153198, 0.8546746373176575, 1.7005739212036133, 0.0, 0.02975790575146675, 0.06868695467710495, 0.0, 0.1546022742986679, 0.0031481990590691566, 0.04268977791070938, 0.11527704447507858, 0.04245585948228836, 0.03012038767337799, 0.035043757408857346, 0.04130171984434128, 0.0, 0.04173080623149872, 0.04122099280357361, 0.03268688917160034, 0.07542601972818375, 0.06803787499666214, 0.16813001036643982, 0.11884767562150955, 0.0, 0.1578548401594162, 0.01624472066760063, 0.11471907049417496, 0.0, 0.016750188544392586, 0.0, 0.15053851902484894, 0.026318935677409172, 0.08252977579832077, 0.014373567886650562, 0.0, 0.0, 0.013041538186371326, 0.04268628731369972, 0.030699584633111954, 0.02331549860537052, 0.04749444127082825, 0.007090259809046984, 0.11302012950181961, 0.03228086605668068, 0.0, 0.023523710668087006, 0.07801990211009979, 0.014431402087211609, 0.0, 0.13331247866153717, 0.0702783539891243], [0.0, 0.0, 0.0, 0.0, 0.0, 0.0, 0.0, 0.0, 0.0, 0.0, 0.0, 0.0, 0.9601330757141113, 0.21059003472328186, 0.27840346097946167, 0.37102752923965454, 0.0, 0.0, 0.0, 0.0, 0.0, 0.0, 0.0, 0.0, 0.0, 0.0, 0.0, 0.0, 2.3348488807678223, 0.6397387981414795, 0.10741766542196274, 5.073329925537109, 0.011939136311411858, 0.0, 0.15152256190776825, 0.02875397726893425, 0.39872267842292786, 0.068351611495018, 0.24784299731254578, 0.07210047543048859, 0.018004119396209717, 0.014366933144629002, 0.0, 0.0, 15.479876518249512, 3.0292608737945557, 4.559488773345947, 8.627293586730957, 0.0, 0.0, 0.06255088746547699, 0.0, 0.0, 0.0, 0.0, 0.0, 0.0, 0.0, 0.0, 0.0, 0.0, 0.0, 0.0, 0.0, 0.0, 0.0, 0.0, 0.0, 0.0, 0.0, 0.0, 0.0, 0.0, 0.0, 0.0, 0.0, 0.0, 0.0, 0.0, 0.033163055777549744, 0.0, 0.0, 0.0, 0.0, 0.0, 0.0, 0.0, 0.0, 0.0, 0.01936725713312626, 0.0, 0.0, 0.0, 0.004780679941177368, 0.0, 0.0], [1.1193104982376099, 1.5010137557983398, 0.4264885187149048, 0.8646326065063477, 1.1075111627578735, 1.2662198543548584, 0.4383423924446106, 1.1177258491516113, 1.2079623937606812, 1.130050539970398, 0.2575362026691437, 0.9885098934173584, 0.9739365577697754, 1.5043562650680542, 0.41682395339012146, 1.4789334535598755, 0.8241244554519653, 0.6725994944572449, 0.4595664143562317, 0.8365486264228821, 0.6980272531509399, 0.824435830116272, 0.5712488889694214, 1.0131869316101074, 0.42545393109321594, 0.6940032243728638, 0.30753394961357117, 0.7256361842155457, 0.5687580108642578, 0.9210871458053589, 0.43674707412719727, 1.059111475944519, 1.455186367034912, 1.3742773532867432, 6.22733736038208, 1.3720680475234985, 1.703032374382019, 1.5462089776992798, 5.401679039001465, 1.9736342430114746, 1.9510056972503662, 2.171078681945801, 5.913644313812256, 1.746298909187317, 1.37941312789917, 2.6656856536865234, 3.967041254043579, 2.079395055770874, 0.358485609292984, 0.6450926661491394, 0.5107467770576477, 0.39043405652046204, 0.17543403804302216, 0.7332054376602173, 0.7847663164138794, 0.5762657523155212, 0.21366964280605316, 0.45244699716567993, 0.4196595251560211, 0.30927062034606934, 0.345120906829834, 0.33272650837898254, 0.2827409505844116, 0.4072743058204651, 0.8479477167129517, 0.689590573310852, 1.1714873313903809, 1.1611640453338623, 0.43757277727127075, 0.8788887858390808, 0.9830188751220703, 0.9549854397773743, 1.1000665426254272, 0.5740955471992493, 0.9192041754722595, 0.7095239758491516, 0.6257252097129822, 0.80735182762146, 0.589297890663147, 0.5382036566734314, 0.18411557376384735, 0.1856246292591095, 0.3150995671749115, 0.2638437747955322, 0.18132488429546356, 0.33368828892707825, 0.61794114112854, 0.6324207186698914, 0.19056037068367004, 0.28143516182899475, 0.44909045100212097, 0.23889636993408203, 0.24766013026237488, 0.3320353925228119, 0.3078164756298065, 0.48038724064826965]]
Time 627.0760667324066
