Created graph
[-7.0, -5, -3.0]
[-4.0, -3.0, -2.0]
[-4.5, -4.0, -3.5]
[-4.75, -4.5, -4.25]
[-4.375, -4.25, -4.125]
[-4.4375, -4.375, -4.3125]
5000 4 200
Score: 72.79207
Signatures: [[1.331501841545105, 1.719515085220337, 0.5392871499061584, 0.943253755569458, 1.2237567901611328, 1.2678842544555664, 0.4461064636707306, 1.0242217779159546, 0.7082484364509583, 1.0934157371520996, 0.2825656235218048, 1.25375235080719, 1.2906692028045654, 2.405881404876709, 0.3217413127422333, 2.162543773651123, 1.1622741222381592, 0.9707098603248596, 0.8589739799499512, 1.3597931861877441, 1.2024266719818115, 1.0730040073394775, 0.4383121430873871, 1.8345744609832764, 0.5594964027404785, 1.0082371234893799, 0.4830697476863861, 1.337806224822998, 4.327953338623047, 3.028409957885742, 0.6817710399627686, 6.165046691894531, 1.4464446306228638, 1.0377929210662842, 1.2419813871383667, 1.0025395154953003, 1.5832488536834717, 0.9982248544692993, 0.4707752466201782, 1.745341181755066, 1.1029934883117676, 0.32332396507263184, 0.16361263394355774, 1.5164536237716675, 2.4797608852386475, 3.3261923789978027, 1.5807476043701172, 0.9793083667755127, 0.25623664259910583, 0.4694230854511261, 0.3991800546646118, 0.17980723083019257, 0.3250625431537628, 0.7069186568260193, 0.8161441683769226, 0.8807093501091003, 0.27410706877708435, 0.35613325238227844, 0.3847150206565857, 0.36160650849342346, 0.24375014007091522, 0.31938597559928894, 0.2875310778617859, 0.47515982389450073, 0.6182220578193665, 0.6046068072319031, 0.7063480019569397, 1.0098072290420532, 0.2843398153781891, 0.6529105305671692, 0.8105559945106506, 0.9348545670509338, 0.19072987139225006, 0.4782734215259552, 0.0, 0.7988852262496948, 0.2430720031261444, 0.47440794110298157, 0.09445295482873917, 0.26938119530677795, 0.10509933531284332, 0.25687748193740845, 0.45955052971839905, 0.2952924370765686, 0.1798093318939209, 0.40919649600982666, 0.6241563558578491, 0.7506085634231567, 0.20725445449352264, 0.30990302562713623, 0.4389480948448181, 0.3536492586135864, 0.2704831063747406, 0.25004979968070984, 0.46512484550476074, 0.5035487413406372], [0.7269740104675293, 1.027651309967041, 0.25949567556381226, 0.6012850403785706, 0.7664209008216858, 0.8603112697601318, 0.3236878514289856, 0.8763231635093689, 1.0785192251205444, 0.810548722743988, 0.19785381853580475, 0.5972800850868225, 0.7702441811561584, 0.8697227835655212, 0.3638198673725128, 0.9009302854537964, 0.4810412526130676, 0.41530588269233704, 0.19286459684371948, 0.392524778842926, 0.31930655241012573, 0.4601205885410309, 0.46695461869239807, 0.4757244288921356, 0.2739568054676056, 0.3414509892463684, 0.1507927030324936, 0.318568617105484, 0.0, 0.15240301191806793, 0.3209361135959625, 0.0, 1.1416651010513306, 1.1522129774093628, 6.959443092346191, 1.1800098419189453, 1.42344069480896, 1.4112341403961182, 6.31633186340332, 1.601832389831543, 1.8918405771255493, 2.4440958499908447, 7.0710129737854, 1.4912313222885132, 1.2417722940444946, 1.943210482597351, 4.089682102203369, 2.2002687454223633, 0.2867682874202728, 0.5515972971916199, 0.4468633234500885, 0.38061535358428955, 0.08425580710172653, 0.5191269516944885, 0.5390308499336243, 0.29999908804893494, 0.13654984533786774, 0.3775077164173126, 0.3187558948993683, 0.20701517164707184, 0.2819025218486786, 0.2587016522884369, 0.21398870646953583, 0.24460047483444214, 0.7420544028282166, 0.5372570157051086, 1.1279722452163696, 0.9488293528556824, 0.3866010904312134, 0.802821159362793, 0.7482259273529053, 0.7181134223937988, 1.2349549531936646, 0.4430520236492157, 1.1088181734085083, 0.4983948767185211, 0.6438334584236145, 0.7714551687240601, 0.6649736166000366, 0.5211039781570435, 0.16994218528270721, 0.09572233259677887, 0.16782857477664948, 0.18295688927173615, 0.13875076174736023, 0.214554101228714, 0.43034228682518005, 0.4279477596282959, 0.14104357361793518, 0.19409902393817902, 0.3274787664413452, 0.14492522180080414, 0.16476458311080933, 0.26153644919395447, 0.20195505023002625, 0.35929009318351746], [0.0, 0.0, 0.0, 0.0, 0.0, 0.0, 0.0, 0.0, 0.0, 0.0, 0.010929488576948643, 0.0, 1.2652240991592407, 0.5393504500389099, 0.3155851662158966, 0.6399688124656677, 0.0, 0.0, 0.0, 0.0, 0.0, 0.0, 0.0, 0.0, 0.004368540830910206, 0.0, 0.0, 0.0, 3.1916327476501465, 1.211949110031128, 0.13406290113925934, 6.902309894561768, 0.06958135962486267, 0.0, 0.0, 0.012871459126472473, 0.5411691665649414, 0.05317171290516853, 0.105195552110672, 0.09011947363615036, 0.0486704558134079, 0.0025531097780913115, 0.0, 0.004364784806966782, 18.42953109741211, 4.026321887969971, 5.131424903869629, 9.607606887817383, 0.0, 0.0, 0.08459686487913132, 0.0, 0.0, 0.0, 0.0, 0.0, 0.0, 0.0, 0.0, 0.0, 0.0, 0.0, 0.0, 0.0, 0.0, 0.0, 0.0, 0.0, 0.0, 0.0, 0.0, 0.0, 0.0, 0.0, 0.0, 0.0, 0.0, 0.0, 0.0, 0.020126983523368835, 0.0, 0.0, 0.0, 0.0, 0.0, 0.0, 0.0, 0.0, 0.0, 0.0011606563348323107, 0.0, 0.0, 0.0, 0.0, 0.0, 0.0], [0.0, 0.0, 0.0, 0.0, 0.0, 0.0, 0.0, 0.0, 0.0, 0.0, 0.0, 0.0, 1.597414255142212, 0.0, 0.12118220329284668, 0.22491395473480225, 0.0, 0.0, 0.0, 0.0, 0.0, 0.0, 0.0, 0.0, 0.0, 0.0, 0.0, 0.0, 11.0288724899292, 3.058279037475586, 0.922645092010498, 11.463640213012695, 0.0, 0.0, 0.3296164274215698, 0.0, 0.22125640511512756, 0.0, 0.34837257862091064, 0.0, 0.0029741276521235704, 0.0, 0.3634628653526306, 0.001998723717406392, 8.768485069274902, 1.4891045093536377, 1.6877838373184204, 3.8026154041290283, 0.0, 0.0, 0.0, 0.0, 0.08807432651519775, 0.0, 0.0, 0.0, 0.0, 0.0, 0.0, 0.0, 0.0, 0.0, 0.0, 0.0, 0.0, 0.0, 0.054960574954748154, 0.0, 0.0, 0.026827475056052208, 0.0, 0.0, 0.0, 0.0, 0.036764826625585556, 0.0, 0.002753902692347765, 0.006110465619713068, 0.027902057394385338, 0.0, 0.0, 0.0, 0.0, 0.0, 0.0, 0.0, 0.0, 0.0, 0.0, 0.0, 0.0, 0.0, 0.0, 0.0, 0.006903525907546282, 0.0]]
Time 942.6571774482727
