Created graph
[-7.0, -5, -3.0]
[-6.0, -5, -4.0]
[-4.5, -4.0, -3.5]
[-4.75, -4.5, -4.25]
[-4.625, -4.5, -4.375]
[-4.4375, -4.375, -4.3125]
10 3 25
Score: 77.22433
Signatures: [[0.12437814474105835, 0.23680995404720306, 0.06094750761985779, 0.08574075251817703, 0.11498583108186722, 0.0, 0.055531200021505356, 0.12077268213033676, 0.0, 0.034118782728910446, 0.0654742568731308, 0.11142672598361969, 1.4379639625549316, 0.6754756569862366, 0.10046359151601791, 0.7266071438789368, 0.17997276782989502, 0.16730239987373352, 0.15929436683654785, 0.15713293850421906, 0.25103384256362915, 0.05611700937151909, 0.0, 0.3797437250614166, 0.09381020814180374, 0.07128288596868515, 0.06092216074466705, 0.23294447362422943, 9.483037948608398, 3.2552592754364014, 0.8227031826972961, 10.151034355163574, 0.2824195921421051, 0.06615273654460907, 0.03614506870508194, 0.10173434764146805, 0.4524126350879669, 0.06765376031398773, 0.0, 0.2149374634027481, 0.19032181799411774, 0.0, 0.0, 0.3036966323852539, 5.465582370758057, 1.769690752029419, 0.6707664728164673, 1.3864322900772095, 0.0, 0.029988732188940048, 0.06162763014435768, 0.0, 0.143403097987175, 0.0040636733174324036, 0.04259307309985161, 0.10710964351892471, 0.04038473591208458, 0.030769124627113342, 0.033641304820775986, 0.03928252309560776, 0.0, 0.04002116993069649, 0.039369288831949234, 0.030813202261924744, 0.0708237737417221, 0.06441555172204971, 0.15794509649276733, 0.11611883342266083, 0.0, 0.14691296219825745, 0.016340022906661034, 0.10656603425741196, 0.0, 0.01590285636484623, 0.0, 0.14202606678009033, 0.025401124730706215, 0.07699795812368393, 0.014178871177136898, 0.0, 0.0, 0.01257388200610876, 0.04046342149376869, 0.029293032363057137, 0.022032318636775017, 0.044849008321762085, 0.007899192161858082, 0.10576847940683365, 0.030206628143787384, 0.0, 0.022778773680329323, 0.07200241833925247, 0.014519116841256618, 0.0, 0.12456493824720383, 0.06602202355861664], [0.0, 0.0, 0.0, 0.0, 0.0, 0.0, 0.0, 0.0, 0.0, 0.0, 0.0, 0.0, 0.8661961555480957, 0.1889955699443817, 0.2602529227733612, 0.3443649113178253, 0.0, 0.0, 0.0, 0.0, 0.0, 0.0, 0.0, 0.0, 0.0, 0.0, 0.0, 0.0, 1.9606343507766724, 0.5308869481086731, 0.08474702388048172, 4.506642818450928, 0.011933314613997936, 0.0, 0.17071451246738434, 0.028076613321900368, 0.38010987639427185, 0.0682874321937561, 0.2516085207462311, 0.07112758606672287, 0.0202613715082407, 0.0188798476010561, 0.0, 0.0, 14.378540992736816, 2.8031535148620605, 4.293801784515381, 8.056581497192383, 0.0, 0.0, 0.060985151678323746, 0.0, 0.0, 0.0, 0.0, 0.0, 0.0, 0.0, 0.0, 0.0, 0.0, 0.0, 0.0, 0.0, 0.0, 0.0, 0.0, 0.0, 0.0, 0.0, 0.0, 0.0, 0.0, 0.0, 0.0, 0.0, 0.0, 0.0, 0.0, 0.032502416521310806, 0.0, 0.0, 0.0, 0.0, 0.0, 0.0, 0.0, 0.0, 0.0, 0.01870904676616192, 0.0, 0.0, 0.0, 0.005832985509186983, 0.0, 0.0], [1.0757392644882202, 1.4426449537277222, 0.41043931245803833, 0.83107990026474, 1.0644335746765137, 1.2201838493347168, 0.4206980764865875, 1.0744186639785767, 1.1674973964691162, 1.086722493171692, 0.24651655554771423, 0.9490460753440857, 0.9317438006401062, 1.4413541555404663, 0.4002136290073395, 1.4179555177688599, 0.7911535501480103, 0.6465716361999512, 0.4418755769729614, 0.8040754795074463, 0.6719564199447632, 0.7929303646087646, 0.5492253303527832, 0.9724764823913574, 0.4080159664154053, 0.666747510433197, 0.29583990573883057, 0.6973696947097778, 0.516848087310791, 0.8762895464897156, 0.41586560010910034, 0.9846652746200562, 1.3960351943969727, 1.3192616701126099, 5.994614124298096, 1.3208273649215698, 1.6336650848388672, 1.484437346458435, 5.186675548553467, 1.8945982456207275, 1.8746641874313354, 2.0925776958465576, 5.691136360168457, 1.6775707006454468, 1.310307264328003, 2.555675983428955, 3.811577796936035, 2.0060055255889893, 0.34636440873146057, 0.6192577481269836, 0.4896208643913269, 0.3753240406513214, 0.16886790096759796, 0.7054855823516846, 0.7534509897232056, 0.5550566911697388, 0.20503805577754974, 0.4342360496520996, 0.4032648205757141, 0.2967492640018463, 0.33305588364601135, 0.3191918134689331, 0.2715482711791992, 0.39297181367874146, 0.8160187005996704, 0.6641566753387451, 1.1252171993255615, 1.1134421825408936, 0.4216248095035553, 0.847525417804718, 0.9471386075019836, 0.9206860661506653, 1.063157081604004, 0.5534643530845642, 0.8868526816368103, 0.6824859380722046, 0.6034655570983887, 0.7785658240318298, 0.5689595937728882, 0.5173450708389282, 0.1769399791955948, 0.178403839468956, 0.30278119444847107, 0.2529100477695465, 0.17450563609600067, 0.3205939829349518, 0.5949817895889282, 0.608248233795166, 0.18311163783073425, 0.2700856029987335, 0.4317083954811096, 0.22981512546539307, 0.23783501982688904, 0.31959864497184753, 0.2952739894390106, 0.46130192279815674]]
Time 1334.6649854183197
