Created graph
[-7.0, -5, -3.0]
[-6.0, -5, -4.0]
[-4.5, -4.0, -3.5]
[-4.75, -4.5, -4.25]
[-4.625, -4.5, -4.375]
[-4.4375, -4.375, -4.3125]
1 3 5
Score: 77.229034
Signatures: [[0.1242951825261116, 0.23665453493595123, 0.06090078502893448, 0.08568500727415085, 0.11491858214139938, 0.0, 0.05550789088010788, 0.12070747464895248, 0.0, 0.034111712127923965, 0.06543105095624924, 0.11136730015277863, 1.4370664358139038, 0.6750161647796631, 0.10035455226898193, 0.7260781526565552, 0.1798662692308426, 0.16718031466007233, 0.15917101502418518, 0.15702711045742035, 0.25084802508354187, 0.05606943741440773, 0.0, 0.3794820010662079, 0.09375827759504318, 0.07124167680740356, 0.060879454016685486, 0.23277580738067627, 9.478133201599121, 3.2534472942352295, 0.8222542405128479, 10.145116806030273, 0.28224486112594604, 0.06613121181726456, 0.0359623022377491, 0.10166480392217636, 0.4519599378108978, 0.06757821887731552, 0.0, 0.21476268768310547, 0.19017678499221802, 0.0, 0.0, 0.3035086393356323, 5.459807395935059, 1.7680541276931763, 0.669177770614624, 1.38384211063385, 0.0, 0.029980752617120743, 0.06156725436449051, 0.0, 0.14329899847507477, 0.004065525718033314, 0.042582303285598755, 0.10701892524957657, 0.04035954922437668, 0.03076339140534401, 0.03362525254487991, 0.03925654664635658, 0.0, 0.040001146495342255, 0.03934504836797714, 0.03078761324286461, 0.07076957821846008, 0.06437236070632935, 0.15785221755504608, 0.11605875194072723, 0.0, 0.1468031406402588, 0.016326839104294777, 0.1064702644944191, 0.0, 0.015887929126620293, 0.0, 0.14193323254585266, 0.025384411215782166, 0.07693371921777725, 0.014172724448144436, 0.0, 0.0, 0.012561327777802944, 0.04043762758374214, 0.02927314303815365, 0.022015172988176346, 0.04481791704893112, 0.007899153046309948, 0.10568583011627197, 0.03018403798341751, 0.0, 0.02276453748345375, 0.0719452053308487, 0.014515501447021961, 0.0, 0.12447641789913177, 0.06597411632537842], [0.0, 0.0, 0.0, 0.0, 0.0, 0.0, 0.0, 0.0, 0.0, 0.0, 0.0, 0.0, 0.8653226494789124, 0.18883438408374786, 0.2600748538970947, 0.3441036641597748, 0.0, 0.0, 0.0, 0.0, 0.0, 0.0, 0.0, 0.0, 0.0, 0.0, 0.0, 0.0, 1.9571045637130737, 0.529889702796936, 0.08454810082912445, 4.501254081726074, 0.011935943737626076, 0.0, 0.17086629569530487, 0.028088783845305443, 0.3799322843551636, 0.068309485912323, 0.25157222151756287, 0.07114528864622116, 0.020300770178437233, 0.018927501514554024, 0.0, 0.0, 14.368013381958008, 2.8010942935943604, 4.291301727294922, 8.051119804382324, 0.0, 0.0, 0.06096507981419563, 0.0, 0.0, 0.0, 0.0, 0.0, 0.0, 0.0, 0.0, 0.0, 0.0, 0.0, 0.0, 0.0, 0.0, 0.0, 0.0, 0.0, 0.0, 0.0, 0.0, 0.0, 0.0, 0.0, 0.0, 0.0, 0.0, 0.0, 0.0, 0.0324958972632885, 0.0, 0.0, 0.0, 0.0, 0.0, 0.0, 0.0, 0.0, 0.0, 0.018706651404500008, 0.0, 0.0, 0.0, 0.005837838631123304, 0.0, 0.0], [1.0753428936004639, 1.4421192407608032, 0.41029131412506104, 0.8307756185531616, 1.0640475749969482, 1.2197554111480713, 0.4205332398414612, 1.0740230083465576, 1.1671159267425537, 1.0863277912139893, 0.246418759226799, 0.9486877918243408, 0.9313734769821167, 1.4407941102981567, 0.4000684916973114, 1.4174102544784546, 0.7908557653427124, 0.6463419795036316, 0.4417193830013275, 0.8037834167480469, 0.6717314124107361, 0.7926449179649353, 0.5490232110023499, 0.9721226096153259, 0.40785932540893555, 0.666501522064209, 0.2957344651222229, 0.6971228718757629, 0.5165051817893982, 0.8759226202964783, 0.4156869351863861, 0.9841594696044922, 1.395506739616394, 1.3187713623046875, 5.9925031661987305, 1.3203505277633667, 1.6330451965332031, 1.4838709831237793, 5.18472957611084, 1.8938828706741333, 1.8739711046218872, 2.0918447971343994, 5.689113140106201, 1.676956295967102, 1.3097527027130127, 2.554715871810913, 3.810182809829712, 2.0053391456604004, 0.34625065326690674, 0.6190244555473328, 0.4894281327724457, 0.3751857578754425, 0.1688098907470703, 0.7052266597747803, 0.7531610131263733, 0.5548632740974426, 0.20496252179145813, 0.4340730309486389, 0.40311431884765625, 0.2966378927230835, 0.33294394612312317, 0.3190697133541107, 0.27144864201545715, 0.39284422993659973, 0.8157289028167725, 0.6639270186424255, 1.1247984170913696, 1.1130218505859375, 0.4214777946472168, 0.8472412824630737, 0.946816623210907, 0.9203814268112183, 1.06281316280365, 0.5532745718955994, 0.8865543007850647, 0.6822460889816284, 0.6032665967941284, 0.7783095240592957, 0.56877201795578, 0.5171526074409485, 0.1768748164176941, 0.17834225296974182, 0.30267295241355896, 0.25281575322151184, 0.1744454950094223, 0.3204766511917114, 0.5947754383087158, 0.6080361604690552, 0.18304550647735596, 0.2699774205684662, 0.4315536916255951, 0.22973626852035522, 0.23774686455726624, 0.31948256492614746, 0.29516085982322693, 0.46113425493240356]]
Time 1341.1659622192383
