Created graph
[-7.0, -5, -3.0]
[-4.0, -3.0, -2.0]
[-4.5, -4.0, -3.5]
[-4.75, -4.5, -4.25]
[-4.625, -4.5, -4.375]
[-4.4375, -4.375, -4.3125]
1000 3 5
Score: 76.443954
Signatures: [[0.1315399557352066, 0.24876312911510468, 0.0644969716668129, 0.08986350148916245, 0.12034766376018524, 0.0, 0.05736914649605751, 0.1261780560016632, 0.0, 0.034560155123472214, 0.06914522498846054, 0.11545979976654053, 1.5286486148834229, 0.7149330973625183, 0.1111617386341095, 0.7795538902282715, 0.18805499374866486, 0.17806221544742584, 0.17011547088623047, 0.16586068272590637, 0.2674148380756378, 0.05878656357526779, 0.0, 0.40218108892440796, 0.0981115996837616, 0.07424096018075943, 0.06458286941051483, 0.24701565504074097, 9.99089241027832, 3.431126117706299, 0.8639423847198486, 10.745009422302246, 0.29665258526802063, 0.06689822673797607, 0.049824465066194534, 0.10683423280715942, 0.4912042021751404, 0.0719546526670456, 0.0, 0.2247297614812851, 0.1992892026901245, 0.0, 0.0, 0.3191130757331848, 6.072047710418701, 1.9243495464324951, 0.8230090737342834, 1.660965919494629, 0.0, 0.03025173768401146, 0.06676743179559708, 0.0, 0.15332716703414917, 0.0029565184377133846, 0.04280072823166847, 0.11515604704618454, 0.041946541517972946, 0.03095126710832119, 0.03444569557905197, 0.04108342155814171, 0.0, 0.0415140837430954, 0.04074369743466377, 0.03280441090464592, 0.0748061016201973, 0.06780160963535309, 0.16593529284000397, 0.11892983317375183, 0.0, 0.15639886260032654, 0.016558904200792313, 0.11503750085830688, 0.0, 0.01741866022348404, 0.0, 0.14975979924201965, 0.02682270109653473, 0.08094999939203262, 0.014934919774532318, 0.0, 0.0, 0.013412663713097572, 0.04227004200220108, 0.030551332980394363, 0.023155396804213524, 0.04740797355771065, 0.007521188817918301, 0.11293043941259384, 0.03177936002612114, 0.0, 0.023446327075362206, 0.07663631439208984, 0.014630642719566822, 0.0, 0.13194240629673004, 0.06978654116392136], [0.0, 0.0, 0.0, 0.0, 0.0, 0.0, 0.0, 0.0, 0.0, 0.0, 0.0, 0.0, 0.9441440105438232, 0.20806549489498138, 0.2761465907096863, 0.36623767018318176, 0.0, 0.0, 0.0, 0.0, 0.0, 0.0, 0.0, 0.0, 0.0, 0.0, 0.0, 0.0, 2.261866331100464, 0.6236180067062378, 0.10534921288490295, 4.983153343200684, 0.013186591677367687, 0.0, 0.15584899485111237, 0.028684107586741447, 0.39784955978393555, 0.06800468266010284, 0.25156843662261963, 0.07441658526659012, 0.02033810503780842, 0.016661763191223145, 0.0, 0.0, 15.271588325500488, 2.9944000244140625, 4.514650344848633, 8.52978515625, 0.0, 0.0, 0.06301811337471008, 0.0, 0.0, 0.0, 0.0, 0.0, 0.0, 0.0, 0.0, 0.0, 0.0, 0.0, 0.0, 0.0, 0.0, 0.0, 0.0, 0.0, 0.0, 0.0, 0.0, 0.0, 0.0, 0.0, 0.0, 0.0, 0.0, 0.0, 0.0, 0.03357526659965515, 0.0, 0.0, 0.0, 0.0, 0.0, 0.0, 0.0, 0.0, 0.0, 0.01967344433069229, 0.0, 0.0, 0.0, 0.0054582650773227215, 0.0, 0.0], [1.1168687343597412, 1.4994381666183472, 0.4265175461769104, 0.8632106781005859, 1.1053133010864258, 1.2647333145141602, 0.4375309944152832, 1.1157606840133667, 1.206864595413208, 1.128189206123352, 0.25737208127975464, 0.987545371055603, 0.9718925356864929, 1.5014208555221558, 0.41555696725845337, 1.4761905670166016, 0.8242778778076172, 0.6715167760848999, 0.4588742256164551, 0.8359655141830444, 0.6963696479797363, 0.8233450651168823, 0.5709967613220215, 1.0122259855270386, 0.4255180358886719, 0.6931782364845276, 0.30701956152915955, 0.7250605225563049, 0.5695299506187439, 0.9200677275657654, 0.4359804093837738, 1.0557928085327148, 1.453089952468872, 1.372992992401123, 6.219143867492676, 1.369446039199829, 1.702779769897461, 1.5447032451629639, 5.393251419067383, 1.9711979627609253, 1.947271466255188, 2.1674251556396484, 5.907083988189697, 1.7437344789505005, 1.3786648511886597, 2.659799337387085, 3.9644644260406494, 2.0752947330474854, 0.35777661204338074, 0.644173800945282, 0.5100305080413818, 0.3897990584373474, 0.17511527240276337, 0.7326897978782654, 0.7832751870155334, 0.5751575827598572, 0.21362024545669556, 0.4515286982059479, 0.4197283387184143, 0.3088839054107666, 0.3445724546909332, 0.33254241943359375, 0.2826591730117798, 0.4065540134906769, 0.8470772504806519, 0.6888344287872314, 1.1702386140823364, 1.1592936515808105, 0.4373074471950531, 0.8773111701011658, 0.9815969467163086, 0.9526373744010925, 1.0977835655212402, 0.5726843476295471, 0.917504608631134, 0.708062469959259, 0.6239662170410156, 0.806742787361145, 0.5875093936920166, 0.5371223092079163, 0.1841575652360916, 0.18520282208919525, 0.3146387040615082, 0.2636031210422516, 0.18100669980049133, 0.3332470953464508, 0.6170615553855896, 0.6316493153572083, 0.19066312909126282, 0.28091850876808167, 0.4478820860385895, 0.23880574107170105, 0.24717849493026733, 0.3311181366443634, 0.3078724443912506, 0.47975802421569824]]
Time 613.908346414566
