Created graph
[-7.0, -5, -3.0]
[-4.0, -3.0, -2.0]
[-4.5, -4.0, -3.5]
[-4.75, -4.5, -4.25]
[-4.375, -4.25, -4.125]
[-4.4375, -4.375, -4.3125]
1000 4 25
Score: 72.9559
Signatures: [[1.253264307975769, 1.6261035203933716, 0.4914369583129883, 0.8996304273605347, 1.1448371410369873, 1.1945998668670654, 0.4040427803993225, 0.9545665979385376, 0.6531854867935181, 1.017254114151001, 0.24195750057697296, 1.1431021690368652, 1.079460620880127, 2.1720712184906006, 0.29759299755096436, 2.026465892791748, 1.0675938129425049, 0.9228115677833557, 0.7862498760223389, 1.2633657455444336, 1.1256064176559448, 1.008630394935608, 0.40923309326171875, 1.7012962102890015, 0.5390262603759766, 0.9246587157249451, 0.4463912844657898, 1.2506780624389648, 3.2056000232696533, 2.615630865097046, 0.5942416191101074, 5.1222639083862305, 1.2972086668014526, 0.9526996612548828, 0.7391322255134583, 0.8990783095359802, 1.4224857091903687, 0.913707971572876, 0.23556289076805115, 1.5727261304855347, 0.9704012274742126, 0.2806449830532074, 0.0, 1.3732314109802246, 1.718319058418274, 2.965327262878418, 1.18805730342865, 0.7393941283226013, 0.2305126190185547, 0.4433438181877136, 0.35776662826538086, 0.16576728224754333, 0.3125848174095154, 0.6867972016334534, 0.7835555076599121, 0.8279372453689575, 0.258840411901474, 0.34616535902023315, 0.3687666058540344, 0.32594212889671326, 0.21657243371009827, 0.29654988646507263, 0.2775328755378723, 0.43108153343200684, 0.5462979078292847, 0.5712222456932068, 0.6628342866897583, 0.9324622750282288, 0.2601657211780548, 0.5796214938163757, 0.7312664985656738, 0.8478354811668396, 0.14587131142616272, 0.4032639265060425, 0.0, 0.7106178402900696, 0.19988217949867249, 0.4685806930065155, 0.09621727466583252, 0.2559223771095276, 0.09514815360307693, 0.2385677695274353, 0.42693743109703064, 0.2665679156780243, 0.17018048465251923, 0.36522775888442993, 0.6083588600158691, 0.6947907209396362, 0.1991174817085266, 0.302837610244751, 0.41513606905937195, 0.3212771713733673, 0.2451503723859787, 0.20394203066825867, 0.4567781686782837, 0.44661420583724976], [0.5750877857208252, 0.8149487972259521, 0.21165873110294342, 0.4819560945034027, 0.6311049461364746, 0.7092055678367615, 0.27250343561172485, 0.7374436259269714, 0.9584122896194458, 0.6766191124916077, 0.16816915571689606, 0.4915858507156372, 0.6799010038375854, 0.6735396981239319, 0.305144339799881, 0.6831293106079102, 0.38204142451286316, 0.31685054302215576, 0.13683269917964935, 0.2906475067138672, 0.21484322845935822, 0.3517388105392456, 0.39318469166755676, 0.33287957310676575, 0.20624466240406036, 0.2627785801887512, 0.11530303210020065, 0.21510003507137299, 0.0027209175750613213, 0.07016005367040634, 0.26025649905204773, 0.0, 0.9640920162200928, 0.983109712600708, 6.4642333984375, 1.0365288257598877, 1.199364423751831, 1.2119797468185425, 5.687913417816162, 1.3642313480377197, 1.6659066677093506, 2.2124249935150146, 6.418907165527344, 1.280574917793274, 1.0759241580963135, 1.5838897228240967, 3.6231303215026855, 1.9217301607131958, 0.25549089908599854, 0.46714237332344055, 0.3779461979866028, 0.3329713046550751, 0.05727999284863472, 0.41608500480651855, 0.4259640872478485, 0.22655117511749268, 0.10592763125896454, 0.31386101245880127, 0.2591211497783661, 0.17148475348949432, 0.25113070011138916, 0.21441031992435455, 0.1697954684495926, 0.20413202047348022, 0.6541382074356079, 0.4479239284992218, 0.9715853929519653, 0.8007646799087524, 0.3393257260322571, 0.7194657325744629, 0.6480692625045776, 0.6203417181968689, 1.1451314687728882, 0.40257081389427185, 1.0114070177078247, 0.42847439646720886, 0.5914159417152405, 0.6731678247451782, 0.6015663743019104, 0.4497130811214447, 0.14706569910049438, 0.0737413614988327, 0.12967638671398163, 0.15201525390148163, 0.11499303579330444, 0.1791156828403473, 0.34431910514831543, 0.34748002886772156, 0.11237554252147675, 0.150835320353508, 0.26949164271354675, 0.11422429233789444, 0.13890960812568665, 0.2426941692829132, 0.1476251631975174, 0.30632907152175903], [0.0, 0.0, 0.0, 0.0, 0.0, 0.0, 0.0, 0.0, 0.0, 0.0, 0.01484356727451086, 0.0, 0.9848529696464539, 0.455598920583725, 0.2837557792663574, 0.5963283181190491, 0.0, 0.0, 0.0, 0.0, 0.0, 0.0, 0.0, 0.0, 0.002918877871707082, 0.0, 0.0, 0.0, 2.1075942516326904, 0.9096425771713257, 0.08711980283260345, 5.320713520050049, 0.07521097362041473, 0.0, 0.0, 0.0219128280878067, 0.5280532240867615, 0.0648103877902031, 0.1165165975689888, 0.10143623501062393, 0.06998998671770096, 0.02638464793562889, 0.0, 0.021469412371516228, 15.390414237976074, 3.475933074951172, 4.48585844039917, 8.19602108001709, 0.0, 0.0, 0.079682856798172, 0.0, 0.0, 0.0, 0.0, 0.0, 0.0, 0.0, 0.0, 0.0, 0.0, 0.0, 0.0, 0.0, 0.0, 0.0, 0.0, 0.0, 0.0, 0.0, 0.0, 0.0, 0.0, 0.0, 0.0, 0.0, 0.0, 0.0, 0.0, 0.022064540535211563, 0.0, 0.0, 0.0, 0.0, 0.0, 0.0, 0.0, 0.0, 0.0, 9.833381773205474e-05, 0.0, 0.0, 0.0, 0.0, 0.0, 0.0], [0.0, 0.0, 0.0, 0.0, 0.0, 0.0, 0.0, 0.0, 0.0, 0.0, 0.0, 0.0, 1.3816051483154297, 0.0, 0.07136966288089752, 0.07771077752113342, 0.0, 0.0, 0.0, 0.0, 0.0, 0.0, 0.0, 0.0, 0.0, 0.0, 0.0, 0.0, 9.890936851501465, 2.605658769607544, 0.796829104423523, 9.745227813720703, 0.0, 0.0, 0.4540771245956421, 0.0, 0.09757473319768906, 0.0, 0.41709718108177185, 0.0, 0.0003016733389813453, 0.0, 0.45546242594718933, 0.0, 6.924732685089111, 0.998779296875, 1.1885865926742554, 2.7271437644958496, 0.0, 0.0, 0.0, 0.0, 0.062307022511959076, 0.0, 0.0, 0.0, 0.0, 0.0, 0.0, 0.0, 0.0, 0.0, 0.0, 0.0, 0.0, 0.0, 0.04089750349521637, 0.0, 0.0, 0.027395932003855705, 0.0, 0.0, 0.0, 0.0, 0.0346808023750782, 0.0, 0.010288521647453308, 0.0, 0.023284468799829483, 0.0, 0.0, 0.0, 0.0, 0.0, 0.0, 0.0, 0.0, 0.0, 0.0, 0.0, 0.0, 0.0, 0.0, 0.0, 0.0, 0.0]]
Time 621.0919342041016
