Created graph
[-7.0, -5, -3.0]
[-6.0, -5, -4.0]
[-4.5, -4.0, -3.5]
[-4.75, -4.5, -4.25]
[-4.625, -4.5, -4.375]
[-4.4375, -4.375, -4.3125]
0 3 5
Score: 77.23047
Signatures: [[0.1242840439081192, 0.2366352379322052, 0.06089447811245918, 0.08567608892917633, 0.11491169780492783, 0.0, 0.05550412833690643, 0.1206999346613884, 0.0, 0.0341084860265255, 0.06542719900608063, 0.11135836690664291, 1.4369783401489258, 0.6749723553657532, 0.10034447908401489, 0.7260149121284485, 0.1798534095287323, 0.1671682447195053, 0.15915869176387787, 0.15701599419116974, 0.25083106756210327, 0.05606299266219139, 0.0, 0.37945640087127686, 0.09375220537185669, 0.07123643159866333, 0.060874730348587036, 0.2327602356672287, 9.477643013000488, 3.253274440765381, 0.8222143054008484, 10.144545555114746, 0.282226026058197, 0.066126748919487, 0.03593689203262329, 0.1016557365655899, 0.4519121050834656, 0.06756821274757385, 0.0, 0.21474811434745789, 0.19016605615615845, 0.0, 0.0, 0.30348992347717285, 5.459237098693848, 1.7679086923599243, 0.6690365672111511, 1.383577823638916, 0.0, 0.029979214072227478, 0.06155925616621971, 0.0, 0.14328891038894653, 0.0040642027743160725, 0.04257991909980774, 0.10700871795415878, 0.040357768535614014, 0.030762340873479843, 0.03362249583005905, 0.039253994822502136, 0.0, 0.03999929875135422, 0.03934372961521149, 0.030784742906689644, 0.07076477259397507, 0.06436824053525925, 0.15784130990505219, 0.1160534918308258, 0.0, 0.14679211378097534, 0.016325995326042175, 0.10646196454763412, 0.0, 0.015886448323726654, 0.0, 0.1419236958026886, 0.025383146479725838, 0.0769282877445221, 0.014172153547406197, 0.0, 0.0, 0.012560217641294003, 0.0404353104531765, 0.0292709618806839, 0.022013409063220024, 0.04481501504778862, 0.007898172363638878, 0.10567733645439148, 0.03018135018646717, 0.0, 0.022762184962630272, 0.07193940877914429, 0.0145143773406744, 0.0, 0.12446756660938263, 0.0659693107008934], [0.0, 0.0, 0.0, 0.0, 0.0, 0.0, 0.0, 0.0, 0.0, 0.0, 0.0, 0.0, 0.8652360439300537, 0.18881645798683167, 0.26005819439888, 0.3440820574760437, 0.0, 0.0, 0.0, 0.0, 0.0, 0.0, 0.0, 0.0, 0.0, 0.0, 0.0, 0.0, 1.9567723274230957, 0.5297859907150269, 0.0845244750380516, 4.500722885131836, 0.011936510913074017, 0.0, 0.1708923876285553, 0.02808992564678192, 0.379919171333313, 0.06831186264753342, 0.25158098340034485, 0.07114250212907791, 0.02030261792242527, 0.018931474536657333, 0.0, 0.0, 14.367056846618652, 2.8008852005004883, 4.291058540344238, 8.050614356994629, 0.0, 0.0, 0.06096429005265236, 0.0, 0.0, 0.0, 0.0, 0.0, 0.0, 0.0, 0.0, 0.0, 0.0, 0.0, 0.0, 0.0, 0.0, 0.0, 0.0, 0.0, 0.0, 0.0, 0.0, 0.0, 0.0, 0.0, 0.0, 0.0, 0.0, 0.0, 0.0, 0.032495297491550446, 0.0, 0.0, 0.0, 0.0, 0.0, 0.0, 0.0, 0.0, 0.0, 0.01870563253760338, 0.0, 0.0, 0.0, 0.005838770419359207, 0.0, 0.0], [1.0753014087677002, 1.4420630931854248, 0.4102790653705597, 0.8307470083236694, 1.0640053749084473, 1.219712734222412, 0.4205162525177002, 1.0739812850952148, 1.167073130607605, 1.086286187171936, 0.2464066445827484, 0.9486578106880188, 0.9313362240791321, 1.4407315254211426, 0.4000507593154907, 1.4173603057861328, 0.7908275127410889, 0.6463156342506409, 0.4417037069797516, 0.8037530779838562, 0.6717034578323364, 0.7926186919212341, 0.5489994287490845, 0.972083568572998, 0.4078432619571686, 0.6664754748344421, 0.2957246005535126, 0.6970943212509155, 0.5164669156074524, 0.875881552696228, 0.41566744446754456, 0.9841068387031555, 1.39544677734375, 1.3187172412872314, 5.992234706878662, 1.320299506187439, 1.632972240447998, 1.483810305595398, 5.184484004974365, 1.8938044309616089, 1.8738878965377808, 2.0917611122131348, 5.688852787017822, 1.676880955696106, 1.3097035884857178, 2.5546042919158936, 3.8100287914276123, 2.005276679992676, 0.3462376594543457, 0.6189992427825928, 0.48940736055374146, 0.37517049908638, 0.16880199313163757, 0.705203115940094, 0.7531313896179199, 0.5548465251922607, 0.2049524486064911, 0.43405693769454956, 0.4031004309654236, 0.2966253161430359, 0.3329310715198517, 0.31905558705329895, 0.27143633365631104, 0.39282968640327454, 0.8156954050064087, 0.6638999581336975, 1.124746322631836, 1.1129720211029053, 0.42145994305610657, 0.8472084403038025, 0.9467765092849731, 0.9203440546989441, 1.0627690553665161, 0.5532520413398743, 0.8865155577659607, 0.6822178959846497, 0.603242814540863, 0.7782771587371826, 0.568747878074646, 0.5171293020248413, 0.17686624825000763, 0.17833594977855682, 0.3026597499847412, 0.2528051733970642, 0.1744387298822403, 0.320462703704834, 0.5947515368461609, 0.6080126762390137, 0.1830383539199829, 0.269967257976532, 0.43153783679008484, 0.22972653806209564, 0.23773737251758575, 0.31946828961372375, 0.29514840245246887, 0.46111369132995605]]
Time 1793.4449865818024
