Created graph
[-7.0, -5, -3.0]
[-4.0, -3.0, -2.0]
[-4.5, -4.0, -3.5]
[-4.75, -4.5, -4.25]
[-4.625, -4.5, -4.375]
[-4.4375, -4.375, -4.3125]
100 3 200
Score: 77.15931
Signatures: [[0.12520234286785126, 0.23835501074790955, 0.06141676381230354, 0.08628544211387634, 0.11561223119497299, 0.0, 0.055801279842853546, 0.12141717225313187, 0.0, 0.034165624529123306, 0.0658927708864212, 0.11201030015945435, 1.448204517364502, 0.6798697710037231, 0.10162971913814545, 0.7327212691307068, 0.18108850717544556, 0.16846954822540283, 0.1605106145143509, 0.15811994671821594, 0.2528713345527649, 0.05650589242577553, 0.0, 0.3823874592781067, 0.0943605899810791, 0.07168156653642654, 0.06131966412067413, 0.23460635542869568, 9.537524223327637, 3.2748360633850098, 0.8272268772125244, 10.217301368713379, 0.284144788980484, 0.06631333380937576, 0.03794412687420845, 0.10233772546052933, 0.45691365003585815, 0.06814572215080261, 0.0, 0.21638810634613037, 0.19132086634635925, 0.0, 0.0, 0.30562445521354675, 5.531674861907959, 1.7865785360336304, 0.6882045865058899, 1.416456699371338, 0.0, 0.030043795704841614, 0.06231195107102394, 0.0, 0.14450399577617645, 0.0040143150836229324, 0.04268912598490715, 0.10798610746860504, 0.04060589522123337, 0.030804436653852463, 0.03380075469613075, 0.039511311799287796, 0.0, 0.04021693766117096, 0.03955642133951187, 0.031041188165545464, 0.07128634303808212, 0.06482944637537003, 0.15897217392921448, 0.11655301600694656, 0.0, 0.14802128076553345, 0.016398122534155846, 0.10748229920864105, 0.0, 0.01603350229561329, 0.0, 0.14294138550758362, 0.02553471364080906, 0.07758774608373642, 0.014248932711780071, 0.0, 0.0, 0.0126572884619236, 0.0407010018825531, 0.029452454298734665, 0.022182364016771317, 0.04513508453965187, 0.007868614047765732, 0.1065593957901001, 0.030399717390537262, 0.0, 0.022913778200745583, 0.07256975024938583, 0.014551090076565742, 0.0, 0.1253928542137146, 0.06646808236837387], [0.0, 0.0, 0.0, 0.0, 0.0, 0.0, 0.0, 0.0, 0.0, 0.0, 0.0, 0.0, 0.8746675848960876, 0.19100697338581085, 0.26202264428138733, 0.3467155396938324, 0.0, 0.0, 0.0, 0.0, 0.0, 0.0, 0.0, 0.0, 0.0, 0.0, 0.0, 0.0, 1.9942810535430908, 0.5410298705101013, 0.08692650496959686, 4.55893611907959, 0.012014473788440228, 0.0, 0.16917355358600616, 0.028160758316516876, 0.3820863366127014, 0.06833464652299881, 0.25172343850135803, 0.07131586223840714, 0.020256945863366127, 0.018619947135448456, 0.0, 0.0, 14.480569839477539, 2.824587821960449, 4.318289279937744, 8.10982608795166, 0.0, 0.0, 0.06116069480776787, 0.0, 0.0, 0.0, 0.0, 0.0, 0.0, 0.0, 0.0, 0.0, 0.0, 0.0, 0.0, 0.0, 0.0, 0.0, 0.0, 0.0, 0.0, 0.0, 0.0, 0.0, 0.0, 0.0, 0.0, 0.0, 0.0, 0.0, 0.0, 0.032604776322841644, 0.0, 0.0, 0.0, 0.0, 0.0, 0.0, 0.0, 0.0, 0.0, 0.018777484074234962, 0.0, 0.0, 0.0, 0.005782231222838163, 0.0, 0.0], [1.0801410675048828, 1.4485357999801636, 0.41207197308540344, 0.8344331979751587, 1.068734049797058, 1.2248562574386597, 0.42245718836784363, 1.0787330865859985, 1.1716327667236328, 1.0910903215408325, 0.24762079119682312, 0.9529407620429993, 0.9356679320335388, 1.4476826190948486, 0.40183407068252563, 1.4239188432693481, 0.7944316864013672, 0.6492123007774353, 0.4436436891555786, 0.8073651790618896, 0.6745089292526245, 0.7960856556892395, 0.5514798760414124, 0.9765174984931946, 0.4097631573677063, 0.6694695353507996, 0.2970237135887146, 0.700228750705719, 0.5212651491165161, 0.8804493546485901, 0.41796445846557617, 0.9905437231063843, 1.4019399881362915, 1.3248207569122314, 6.01781702041626, 1.3258813619613647, 1.640594720840454, 1.4906904697418213, 5.208288192749023, 1.9024935960769653, 1.8823299407958984, 2.100421190261841, 5.7136430740356445, 1.684464931488037, 1.3155523538589478, 2.5663039684295654, 3.8269989490509033, 2.0126593112945557, 0.3475978374481201, 0.6218473315238953, 0.49173620343208313, 0.376852810382843, 0.16950957477092743, 0.7083066701889038, 0.7566022872924805, 0.557165265083313, 0.20591455698013306, 0.4360295236110687, 0.4049190580844879, 0.2980087995529175, 0.33426177501678467, 0.32057085633277893, 0.2726961374282837, 0.3943907618522644, 0.8192420601844788, 0.66669762134552, 1.1298837661743164, 1.1181845664978027, 0.4232449531555176, 0.8506090641021729, 0.9507205486297607, 0.9240971207618713, 1.0668587684631348, 0.5555031299591064, 0.8900684118270874, 0.6851329803466797, 0.6056610941886902, 0.7814391851425171, 0.5709666609764099, 0.5194519758224487, 0.1776808649301529, 0.1791180819272995, 0.3040274977684021, 0.2540042996406555, 0.17519327998161316, 0.32191693782806396, 0.5973061919212341, 0.610668957233429, 0.18387161195278168, 0.2712341248989105, 0.43342986702919006, 0.23074640333652496, 0.23881679773330688, 0.32083645462989807, 0.2965749502182007, 0.4632466733455658]]
Time 1177.11878824234
