Created graph
[-7.0, -5, -3.0]
[-4.0, -3.0, -2.0]
[-4.5, -4.0, -3.5]
[-4.75, -4.5, -4.25]
[-4.375, -4.25, -4.125]
[-4.4375, -4.375, -4.3125]
5000 4 100
Score: 73.255196
Signatures: [[1.3483233451843262, 1.7273609638214111, 0.5499374866485596, 0.9515580534934998, 1.2389060258865356, 1.2890844345092773, 0.4516836404800415, 1.0383071899414062, 0.7374477386474609, 1.0912216901779175, 0.28548288345336914, 1.259219765663147, 1.3000537157058716, 2.382889747619629, 0.32413381338119507, 2.149055242538452, 1.1813033819198608, 0.9728887677192688, 0.8653942942619324, 1.3666274547576904, 1.2234110832214355, 1.075247883796692, 0.4412696063518524, 1.8409655094146729, 0.5624213814735413, 1.0143755674362183, 0.4826822280883789, 1.348538875579834, 4.238023281097412, 3.034170150756836, 0.6837454438209534, 6.083685398101807, 1.4337519407272339, 1.0479130744934082, 1.3727421760559082, 1.0137032270431519, 1.6095620393753052, 1.0173912048339844, 0.5271074175834656, 1.7783058881759644, 1.1428208351135254, 0.3698042929172516, 0.32174211740493774, 1.519033670425415, 2.4086384773254395, 3.3214271068573, 1.5212513208389282, 0.9913442730903625, 0.2656431794166565, 0.46277472376823425, 0.40640386939048767, 0.18406225740909576, 0.3248588740825653, 0.7233296632766724, 0.8281372785568237, 0.8860065340995789, 0.2740880250930786, 0.3549760580062866, 0.38463157415390015, 0.36593255400657654, 0.25219714641571045, 0.3232327699661255, 0.287460058927536, 0.47748294472694397, 0.6317343711853027, 0.6079981923103333, 0.721126139163971, 1.0243513584136963, 0.29494190216064453, 0.6799246072769165, 0.8240375518798828, 0.9559850692749023, 0.22852279245853424, 0.49015411734580994, 0.00829894095659256, 0.7998422384262085, 0.2568724453449249, 0.49482297897338867, 0.11204694956541061, 0.2798767387866974, 0.10629110783338547, 0.260618656873703, 0.4661312401294708, 0.29729166626930237, 0.1799742728471756, 0.408869206905365, 0.6334611177444458, 0.7593590021133423, 0.21112217009067535, 0.3031565546989441, 0.449340283870697, 0.36520886421203613, 0.2700890004634857, 0.259004682302475, 0.46416544914245605, 0.5154749155044556], [0.7253482341766357, 1.0352128744125366, 0.2591424584388733, 0.6053216457366943, 0.7636407613754272, 0.8583523035049438, 0.32410570979118347, 0.8738291263580322, 1.0684220790863037, 0.8212233185768127, 0.19946780800819397, 0.6020625233650208, 0.7763939499855042, 0.8793578743934631, 0.36714890599250793, 0.9145922660827637, 0.4766795337200165, 0.4181734621524811, 0.1912325918674469, 0.392551451921463, 0.3049076497554779, 0.46436214447021484, 0.47165647149086, 0.47434812784194946, 0.27512866258621216, 0.340160608291626, 0.15185776352882385, 0.31434157490730286, 0.0, 0.13386747241020203, 0.3205360472202301, 0.0, 1.1575180292129517, 1.162184238433838, 6.957303524017334, 1.1803470849990845, 1.4269909858703613, 1.4216498136520386, 6.380152702331543, 1.600348711013794, 1.8847696781158447, 2.4396538734436035, 7.082569122314453, 1.4981307983398438, 1.3035638332366943, 1.9657533168792725, 4.172743797302246, 2.2361998558044434, 0.2828746438026428, 0.5617591738700867, 0.44728490710258484, 0.38312000036239624, 0.08265072852373123, 0.5158937573432922, 0.5388007760047913, 0.29846128821372986, 0.13826240599155426, 0.38213399052619934, 0.32332032918930054, 0.20712633430957794, 0.27836593985557556, 0.2609405517578125, 0.21682067215442657, 0.24204689264297485, 0.7377409934997559, 0.5389331579208374, 1.131443738937378, 0.9502736330032349, 0.3836727440357208, 0.7918715476989746, 0.7437333464622498, 0.7084965109825134, 1.2156933546066284, 0.4366733133792877, 1.1069886684417725, 0.4969418942928314, 0.6363657712936401, 0.7646679282188416, 0.6565567255020142, 0.5218270421028137, 0.1721571385860443, 0.09485740214586258, 0.1665690690279007, 0.18418775498867035, 0.14041143655776978, 0.21747031807899475, 0.42996305227279663, 0.4287949800491333, 0.1403043419122696, 0.198996439576149, 0.3248864710330963, 0.13964331150054932, 0.16601184010505676, 0.2572207748889923, 0.2021019011735916, 0.357990026473999], [0.0, 0.0, 0.0, 0.0, 0.0, 0.0, 0.0, 0.0, 0.0, 0.0, 0.012214913964271545, 0.0, 1.2572827339172363, 0.5552084445953369, 0.31869402527809143, 0.6444051265716553, 0.0, 0.0, 0.0, 0.0, 0.0, 0.0, 0.0, 0.0, 0.006905197165906429, 0.0, 0.0, 0.0, 3.2016053199768066, 1.212485432624817, 0.13030566275119781, 6.831512928009033, 0.07913695275783539, 0.0, 0.0, 0.016949553042650223, 0.5487092733383179, 0.05310554429888725, 0.08473880589008331, 0.09395769238471985, 0.05091871693730354, 0.00010472151188878343, 0.0, 0.006751859560608864, 18.309791564941406, 3.9944262504577637, 5.083226203918457, 9.520073890686035, 0.0, 0.0, 0.08558343350887299, 0.0, 0.0, 0.0, 0.0, 0.0, 0.0, 0.0, 0.0, 0.0, 0.0, 0.0, 0.0, 0.0, 0.0, 0.0, 0.0, 0.0, 0.0, 0.0, 0.0, 0.0, 0.0, 0.0, 0.0, 0.0, 0.0, 0.0, 0.0, 0.01900370977818966, 0.0, 0.0, 0.0, 0.0, 0.0, 0.0, 0.0, 0.0, 0.0, 0.0031820964068174362, 0.0, 0.0, 0.0, 0.0, 0.0, 0.0], [0.0, 0.0, 0.0, 0.0, 0.0, 0.0, 0.0, 0.0, 0.0, 0.0, 0.0, 0.0, 1.585551381111145, 0.0, 0.11227460950613022, 0.23132137954235077, 0.0, 0.0, 0.0, 0.0, 0.0, 0.0, 0.0, 0.0, 0.0, 0.0, 0.0, 0.0, 10.97167682647705, 3.0509631633758545, 0.9259443283081055, 11.470832824707031, 0.0, 0.0, 0.3115161955356598, 0.0, 0.20936541259288788, 0.0, 0.3504093289375305, 0.0, 0.0014960563275963068, 0.0, 0.31774815917015076, 0.0123469652608037, 8.663724899291992, 1.4900672435760498, 1.7038311958312988, 3.737328290939331, 0.0, 0.0, 0.0, 0.0, 0.09015945345163345, 0.0, 0.0, 0.0, 0.0, 0.0, 0.0, 0.0, 0.0, 0.0, 0.0, 0.0, 0.0, 0.0, 0.05870494619011879, 0.0, 0.0, 0.024614494293928146, 0.0, 0.0, 0.0, 0.0, 0.03725682571530342, 0.0, 0.001003968296572566, 0.005020526237785816, 0.02716653048992157, 0.0, 0.0, 0.0, 0.0, 0.0, 0.0, 0.0, 0.0, 0.0, 0.0, 0.0, 0.0, 0.0, 0.0, 0.0, 0.011937367729842663, 0.0]]
Time 937.5611186027527
