Created graph
[-7.0, -5, -3.0]
[-4.0, -3.0, -2.0]
[-4.5, -4.0, -3.5]
[-4.75, -4.5, -4.25]
[-4.625, -4.5, -4.375]
[-4.4375, -4.375, -4.3125]
100 3 5
Score: 77.078865
Signatures: [[0.12583932280540466, 0.23947614431381226, 0.06167469546198845, 0.08667895942926407, 0.11611701548099518, 0.0, 0.05599464103579521, 0.1217755526304245, 0.0, 0.03437170013785362, 0.06612912565469742, 0.112186960875988, 1.4507036209106445, 0.6811320781707764, 0.10195948928594589, 0.7343173027038574, 0.1816486418247223, 0.1691475361585617, 0.16111017763614655, 0.15881218016147614, 0.25369933247566223, 0.057060401886701584, 0.0, 0.3835902512073517, 0.09452487528324127, 0.07210814952850342, 0.06148848310112953, 0.2354852557182312, 9.552038192749023, 3.2789697647094727, 0.8286904692649841, 10.233785629272461, 0.2848687469959259, 0.06638915091753006, 0.038493167608976364, 0.10249977558851242, 0.4586774408817291, 0.06873509287834167, 0.0, 0.2169562429189682, 0.1916583776473999, 0.0, 0.0, 0.3065846264362335, 5.560083389282227, 1.7923797369003296, 0.6922153830528259, 1.4311691522598267, 0.0, 0.03010144829750061, 0.06258853524923325, 0.0, 0.14490345120429993, 0.0040767560712993145, 0.04284816235303879, 0.10861337184906006, 0.04065563529729843, 0.030833261087536812, 0.03389919921755791, 0.03959410637617111, 0.0, 0.040366627275943756, 0.03975868225097656, 0.031268779188394547, 0.07157930731773376, 0.06508197635412216, 0.1595526784658432, 0.11701709032058716, 0.0, 0.14852656424045563, 0.016539989039301872, 0.10802847146987915, 0.0, 0.016140896826982498, 0.0, 0.14324918389320374, 0.025548914447426796, 0.07803627103567123, 0.014324730262160301, 0.0, 0.0, 0.012771070003509521, 0.04086896404623985, 0.029604902490973473, 0.022267058491706848, 0.04530487209558487, 0.008051224984228611, 0.10709426552057266, 0.030591636896133423, 0.0, 0.02311186119914055, 0.0729135051369667, 0.014627608470618725, 0.0, 0.12590934336185455, 0.06674997508525848], [0.0, 0.0, 0.0, 0.0, 0.0, 0.0, 0.0, 0.0, 0.0, 0.0, 0.0, 0.0, 0.8792049288749695, 0.19241395592689514, 0.26275503635406494, 0.3484653830528259, 0.0, 0.0, 0.0, 0.0, 0.0, 0.0, 0.0, 0.0, 0.0, 0.0, 0.0, 0.0, 2.014251470565796, 0.54803466796875, 0.08813217282295227, 4.587868690490723, 0.012109681032598019, 0.0, 0.16803868114948273, 0.02826501987874508, 0.3832947313785553, 0.06818588823080063, 0.25234168767929077, 0.07148610800504684, 0.020291060209274292, 0.018318165093660355, 0.0, 0.0, 14.522868156433105, 2.8345253467559814, 4.331593990325928, 8.131245613098145, 0.0, 0.0, 0.06124960258603096, 0.0, 0.0, 0.0, 0.0, 0.0, 0.0, 0.0, 0.0, 0.0, 0.0, 0.0, 0.0, 0.0, 0.0, 0.0, 0.0, 0.0, 0.0, 0.0, 0.0, 0.0, 0.0, 0.0, 0.0, 0.0, 0.0, 0.0, 0.0, 0.03265874832868576, 0.0, 0.0, 0.0, 0.0, 0.0, 0.0, 0.0, 0.0, 0.0, 0.018779821693897247, 0.0, 0.0, 0.0, 0.0057761576026678085, 0.0, 0.0], [1.0806260108947754, 1.4491080045700073, 0.41231822967529297, 0.8348607420921326, 1.0693767070770264, 1.2254180908203125, 0.42267099022865295, 1.0796767473220825, 1.1725142002105713, 1.0915679931640625, 0.24768821895122528, 0.9538232684135437, 0.9364065527915955, 1.448413610458374, 0.4024348556995392, 1.4245185852050781, 0.7945426106452942, 0.6494444012641907, 0.44389382004737854, 0.8075892925262451, 0.674961268901825, 0.7961122393608093, 0.5518193244934082, 0.9767736792564392, 0.40986672043800354, 0.6696705222129822, 0.29730817675590515, 0.7003797888755798, 0.5215336084365845, 0.8809273838996887, 0.41833359003067017, 0.9910533428192139, 1.4028817415237427, 1.3256263732910156, 6.024774551391602, 1.3268640041351318, 1.6412776708602905, 1.4915244579315186, 5.213062286376953, 1.9038407802581787, 1.8839240074157715, 2.1025125980377197, 5.718712329864502, 1.6854108572006226, 1.3129651546478271, 2.5675339698791504, 3.8299918174743652, 2.0118327140808105, 0.34773173928260803, 0.6222809553146362, 0.4921051859855652, 0.3771936595439911, 0.16974204778671265, 0.7086050510406494, 0.7571590542793274, 0.5574214458465576, 0.20606231689453125, 0.43639954924583435, 0.4052572250366211, 0.2982502579689026, 0.3345645070075989, 0.3206969201564789, 0.2727683484554291, 0.39458197355270386, 0.8197948336601257, 0.6671355962753296, 1.1307249069213867, 1.1188417673110962, 0.4235733449459076, 0.851504921913147, 0.9514057636260986, 0.9246888160705566, 1.0678784847259521, 0.5560340285301208, 0.8911727666854858, 0.6857426166534424, 0.6064115762710571, 0.7819057703018188, 0.5714909434318542, 0.5199108123779297, 0.1777905523777008, 0.17910532653331757, 0.30412834882736206, 0.25413042306900024, 0.1753138303756714, 0.3222082853317261, 0.5974199175834656, 0.610924243927002, 0.18395237624645233, 0.27139297127723694, 0.433506578207016, 0.23077915608882904, 0.23890341818332672, 0.3211178779602051, 0.2966586649417877, 0.4634830355644226]]
Time 1300.937599658966
