Created graph
[-7.0, -5, -3.0]
[-4.0, -3.0, -2.0]
[-4.5, -4.0, -3.5]
[-4.75, -4.5, -4.25]
[-4.625, -4.5, -4.375]
[-4.4375, -4.375, -4.3125]
1000 4 5
Score: 74.14589
Signatures: [[1.2327202558517456, 1.5989322662353516, 0.48360931873321533, 0.8840366005897522, 1.1230924129486084, 1.1681602001190186, 0.3955525755882263, 0.9335793852806091, 0.6349039077758789, 0.9968720078468323, 0.24366514384746552, 1.1172009706497192, 1.0575690269470215, 2.174701690673828, 0.3046555519104004, 1.9824440479278564, 1.0524863004684448, 0.9211781620979309, 0.7720123529434204, 1.2395410537719727, 1.0989301204681396, 0.995649516582489, 0.4017989933490753, 1.6801364421844482, 0.5330908298492432, 0.9075351357460022, 0.4384659230709076, 1.2304960489273071, 3.3365561962127686, 2.640449285507202, 0.5980804562568665, 5.1368231773376465, 1.2900434732437134, 0.9327298998832703, 0.6305351853370667, 0.8877227902412415, 1.4014419317245483, 0.8918424248695374, 0.194965198636055, 1.5507445335388184, 0.9541479349136353, 0.2602163851261139, 0.0, 1.3644344806671143, 1.7514722347259521, 2.988334894180298, 1.23330819606781, 0.6399576663970947, 0.22235438227653503, 0.43472400307655334, 0.34682732820510864, 0.16131998598575592, 0.3030807375907898, 0.6719881892204285, 0.7656034231185913, 0.8170982003211975, 0.2569628953933716, 0.33879172801971436, 0.3641012907028198, 0.3205448091030121, 0.20821548998355865, 0.2898869514465332, 0.2722974717617035, 0.41813910007476807, 0.5362150073051453, 0.5575001239776611, 0.6372326016426086, 0.9216490983963013, 0.25315892696380615, 0.5663187503814697, 0.7136635184288025, 0.8219929337501526, 0.13164333999156952, 0.396711528301239, 0.0, 0.7089361548423767, 0.19257061183452606, 0.45185065269470215, 0.09135253727436066, 0.2518101632595062, 0.09475982189178467, 0.23671306669712067, 0.41858434677124023, 0.26229405403137207, 0.16835615038871765, 0.36069434881210327, 0.5933228731155396, 0.6828801035881042, 0.19728271663188934, 0.29842332005500793, 0.4017670750617981, 0.316582053899765, 0.23944979906082153, 0.19636623561382294, 0.4487418830394745, 0.4372609257698059], [0.5842415690422058, 0.8245558142662048, 0.21503855288028717, 0.4866204559803009, 0.6373697519302368, 0.7196513414382935, 0.2755219042301178, 0.7448906302452087, 0.964155912399292, 0.6831939816474915, 0.1667725294828415, 0.5004903078079224, 0.6872823238372803, 0.6735254526138306, 0.3017362654209137, 0.7013759016990662, 0.3873148560523987, 0.3173118829727173, 0.14332188665866852, 0.301551878452301, 0.23142749071121216, 0.35615047812461853, 0.39483433961868286, 0.3423108458518982, 0.2083253264427185, 0.2710731029510498, 0.1180037409067154, 0.22491320967674255, 0.0, 0.07265903055667877, 0.2610117495059967, 0.0, 0.9653312563896179, 0.9872647523880005, 6.477448463439941, 1.0394188165664673, 1.203965663909912, 1.2144495248794556, 5.670914173126221, 1.3692107200622559, 1.6663727760314941, 2.209834337234497, 6.394888877868652, 1.2805308103561401, 1.063297152519226, 1.5726935863494873, 3.5892679691314697, 1.9491997957229614, 0.2592393755912781, 0.4693378806114197, 0.3809811770915985, 0.3328110873699188, 0.061169303953647614, 0.42121103405952454, 0.43338537216186523, 0.23165316879749298, 0.10654941201210022, 0.316010057926178, 0.25954094529151917, 0.17380976676940918, 0.25478920340538025, 0.2175445854663849, 0.17193931341171265, 0.21127675473690033, 0.6566458940505981, 0.4549012780189514, 0.9780099391937256, 0.8029305934906006, 0.34113946557044983, 0.7239776253700256, 0.6541116833686829, 0.6307090520858765, 1.1478886604309082, 0.40444040298461914, 1.008327841758728, 0.42814069986343384, 0.5935680270195007, 0.6793642044067383, 0.6019949316978455, 0.45013850927352905, 0.14625562727451324, 0.073954738676548, 0.13246437907218933, 0.1527748852968216, 0.11535670608282089, 0.18001548945903778, 0.35000354051589966, 0.35241004824638367, 0.112636998295784, 0.15155284106731415, 0.2746387720108032, 0.11645428091287613, 0.14061270654201508, 0.2464286983013153, 0.1514907032251358, 0.30981749296188354], [0.0, 0.0, 0.0, 0.0, 0.0, 0.0, 0.0, 0.0, 0.0, 0.0, 0.013457950204610825, 0.0, 0.9469606876373291, 0.436625212430954, 0.28579074144363403, 0.5773522853851318, 0.0, 0.0, 0.0, 0.0, 0.0, 0.0, 0.0, 0.0, 0.0023489915765821934, 0.0, 0.0, 0.0, 1.9989370107650757, 0.8764270544052124, 0.08620279282331467, 5.079823017120361, 0.07069601118564606, 0.0, 0.0, 0.021304532885551453, 0.5166287422180176, 0.06446883827447891, 0.12982089817523956, 0.09711489826440811, 0.06898506730794907, 0.03015625663101673, 0.0, 0.019075609743595123, 15.098381996154785, 3.404365062713623, 4.420124530792236, 8.0115966796875, 0.0, 0.0, 0.07929938286542892, 0.0, 0.0, 0.0, 0.0, 0.0, 0.0, 0.0, 0.0, 0.0, 0.0, 0.0, 0.0, 0.0, 0.0, 0.0, 0.0, 0.0, 0.0, 0.0, 0.0, 0.0, 0.0, 0.0, 0.0, 0.0, 0.0, 0.0, 0.0, 0.021294303238391876, 0.0, 0.0, 0.0, 0.0, 0.0, 0.0, 0.0, 0.0, 0.0, 4.16244802181609e-06, 0.0, 0.0, 0.0, 0.0, 0.0, 0.0], [0.0, 0.0, 0.0, 0.0, 0.0, 0.0, 0.0, 0.0, 0.0, 0.0, 0.0, 0.0, 1.3796828985214233, 0.0, 0.054645977914333344, 0.08750630170106888, 0.0, 0.0, 0.0, 0.0, 0.0, 0.0, 0.0, 0.0, 0.0, 0.0, 0.0, 0.0, 9.738860130310059, 2.553356409072876, 0.7748383283615112, 9.715155601501465, 0.0, 0.0, 0.4697587490081787, 0.0, 0.0933263897895813, 0.0, 0.39322003722190857, 0.0, 0.0, 0.0, 0.4391840994358063, 0.0, 6.730562686920166, 0.9440974593162537, 1.1044234037399292, 2.711448907852173, 0.0, 0.0, 0.0, 0.0, 0.06394345313310623, 0.0, 0.0, 0.0, 0.0, 0.0, 0.0, 0.0, 0.0, 0.0, 0.0, 0.0, 0.0, 0.0, 0.04375781863927841, 0.0, 0.0, 0.02399323135614395, 0.0, 0.0, 0.0, 0.0, 0.029155103489756584, 0.0, 0.007920724339783192, 0.0, 0.020721333101391792, 0.0, 0.0, 0.0, 0.0, 0.0, 0.0, 0.0, 0.0, 0.0, 0.0, 0.0, 0.0, 0.0, 0.0, 0.0, 0.0, 0.0]]
Time 622.5173916816711
