Created graph
[-7.0, -5, -3.0]
[-6.0, -5, -4.0]
[-4.5, -4.0, -3.5]
[-4.75, -4.5, -4.25]
[-4.625, -4.5, -4.375]
[-4.4375, -4.375, -4.3125]
0 3 100
Score: 77.23047
Signatures: [[0.12428402155637741, 0.23663517832756042, 0.060894470661878586, 0.08567607402801514, 0.11491167545318604, 0.0, 0.055504124611616135, 0.12069990485906601, 0.0, 0.03410851210355759, 0.06542719155550003, 0.11135833710432053, 1.4369781017303467, 0.6749721169471741, 0.10034443438053131, 0.7260146141052246, 0.1798533797264099, 0.16716822981834412, 0.15915866196155548, 0.15701596438884735, 0.25083106756210327, 0.0560629777610302, 0.0, 0.3794563412666321, 0.0937521830201149, 0.07123640924692154, 0.06087471544742584, 0.23276017606258392, 9.477642059326172, 3.2532739639282227, 0.8222142457962036, 10.144543647766113, 0.28222596645355225, 0.06612670421600342, 0.03593677282333374, 0.10165567696094513, 0.4519120156764984, 0.06756813824176788, 0.0, 0.21474795043468475, 0.19016605615615845, 0.0, 0.0, 0.30348989367485046, 5.4592366218566895, 1.7679078578948975, 0.6690357327461243, 1.3835774660110474, 0.0, 0.02997921220958233, 0.061559244990348816, 0.0, 0.14328889548778534, 0.004064195789396763, 0.04257991537451744, 0.10700871050357819, 0.04035775735974312, 0.030762329697608948, 0.033622488379478455, 0.03925398737192154, 0.0, 0.03999929502606392, 0.03934372588992119, 0.030784733593463898, 0.07076478004455566, 0.06436822563409805, 0.15784130990505219, 0.11605344712734222, 0.0, 0.14679209887981415, 0.01632598787546158, 0.10646194964647293, 0.0, 0.015886448323726654, 0.0, 0.1419236809015274, 0.02538313716650009, 0.0769282877445221, 0.0141721460968256, 0.0, 0.0, 0.012560216709971428, 0.040435291826725006, 0.029270967468619347, 0.022013407200574875, 0.04481500759720802, 0.007898175157606602, 0.10567731410264969, 0.03018135204911232, 0.0, 0.022762173786759377, 0.07193940132856369, 0.014514369890093803, 0.0, 0.12446754425764084, 0.0659693107008934], [0.0, 0.0, 0.0, 0.0, 0.0, 0.0, 0.0, 0.0, 0.0, 0.0, 0.0, 0.0, 0.8652360439300537, 0.18881657719612122, 0.2600582242012024, 0.34408220648765564, 0.0, 0.0, 0.0, 0.0, 0.0, 0.0, 0.0, 0.0, 0.0, 0.0, 0.0, 0.0, 1.9567723274230957, 0.5297862887382507, 0.0845244899392128, 4.500722885131836, 0.011936555616557598, 0.0, 0.17089253664016724, 0.028089970350265503, 0.37991926074028015, 0.06831192970275879, 0.25158101320266724, 0.07114264369010925, 0.020302675664424896, 0.018931517377495766, 0.0, 0.0, 14.367055892944336, 2.8008856773376465, 4.2910590171813965, 8.050614356994629, 0.0, 0.0, 0.06096430495381355, 0.0, 0.0, 0.0, 0.0, 0.0, 0.0, 0.0, 0.0, 0.0, 0.0, 0.0, 0.0, 0.0, 0.0, 0.0, 0.0, 0.0, 0.0, 0.0, 0.0, 0.0, 0.0, 0.0, 0.0, 0.0, 0.0, 0.0, 0.0, 0.03249530494213104, 0.0, 0.0, 0.0, 0.0, 0.0, 0.0, 0.0, 0.0, 0.0, 0.018705639988183975, 0.0, 0.0, 0.0, 0.005838774610310793, 0.0, 0.0], [1.0753014087677002, 1.4420630931854248, 0.4102790653705597, 0.8307469487190247, 1.0640053749084473, 1.219712734222412, 0.4205162525177002, 1.0739812850952148, 1.1670730113983154, 1.0862860679626465, 0.2464066445827484, 0.9486578702926636, 0.9313362836837769, 1.4407316446304321, 0.4000507593154907, 1.4173603057861328, 0.7908275127410889, 0.6463156342506409, 0.441703736782074, 0.8037530779838562, 0.6717034578323364, 0.7926186919212341, 0.5489993691444397, 0.972083568572998, 0.4078432619571686, 0.6664754748344421, 0.2957246005535126, 0.6970943808555603, 0.5164670348167419, 0.875881552696228, 0.41566744446754456, 0.9841071367263794, 1.39544677734375, 1.318717360496521, 5.992234706878662, 1.320299506187439, 1.6329721212387085, 1.483810305595398, 5.184484004974365, 1.8938044309616089, 1.8738877773284912, 2.0917611122131348, 5.688852310180664, 1.676880955696106, 1.3097034692764282, 2.5546042919158936, 3.8100287914276123, 2.0052764415740967, 0.3462376594543457, 0.6189992427825928, 0.48940733075141907, 0.37517049908638, 0.16880199313163757, 0.705203115940094, 0.7531313896179199, 0.5548465251922607, 0.2049524486064911, 0.43405693769454956, 0.4031004309654236, 0.2966252863407135, 0.3329310715198517, 0.31905558705329895, 0.27143633365631104, 0.3928297162055969, 0.8156954050064087, 0.6638999581336975, 1.124746322631836, 1.1129720211029053, 0.42145994305610657, 0.8472084403038025, 0.9467765092849731, 0.9203440546989441, 1.0627690553665161, 0.5532520413398743, 0.8865154981613159, 0.6822178959846497, 0.603242814540863, 0.7782771587371826, 0.5687479376792908, 0.5171293616294861, 0.17686624825000763, 0.17833594977855682, 0.3026597797870636, 0.2528051435947418, 0.1744387149810791, 0.320462703704834, 0.5947515368461609, 0.6080127358436584, 0.1830383539199829, 0.269967257976532, 0.4315378665924072, 0.22972653806209564, 0.23773738741874695, 0.31946828961372375, 0.29514840245246887, 0.46111369132995605]]
Time 1300.7205877304077
