Created graph
[-7.0, -5, -3.0]
[-6.0, -5, -4.0]
[-4.5, -4.0, -3.5]
[-4.75, -4.5, -4.25]
[-4.625, -4.5, -4.375]
[-4.4375, -4.375, -4.3125]
10 3 5
Score: 77.17311
Signatures: [[0.12439440190792084, 0.2367977350950241, 0.06097138673067093, 0.08575780689716339, 0.11499867588281631, 0.0, 0.05554225668311119, 0.12078439444303513, 0.0, 0.03414412587881088, 0.06547439843416214, 0.11145125329494476, 1.4379523992538452, 0.6753919124603271, 0.10047001391649246, 0.7269865870475769, 0.17999763786792755, 0.16731944680213928, 0.15932908654212952, 0.15714803338050842, 0.2510620951652527, 0.05613475292921066, 0.0, 0.3797852694988251, 0.09381671994924545, 0.07128949463367462, 0.060928475111722946, 0.232986718416214, 9.484410285949707, 3.25549578666687, 0.8227912187576294, 10.151761054992676, 0.28245779871940613, 0.06613928079605103, 0.03624272346496582, 0.10177010297775269, 0.45263174176216125, 0.06765079498291016, 0.0, 0.21488913893699646, 0.19032186269760132, 0.0, 0.0, 0.3037225306034088, 5.466835021972656, 1.7693042755126953, 0.6708457469940186, 1.3874584436416626, 0.0, 0.02998540550470352, 0.061674319207668304, 0.0, 0.1434316337108612, 0.0040744817815721035, 0.04259170591831207, 0.10714481770992279, 0.04037174582481384, 0.0307688657194376, 0.03365079313516617, 0.039278775453567505, 0.0, 0.0400155633687973, 0.039366159588098526, 0.030822722241282463, 0.0708191841840744, 0.06442023068666458, 0.15795555710792542, 0.1160738468170166, 0.0, 0.14693546295166016, 0.016333650797605515, 0.10658864676952362, 0.0, 0.015906095504760742, 0.0, 0.1420658677816391, 0.025399992242455482, 0.07701803743839264, 0.014176630415022373, 0.0, 0.0, 0.012573935091495514, 0.04046544432640076, 0.029295621439814568, 0.022032691165804863, 0.04485137760639191, 0.007898455485701561, 0.10579045116901398, 0.0302154291421175, 0.0, 0.02278677374124527, 0.07201668620109558, 0.01451630424708128, 0.0, 0.12458158284425735, 0.06603347510099411], [0.0, 0.0, 0.0, 0.0, 0.0, 0.0, 0.0, 0.0, 0.0, 0.0, 0.0, 0.0, 0.8666954040527344, 0.1891908347606659, 0.260292112827301, 0.3441787362098694, 0.0, 0.0, 0.0, 0.0, 0.0, 0.0, 0.0, 0.0, 0.0, 0.0, 0.0, 0.0, 1.961424469947815, 0.5313526391983032, 0.08483245968818665, 4.508808612823486, 0.011923065409064293, 0.0, 0.1705082505941391, 0.02805541269481182, 0.3800332248210907, 0.06827951967716217, 0.2513929009437561, 0.07119850814342499, 0.020261216908693314, 0.018902890384197235, 0.0, 0.0, 14.379505157470703, 2.8044979572296143, 4.2942023277282715, 8.057807922363281, 0.0, 0.0, 0.060952696949243546, 0.0, 0.0, 0.0, 0.0, 0.0, 0.0, 0.0, 0.0, 0.0, 0.0, 0.0, 0.0, 0.0, 0.0, 0.0, 0.0, 0.0, 0.0, 0.0, 0.0, 0.0, 0.0, 0.0, 0.0, 0.0, 0.0, 0.0, 0.0, 0.03251548856496811, 0.0, 0.0, 0.0, 0.0, 0.0, 0.0, 0.0, 0.0, 0.0, 0.01871524751186371, 0.0, 0.0, 0.0, 0.005821330938488245, 0.0, 0.0], [1.0759259462356567, 1.44288170337677, 0.4104849696159363, 0.8311959505081177, 1.0646036863327026, 1.2203468084335327, 0.4207541346549988, 1.0745813846588135, 1.1676323413848877, 1.0868943929672241, 0.24656522274017334, 0.9491843581199646, 0.931782603263855, 1.4416100978851318, 0.40025895833969116, 1.4181950092315674, 0.7912690043449402, 0.6466813087463379, 0.4419451653957367, 0.8042125701904297, 0.6720505952835083, 0.793049693107605, 0.5493296384811401, 0.9726530909538269, 0.4081067740917206, 0.6668479442596436, 0.295887291431427, 0.6975144147872925, 0.516838788986206, 0.8763787150382996, 0.4159342646598816, 0.9844527840614319, 1.3962572813034058, 1.3194873332977295, 5.995437145233154, 1.3209867477416992, 1.63395357131958, 1.48469877243042, 5.187596321105957, 1.8948785066604614, 1.8749563694000244, 2.0928094387054443, 5.692019939422607, 1.6778517961502075, 1.3104413747787476, 2.555950164794922, 3.8121955394744873, 2.0059895515441895, 0.34640824794769287, 0.6193472146987915, 0.4897059202194214, 0.3753882646560669, 0.16888801753520966, 0.7055835127830505, 0.7535625100135803, 0.5551156401634216, 0.2050749808549881, 0.4342922866344452, 0.40331363677978516, 0.2968049943447113, 0.3330954313278198, 0.31925687193870544, 0.27160337567329407, 0.3930259644985199, 0.8161538243293762, 0.6642450094223022, 1.1254189014434814, 1.1136527061462402, 0.4216872453689575, 0.8476026654243469, 0.9472666382789612, 0.9208080172538757, 1.0632760524749756, 0.55353182554245, 0.8869451880455017, 0.6825589537620544, 0.6035342812538147, 0.7786648869514465, 0.5690212845802307, 0.5174135565757751, 0.17697682976722717, 0.1784355491399765, 0.30283766984939575, 0.252953439950943, 0.17453472316265106, 0.3206470310688019, 0.5950945019721985, 0.6083509922027588, 0.18314220011234283, 0.2701263129711151, 0.4317798614501953, 0.2298584282398224, 0.23787978291511536, 0.31965282559394836, 0.29532554745674133, 0.4613981544971466]]
Time 1338.999517440796
