Created graph
[-7.0, -5, -3.0]
[-4.0, -3.0, -2.0]
[-4.5, -4.0, -3.5]
[-4.75, -4.5, -4.25]
[-4.625, -4.5, -4.375]
[-4.4375, -4.375, -4.3125]
1000 4 100
Score: 73.922646
Signatures: [[1.239677906036377, 1.609863519668579, 0.4861307442188263, 0.8914578557014465, 1.1294974088668823, 1.178633689880371, 0.3993886411190033, 0.9423696994781494, 0.6437018513679504, 1.0038819313049316, 0.24400193989276886, 1.1292691230773926, 1.0545274019241333, 2.16898775100708, 0.3053835928440094, 2.00197696685791, 1.058962106704712, 0.9179579615592957, 0.7776384949684143, 1.2493125200271606, 1.1176164150238037, 0.9955894947052002, 0.4012068808078766, 1.6844127178192139, 0.5380693078041077, 0.9137079119682312, 0.4403740167617798, 1.2382237911224365, 3.1910219192504883, 2.6123270988464355, 0.5900284647941589, 5.062111854553223, 1.293013572692871, 0.9417141675949097, 0.692400336265564, 0.8895999193191528, 1.4156996011734009, 0.9027730822563171, 0.22248804569244385, 1.56441330909729, 0.9601584076881409, 0.27134162187576294, 0.0, 1.369081974029541, 1.6724364757537842, 2.965181827545166, 1.2135200500488281, 0.6840300559997559, 0.22561053931713104, 0.43589797616004944, 0.3523899018764496, 0.16332191228866577, 0.3079426884651184, 0.6779642701148987, 0.7724377512931824, 0.8170065879821777, 0.2588336169719696, 0.34176233410835266, 0.36529022455215454, 0.3217984437942505, 0.21185074746608734, 0.2944035828113556, 0.27505579590797424, 0.42186692357063293, 0.536419153213501, 0.5638960003852844, 0.6497774720191956, 0.9239084124565125, 0.2533473074436188, 0.5722249150276184, 0.724341094493866, 0.8321533203125, 0.1360640972852707, 0.3973534107208252, 0.0, 0.7072121500968933, 0.1944090723991394, 0.4606063961982727, 0.0948873832821846, 0.2546556293964386, 0.09409231692552567, 0.2355664223432541, 0.4228246212005615, 0.2631394565105438, 0.1685287207365036, 0.3590768277645111, 0.599511444568634, 0.6854861974716187, 0.1974746137857437, 0.29876190423965454, 0.4083270728588104, 0.32046884298324585, 0.23906052112579346, 0.19913217425346375, 0.45367154479026794, 0.44194909930229187], [0.5744932889938354, 0.8135544061660767, 0.2114863097667694, 0.4807400703430176, 0.6311372518539429, 0.7099253535270691, 0.2722143828868866, 0.7370007038116455, 0.9570477604866028, 0.67697674036026, 0.16614627838134766, 0.49093711376190186, 0.6835918426513672, 0.6661813259124756, 0.3002609312534332, 0.6847954988479614, 0.38043659925460815, 0.31464883685112, 0.13677562773227692, 0.29137375950813293, 0.21274234354496002, 0.35305503010749817, 0.39448752999305725, 0.3318960666656494, 0.2036711424589157, 0.26389840245246887, 0.11535898596048355, 0.21491621434688568, 0.00819990411400795, 0.06764945387840271, 0.26128801703453064, 0.0, 0.958624005317688, 0.9816098213195801, 6.459083557128906, 1.0345426797866821, 1.1942793130874634, 1.208743691444397, 5.673503875732422, 1.3585481643676758, 1.6628602743148804, 2.208204507827759, 6.405892848968506, 1.273301362991333, 1.0974581241607666, 1.5740242004394531, 3.5966384410858154, 1.9393905401229858, 0.2565937638282776, 0.46751847863197327, 0.3775453567504883, 0.3323134183883667, 0.05822715908288956, 0.41612106561660767, 0.4269590973854065, 0.22736051678657532, 0.10469949245452881, 0.3134305775165558, 0.25834551453590393, 0.1716805100440979, 0.25194022059440613, 0.21377648413181305, 0.169666588306427, 0.20723958313465118, 0.6549313068389893, 0.4479033946990967, 0.971238374710083, 0.798780620098114, 0.34095558524131775, 0.7178910970687866, 0.6467879414558411, 0.6221594214439392, 1.1464965343475342, 0.40242430567741394, 1.0087544918060303, 0.4255537986755371, 0.5914397239685059, 0.6737749576568604, 0.6000180840492249, 0.4483623206615448, 0.14705058932304382, 0.07366544753313065, 0.12937377393245697, 0.15213124454021454, 0.11463368684053421, 0.18007025122642517, 0.34526965022087097, 0.3481435775756836, 0.11211452633142471, 0.15059688687324524, 0.2702307105064392, 0.11317167431116104, 0.14041666686534882, 0.24363167583942413, 0.14679457247257233, 0.30609509348869324], [0.0, 0.0, 0.0, 0.0, 0.0, 0.0, 0.0, 0.0, 0.0, 0.0, 0.013172201812267303, 0.0, 0.9429956674575806, 0.4346548616886139, 0.28258368372917175, 0.5785303115844727, 0.0, 0.0, 0.0, 0.0, 0.0, 0.0, 0.0, 0.0, 0.0016209653113037348, 0.0, 0.0, 0.0, 1.969596266746521, 0.8617915511131287, 0.07824303209781647, 5.079020023345947, 0.07018022239208221, 0.0, 0.0, 0.02059011347591877, 0.5172825455665588, 0.06336729228496552, 0.11902441084384918, 0.09496831148862839, 0.06858810782432556, 0.02930537983775139, 0.0, 0.018597735092043877, 15.058347702026367, 3.3950650691986084, 4.418197154998779, 8.022869110107422, 0.0, 0.0, 0.07791290432214737, 0.0, 0.0, 0.0, 0.0, 0.0, 0.0, 0.0, 0.0, 0.0, 0.0, 0.0, 0.0, 0.0, 0.0, 0.0, 0.0, 0.0, 0.0, 0.0, 0.0, 0.0, 0.0, 0.0, 0.0, 0.0, 0.0, 0.0, 0.0, 0.02097463794052601, 0.0, 0.0, 0.0, 0.0, 0.0, 0.0, 0.0, 0.0, 0.0, 0.0, 0.0, 0.0, 0.0, 0.0, 0.0, 0.0], [0.0, 0.0, 0.0, 0.0, 0.0, 0.0, 0.0, 0.0, 0.0, 0.0, 0.0, 0.0, 1.3586262464523315, 0.0, 0.05637221410870552, 0.07092604041099548, 0.0, 0.0, 0.0, 0.0, 0.0, 0.0, 0.0, 0.0, 0.0, 0.0, 0.0, 0.0, 9.646445274353027, 2.533944606781006, 0.775209367275238, 9.543453216552734, 0.0, 0.0, 0.4650996923446655, 0.0, 0.08551342040300369, 0.0, 0.4090096652507782, 0.0, 0.0, 0.0, 0.45346394181251526, 0.0, 6.6019182205200195, 0.9254322648048401, 1.0774792432785034, 2.579261541366577, 0.0, 0.0, 0.0, 0.0, 0.06048998609185219, 0.0, 0.0, 0.0, 0.0, 0.0, 0.0, 0.0, 0.0, 0.0, 0.0, 0.0, 0.0, 0.0, 0.04368579015135765, 0.0, 0.0, 0.026047468185424805, 0.0, 0.0, 0.0, 0.0, 0.03300146758556366, 0.0, 0.010601143352687359, 0.0, 0.02230922132730484, 0.0, 0.0, 0.0, 0.0, 0.0, 0.0, 0.0, 0.0, 0.0, 0.0, 0.0, 0.0, 0.0, 0.0, 0.0, 0.0, 0.0]]
Time 627.523918390274
