Created graph
[-7.0, -5, -3.0]
[-6.0, -5, -4.0]
[-4.5, -4.0, -3.5]
[-4.75, -4.5, -4.25]
[-4.625, -4.5, -4.375]
[-4.4375, -4.375, -4.3125]
1 3 25
Score: 77.23021
Signatures: [[0.12429368495941162, 0.23665139079093933, 0.060899071395397186, 0.08568154275417328, 0.11491917818784714, 0.0, 0.055507175624370575, 0.12070686370134354, 0.0, 0.03411043807864189, 0.0654313787817955, 0.11136494576931, 1.4370722770690918, 0.6750143766403198, 0.10035490989685059, 0.7260717153549194, 0.17986495792865753, 0.1671803593635559, 0.159171000123024, 0.1570267379283905, 0.25084948539733887, 0.056068792939186096, 0.0, 0.3794827163219452, 0.09375805407762527, 0.0712408497929573, 0.06087901070713997, 0.23277747631072998, 9.478156089782715, 3.253459930419922, 0.8222584128379822, 10.145166397094727, 0.28224337100982666, 0.06612928211688995, 0.035958416759967804, 0.10166189074516296, 0.45195871591567993, 0.06757408380508423, 0.0, 0.2147626429796219, 0.19017799198627472, 0.0, 0.0, 0.3035101890563965, 5.4598212242126465, 1.7680678367614746, 0.6691922545433044, 1.3838582038879395, 0.0, 0.02997981570661068, 0.061566174030303955, 0.0, 0.14329956471920013, 0.004064230248332024, 0.04258148744702339, 0.10701791942119598, 0.04036017879843712, 0.030762983486056328, 0.03362433239817619, 0.039256542921066284, 0.0, 0.04000140354037285, 0.03934599086642265, 0.030787255614995956, 0.07076939940452576, 0.06437258422374725, 0.1578509509563446, 0.11605872213840485, 0.0, 0.14680305123329163, 0.01632707007229328, 0.10647163540124893, 0.0, 0.01588742621243, 0.0, 0.14193327724933624, 0.025384215638041496, 0.07693450897932053, 0.014172911643981934, 0.0, 0.0, 0.012561439536511898, 0.0404379777610302, 0.029272934421896935, 0.022015320137143135, 0.04481799155473709, 0.007898494601249695, 0.10568510740995407, 0.030183451250195503, 0.0, 0.022764120250940323, 0.07194498926401138, 0.01451520249247551, 0.0, 0.12447616457939148, 0.06597362458705902], [0.0, 0.0, 0.0, 0.0, 0.0, 0.0, 0.0, 0.0, 0.0, 0.0, 0.0, 0.0, 0.8653174042701721, 0.18883590400218964, 0.2600751519203186, 0.34410664439201355, 0.0, 0.0, 0.0, 0.0, 0.0, 0.0, 0.0, 0.0, 0.0, 0.0, 0.0, 0.0, 1.9570975303649902, 0.5298840999603271, 0.08454494923353195, 4.50122594833374, 0.011936454102396965, 0.0, 0.1708751767873764, 0.028089705854654312, 0.3799339532852173, 0.0683111846446991, 0.2515794336795807, 0.071143738925457, 0.02030124142765999, 0.01892809197306633, 0.0, 0.0, 14.368026733398438, 2.801083564758301, 4.2912917137146, 8.05109977722168, 0.0, 0.0, 0.06096552312374115, 0.0, 0.0, 0.0, 0.0, 0.0, 0.0, 0.0, 0.0, 0.0, 0.0, 0.0, 0.0, 0.0, 0.0, 0.0, 0.0, 0.0, 0.0, 0.0, 0.0, 0.0, 0.0, 0.0, 0.0, 0.0, 0.0, 0.0, 0.0, 0.03249615803360939, 0.0, 0.0, 0.0, 0.0, 0.0, 0.0, 0.0, 0.0, 0.0, 0.01870628260076046, 0.0, 0.0, 0.0, 0.00583851570263505, 0.0, 0.0], [1.0753422975540161, 1.4421175718307495, 0.4102947413921356, 0.830778956413269, 1.0640455484390259, 1.2197582721710205, 0.42053306102752686, 1.0740224123001099, 1.1671136617660522, 1.086326241493225, 0.2464173287153244, 0.9486947059631348, 0.9313743710517883, 1.4407912492752075, 0.40006691217422485, 1.4174140691757202, 0.7908576726913452, 0.6463399529457092, 0.4417201578617096, 0.8037828803062439, 0.6717274785041809, 0.7926477789878845, 0.5490214228630066, 0.9721206426620483, 0.40785887837409973, 0.6665015816688538, 0.2957354187965393, 0.697120189666748, 0.5165079832077026, 0.8759198784828186, 0.41568711400032043, 0.9841544032096863, 1.3955042362213135, 1.318770170211792, 5.992466926574707, 1.320350170135498, 1.6330397129058838, 1.4838712215423584, 5.184699535369873, 1.893881916999817, 1.8739632368087769, 2.0918400287628174, 5.689077377319336, 1.6769464015960693, 1.3097623586654663, 2.5547077655792236, 3.810181140899658, 2.0053467750549316, 0.3462494909763336, 0.6190248131752014, 0.48942774534225464, 0.37518540024757385, 0.16880780458450317, 0.7052295804023743, 0.7531613707542419, 0.5548664331436157, 0.20496085286140442, 0.43407419323921204, 0.40311652421951294, 0.29663729667663574, 0.332943320274353, 0.3190687298774719, 0.27144718170166016, 0.3928433060646057, 0.815727710723877, 0.6639254093170166, 1.1247925758361816, 1.1130174398422241, 0.42147600650787354, 0.8472393751144409, 0.9468114972114563, 0.9203766584396362, 1.0628068447113037, 0.5532729029655457, 0.8865486979484558, 0.6822434067726135, 0.6032651662826538, 0.7783054709434509, 0.5687681436538696, 0.5171502232551575, 0.1768733412027359, 0.17834241688251495, 0.3026711642742157, 0.25281524658203125, 0.1744449883699417, 0.32047533988952637, 0.59477299451828, 0.6080362200737, 0.18304574489593506, 0.26997798681259155, 0.43155330419540405, 0.2297356128692627, 0.2377461940050125, 0.3194803297519684, 0.2951604425907135, 0.4611322581768036]]
Time 1339.508532524109
