Created graph
[-7.0, -5, -3.0]
[-4.0, -3.0, -2.0]
[-4.5, -4.0, -3.5]
[-4.75, -4.5, -4.25]
[-4.375, -4.25, -4.125]
[-4.4375, -4.375, -4.3125]
5000 3 200
Score: 75.19414
Signatures: [[0.13753588497638702, 0.2772728502750397, 0.0731576457619667, 0.09247902035713196, 0.12226776033639908, 0.0, 0.05892261490225792, 0.1292426735162735, 0.0, 0.019133316352963448, 0.07900387048721313, 0.11699215322732925, 1.8497151136398315, 0.8411710858345032, 0.14769574999809265, 0.965551495552063, 0.21027706563472748, 0.20239971578121185, 0.2007916420698166, 0.18100666999816895, 0.3163747489452362, 0.05355202406644821, 0.0, 0.4687275290489197, 0.11020541191101074, 0.07181122153997421, 0.07137786597013474, 0.2863193154335022, 11.68602180480957, 4.064751625061035, 1.0035367012023926, 12.909238815307617, 0.33095312118530273, 0.05494098365306854, 0.04877857863903046, 0.11146833002567291, 0.6412018537521362, 0.0718681588768959, 0.0, 0.255871057510376, 0.2183857411146164, 0.0, 0.0, 0.36001521348953247, 8.369406700134277, 2.515211820602417, 1.4570558071136475, 2.70283842086792, 0.0, 0.022069886326789856, 0.08580303192138672, 0.0, 0.1852167397737503, 0.0, 0.032902512699365616, 0.13184721767902374, 0.045072685927152634, 0.024690687656402588, 0.03351249545812607, 0.04286714270710945, 0.0, 0.04206538945436478, 0.04340570420026779, 0.032960742712020874, 0.08053305745124817, 0.0703158751130104, 0.18874211609363556, 0.11696191132068634, 0.0, 0.18225254118442535, 0.007010294124484062, 0.12682116031646729, 0.0, 0.013937853276729584, 0.0, 0.16885283589363098, 0.02569982036948204, 0.09122414141893387, 0.010903066955506802, 0.0, 0.0, 0.01182121504098177, 0.04255480691790581, 0.030708065256476402, 0.025254730135202408, 0.05148164927959442, 0.0005193579127080739, 0.1268150359392166, 0.035036761313676834, 0.0, 0.020578809082508087, 0.0912986546754837, 0.01159060187637806, 0.0, 0.15556669235229492, 0.07673511654138565], [0.0, 0.0, 0.0, 0.0, 0.0, 0.0, 0.0, 0.0, 0.0, 0.0, 0.0, 0.0, 1.2286474704742432, 0.2682938575744629, 0.33202430605888367, 0.43275097012519836, 0.0, 0.0, 0.0, 0.0, 0.0, 0.0, 0.0, 0.0, 0.0, 0.0, 0.0, 0.0, 3.4625651836395264, 0.9653921723365784, 0.17944468557834625, 6.752629280090332, 0.013156830333173275, 0.0, 0.08359692245721817, 0.025705980136990547, 0.43840262293815613, 0.06127171218395233, 0.18884283304214478, 0.06729556620121002, 0.006224889773875475, 2.3208871425595134e-05, 0.0, 0.0, 18.60532569885254, 3.6472761631011963, 5.23190975189209, 10.253120422363281, 0.0, 0.0, 0.06436005979776382, 0.0, 0.0, 0.0, 0.0, 0.0, 0.0, 0.0, 0.0, 0.0, 0.0, 0.0, 0.0, 0.0, 0.0, 0.0, 0.0, 0.0, 0.0, 0.0, 0.0, 0.0, 0.0, 0.0, 0.0, 0.0, 0.0, 0.0, 0.0, 0.03013683296740055, 0.0, 0.0, 0.0, 0.0, 0.0, 0.0, 0.0, 0.0, 0.0, 0.019005978479981422, 0.0, 0.0, 0.0, 0.0010860306210815907, 0.0, 0.0], [1.2660682201385498, 1.695338249206543, 0.48009192943573, 0.975795328617096, 1.250052809715271, 1.4106241464614868, 0.4974214732646942, 1.2615591287612915, 1.3363170623779297, 1.2698216438293457, 0.2945154011249542, 1.117060899734497, 1.1343876123428345, 1.723198652267456, 0.47394049167633057, 1.6906014680862427, 0.9353469014167786, 0.7609275579452515, 0.519946277141571, 0.9474124908447266, 0.786749541759491, 0.9276263117790222, 0.6421353816986084, 1.1514092683792114, 0.4824128746986389, 0.7851459980010986, 0.3468032479286194, 0.8224291801452637, 0.8595269322395325, 1.11005437374115, 0.5178260207176208, 1.4709774255752563, 1.6534525156021118, 1.5529812574386597, 6.974120140075684, 1.540380597114563, 1.9413083791732788, 1.7516549825668335, 6.101058006286621, 2.235114574432373, 2.203942060470581, 2.4193947315216064, 6.620401859283447, 1.9757169485092163, 1.8262535333633423, 3.0721652507781982, 4.528158187866211, 2.4117748737335205, 0.3966442346572876, 0.72999107837677, 0.582110583782196, 0.43874800205230713, 0.20011666417121887, 0.821668267250061, 0.8868649005889893, 0.6469599604606628, 0.24277335405349731, 0.5103044509887695, 0.4735060930252075, 0.3512161672115326, 0.3832089304924011, 0.37804877758026123, 0.3194354474544525, 0.455818235874176, 0.9540183544158936, 0.7745283842086792, 1.3245469331741333, 1.3168325424194336, 0.4889906942844391, 0.9826580882072449, 1.1014317274093628, 1.0700831413269043, 1.2184404134750366, 0.6419852375984192, 1.0219404697418213, 0.7990096807479858, 0.6975957751274109, 0.9030960202217102, 0.6557472348213196, 0.6068287491798401, 0.2072792947292328, 0.20887380838394165, 0.3570916950702667, 0.30032333731651306, 0.20370645821094513, 0.3767974078655243, 0.6905010938644409, 0.7128937840461731, 0.21563105285167694, 0.31852811574935913, 0.5051792860031128, 0.2709009051322937, 0.2796240448951721, 0.3720654249191284, 0.35169705748558044, 0.5439950823783875]]
Time 923.5414662361145
