Created graph
[-7.0, -5, -3.0]
[-6.0, -5, -4.0]
[-4.5, -4.0, -3.5]
[-4.75, -4.5, -4.25]
[-4.625, -4.5, -4.375]
[-4.4375, -4.375, -4.3125]
1 3 200
Score: 77.229904
Signatures: [[0.12429292500019073, 0.23665183782577515, 0.06089942157268524, 0.08568168431520462, 0.11491860449314117, 0.0, 0.055506955832242966, 0.12070680409669876, 0.0, 0.03410913422703743, 0.06543157994747162, 0.11136452108621597, 1.437087059020996, 0.6750190258026123, 0.10035645216703415, 0.7260770201683044, 0.17986541986465454, 0.16718052327632904, 0.15917161107063293, 0.15702706575393677, 0.2508508861064911, 0.056067101657390594, 0.0, 0.3794844448566437, 0.09375826269388199, 0.07124067097902298, 0.060879189521074295, 0.23277807235717773, 9.47822380065918, 3.253485918045044, 0.8222643136978149, 10.145256042480469, 0.28224363923072815, 0.06612823903560638, 0.03595399856567383, 0.10166184604167938, 0.4519595801830292, 0.06757406890392303, 0.0, 0.2147630900144577, 0.19017788767814636, 0.0, 0.0, 0.303509920835495, 5.459929466247559, 1.7680913209915161, 0.6692152619361877, 1.3838896751403809, 0.0, 0.0299797635525465, 0.06156612187623978, 0.0, 0.14330051839351654, 0.004063804633915424, 0.04258093982934952, 0.10701807588338852, 0.040360160171985626, 0.03076271526515484, 0.03362413868308067, 0.03925642743706703, 0.0, 0.0400015152990818, 0.03934589773416519, 0.030787233263254166, 0.07076964527368546, 0.06437281519174576, 0.15785156190395355, 0.11605802923440933, 0.0, 0.14680345356464386, 0.016326364129781723, 0.10647149384021759, 0.0, 0.015887653455138206, 0.0, 0.14193324744701385, 0.025384191423654556, 0.07693437486886978, 0.014172959141433239, 0.0, 0.0, 0.012561115436255932, 0.040438052266836166, 0.02927270717918873, 0.02201494760811329, 0.044817887246608734, 0.007897919043898582, 0.10568559169769287, 0.030183512717485428, 0.0, 0.022763550281524658, 0.07194552570581436, 0.014514757320284843, 0.0, 0.12447682023048401, 0.06597388535737991], [0.0, 0.0, 0.0, 0.0, 0.0, 0.0, 0.0, 0.0, 0.0, 0.0, 0.0, 0.0, 0.8653232455253601, 0.18883784115314484, 0.2600767910480499, 0.34410884976387024, 0.0, 0.0, 0.0, 0.0, 0.0, 0.0, 0.0, 0.0, 0.0, 0.0, 0.0, 0.0, 1.957122564315796, 0.5298892259597778, 0.08454612642526627, 4.5012617111206055, 0.011937718838453293, 0.0, 0.17087742686271667, 0.028090601786971092, 0.3799394369125366, 0.06831183284521103, 0.25158125162124634, 0.07114466279745102, 0.020301848649978638, 0.018928024917840958, 0.0, 0.0, 14.368119239807129, 2.80110239982605, 4.291319370269775, 8.051165580749512, 0.0, 0.0, 0.06096643581986427, 0.0, 0.0, 0.0, 0.0, 0.0, 0.0, 0.0, 0.0, 0.0, 0.0, 0.0, 0.0, 0.0, 0.0, 0.0, 0.0, 0.0, 0.0, 0.0, 0.0, 0.0, 0.0, 0.0, 0.0, 0.0, 0.0, 0.0, 0.0, 0.03249632939696312, 0.0, 0.0, 0.0, 0.0, 0.0, 0.0, 0.0, 0.0, 0.0, 0.01870633102953434, 0.0, 0.0, 0.0, 0.005838148295879364, 0.0, 0.0], [1.07534658908844, 1.4421236515045166, 0.41029590368270874, 0.8307816982269287, 1.0640496015548706, 1.219761848449707, 0.4205346703529358, 1.074026107788086, 1.1671160459518433, 1.0863311290740967, 0.24641822278499603, 0.9486980438232422, 0.9313775300979614, 1.4407963752746582, 0.40006786584854126, 1.4174203872680664, 0.7908613085746765, 0.6463429927825928, 0.44172200560569763, 0.8037866950035095, 0.671730101108551, 0.7926514744758606, 0.5490229725837708, 0.9721255898475647, 0.4078611135482788, 0.6665039658546448, 0.29573652148246765, 0.697123646736145, 0.5165141820907593, 0.875924289226532, 0.41568878293037415, 0.9841663837432861, 1.3955085277557373, 1.318774938583374, 5.9924798011779785, 1.3203531503677368, 1.6330446004867554, 1.4838752746582031, 5.184711933135986, 1.8938871622085571, 1.8739680051803589, 2.091844320297241, 5.689090728759766, 1.6769534349441528, 1.309755563735962, 2.5547144412994385, 3.8101859092712402, 2.0053458213806152, 0.3462505042552948, 0.6190263032913208, 0.4894292652606964, 0.3751864731311798, 0.1688087433576584, 0.7052320837974548, 0.7531641125679016, 0.5548686981201172, 0.20496150851249695, 0.43407562375068665, 0.4031176269054413, 0.2966383397579193, 0.3329440653324127, 0.3190697133541107, 0.27144819498062134, 0.39284446835517883, 0.8157292604446411, 0.6639271974563599, 1.1247962713241577, 1.1130220890045166, 0.4214770197868347, 0.8472415804862976, 0.9468145370483398, 0.9203799366950989, 1.0628091096878052, 0.5532739162445068, 0.8865501880645752, 0.6822454333305359, 0.6032659411430359, 0.7783077955245972, 0.5687691569328308, 0.5171513557434082, 0.17687401175498962, 0.17834337055683136, 0.302672415971756, 0.25281643867492676, 0.17444586753845215, 0.32047656178474426, 0.5947756767272949, 0.6080381274223328, 0.18304622173309326, 0.2699790894985199, 0.4315556287765503, 0.2297360748052597, 0.23774750530719757, 0.3194812834262848, 0.29516154527664185, 0.4611338973045349]]
Time 1341.5039246082306
