Created graph
[-7.0, -5, -3.0]
[-4.0, -3.0, -2.0]
[-4.5, -4.0, -3.5]
[-4.75, -4.5, -4.25]
[-4.625, -4.5, -4.375]
[-4.4375, -4.375, -4.3125]
100 3 100
Score: 77.1618
Signatures: [[0.12512920796871185, 0.2382427304983139, 0.06140035763382912, 0.08624359965324402, 0.11556632071733475, 0.0, 0.055786021053791046, 0.1213580071926117, 0.0, 0.03419341519474983, 0.06589225679636002, 0.1119205504655838, 1.4472862482070923, 0.6796290874481201, 0.101618692278862, 0.7320050001144409, 0.1810164451599121, 0.16833777725696564, 0.16043972969055176, 0.15809856355190277, 0.25273507833480835, 0.05644404888153076, 0.0, 0.3821881115436554, 0.09433964639902115, 0.07167338579893112, 0.06131148338317871, 0.2345207929611206, 9.533344268798828, 3.273799180984497, 0.8270187973976135, 10.212947845458984, 0.2840544283390045, 0.06627552211284637, 0.03749500960111618, 0.10221797227859497, 0.45672231912612915, 0.06814795732498169, 0.0, 0.21633478999137878, 0.19138233363628387, 0.0, 0.0, 0.3055586814880371, 5.527261257171631, 1.7856169939041138, 0.687572181224823, 1.4141665697097778, 0.0, 0.03009108640253544, 0.06227943301200867, 0.0, 0.14438726007938385, 0.004038803745061159, 0.04270106926560402, 0.10786692798137665, 0.040594518184661865, 0.030817462131381035, 0.03380439057946205, 0.03948795795440674, 0.0, 0.04022355005145073, 0.03957662358880043, 0.03099171444773674, 0.07130318880081177, 0.06481584161520004, 0.1588752120733261, 0.11648460477590561, 0.0, 0.14791233837604523, 0.016426322981715202, 0.10738921910524368, 0.0, 0.01599959470331669, 0.0, 0.1428552120923996, 0.025525446981191635, 0.07754592597484589, 0.014210822992026806, 0.0, 0.0, 0.012646793387830257, 0.04069240391254425, 0.02942664921283722, 0.022178003564476967, 0.04511825367808342, 0.00786859355866909, 0.10648080706596375, 0.030382081866264343, 0.0, 0.022884666919708252, 0.07251401245594025, 0.014556908048689365, 0.0, 0.1253552883863449, 0.06640796363353729], [0.0, 0.0, 0.0, 0.0, 0.0, 0.0, 0.0, 0.0, 0.0, 0.0, 0.0, 0.0, 0.8741951584815979, 0.19083140790462494, 0.26186463236808777, 0.34671613574028015, 0.0, 0.0, 0.0, 0.0, 0.0, 0.0, 0.0, 0.0, 0.0, 0.0, 0.0, 0.0, 1.9906022548675537, 0.5397648811340332, 0.08656934648752213, 4.554300308227539, 0.011982706375420094, 0.0, 0.16944627463817596, 0.028191346675157547, 0.381817489862442, 0.06833591312170029, 0.25162190198898315, 0.07128261774778366, 0.02013731189072132, 0.01856335811316967, 0.0, 0.0, 14.474715232849121, 2.823180913925171, 4.31689977645874, 8.107309341430664, 0.0, 0.0, 0.061150625348091125, 0.0, 0.0, 0.0, 0.0, 0.0, 0.0, 0.0, 0.0, 0.0, 0.0, 0.0, 0.0, 0.0, 0.0, 0.0, 0.0, 0.0, 0.0, 0.0, 0.0, 0.0, 0.0, 0.0, 0.0, 0.0, 0.0, 0.0, 0.0, 0.032597314566373825, 0.0, 0.0, 0.0, 0.0, 0.0, 0.0, 0.0, 0.0, 0.0, 0.018795562908053398, 0.0, 0.0, 0.0, 0.005785088520497084, 0.0, 0.0], [1.0798805952072144, 1.4481029510498047, 0.41195768117904663, 0.8342307806015015, 1.0685310363769531, 1.224615454673767, 0.42237207293510437, 1.078517198562622, 1.1714900732040405, 1.090769648551941, 0.24754196405410767, 0.952778160572052, 0.935466468334198, 1.4472119808197021, 0.4017968475818634, 1.4236119985580444, 0.7942276000976562, 0.6490353345870972, 0.44351425766944885, 0.8071193695068359, 0.674395740032196, 0.7959032654762268, 0.5513694286346436, 0.9762349128723145, 0.4096320569515228, 0.6692560315132141, 0.2969134747982025, 0.7000423073768616, 0.5214954018592834, 0.880178689956665, 0.41784268617630005, 0.9903347492218018, 1.4016094207763672, 1.3245680332183838, 6.017253398895264, 1.3257017135620117, 1.6402690410614014, 1.4903826713562012, 5.207453727722168, 1.9020729064941406, 1.8820358514785767, 2.1002578735351562, 5.712900161743164, 1.6840693950653076, 1.315090298652649, 2.5655157566070557, 3.8258516788482666, 2.012216091156006, 0.34754815697669983, 0.621688961982727, 0.4916186034679413, 0.37678882479667664, 0.16948091983795166, 0.7081182599067688, 0.7564284205436707, 0.5570619702339172, 0.20583078265190125, 0.43592333793640137, 0.4048013985157013, 0.2979230582714081, 0.33424094319343567, 0.32045698165893555, 0.2726210951805115, 0.3943592309951782, 0.8190914392471313, 0.6665826439857483, 1.1296902894973755, 1.1179715394973755, 0.42318740487098694, 0.8505416512489319, 0.9506253600120544, 0.923988401889801, 1.0668153762817383, 0.5554678440093994, 0.8900893330574036, 0.6850284934043884, 0.6056747436523438, 0.7813798189163208, 0.5709900259971619, 0.5193482041358948, 0.1776389181613922, 0.17907603085041046, 0.303954154253006, 0.2539624273777008, 0.1751304268836975, 0.32182881236076355, 0.5971421599388123, 0.6105425357818604, 0.1838337481021881, 0.2711413502693176, 0.43334800004959106, 0.2307019978761673, 0.2387283444404602, 0.3207901120185852, 0.29647576808929443, 0.46315374970436096]]
Time 853.2934098243713
