Created graph
[-7.0, -5, -3.0]
[-4.0, -3.0, -2.0]
[-4.5, -4.0, -3.5]
[-4.75, -4.5, -4.25]
[-4.375, -4.25, -4.125]
[-4.4375, -4.375, -4.3125]
5000 4 5
Score: 72.86534
Signatures: [[1.339229702949524, 1.743998646736145, 0.534835159778595, 0.9719146490097046, 1.2032217979431152, 1.244691252708435, 0.43991196155548096, 1.0166382789611816, 0.7071738243103027, 1.0862679481506348, 0.2786679267883301, 1.2340487241744995, 1.2673090696334839, 2.313904285430908, 0.31392163038253784, 2.0976691246032715, 1.1416124105453491, 0.9878616333007812, 0.8459393978118896, 1.3263509273529053, 1.1734496355056763, 1.0906116962432861, 0.41811227798461914, 1.8106911182403564, 0.5458714365959167, 0.9858061075210571, 0.4766557514667511, 1.3119585514068604, 4.7418951988220215, 3.0626442432403564, 0.7350095510482788, 6.441110134124756, 1.4132510423660278, 1.0575865507125854, 1.4760987758636475, 0.9614838361740112, 1.5915123224258423, 0.9736607670783997, 0.5930984616279602, 1.7038004398345947, 1.1019954681396484, 0.3135407269001007, 0.3308069407939911, 1.5228430032730103, 2.0548479557037354, 3.1707661151885986, 1.4655513763427734, 0.6569243669509888, 0.2527807056903839, 0.47871363162994385, 0.3896527886390686, 0.18909841775894165, 0.32747405767440796, 0.7014822959899902, 0.8321995735168457, 0.8815799951553345, 0.2780799865722656, 0.35125312209129333, 0.397549569606781, 0.3765125572681427, 0.24299503862857819, 0.3201129138469696, 0.2848992943763733, 0.45903298258781433, 0.6097971796989441, 0.5895490050315857, 0.7621731162071228, 1.0068014860153198, 0.2959763705730438, 0.66750168800354, 0.7821166515350342, 0.9310576319694519, 0.17630372941493988, 0.46825096011161804, 0.0004271717043593526, 0.7934258580207825, 0.23401837050914764, 0.5019482970237732, 0.0947195366024971, 0.2664627432823181, 0.11063164472579956, 0.2495458573102951, 0.4548089802265167, 0.30232539772987366, 0.18604496121406555, 0.408659964799881, 0.6175147891044617, 0.743658721446991, 0.21305802464485168, 0.28757143020629883, 0.4376482665538788, 0.35873931646347046, 0.26816827058792114, 0.2397093027830124, 0.46520963311195374, 0.5027076601982117], [0.6943477988243103, 0.9786800146102905, 0.25423431396484375, 0.5667570233345032, 0.7531861066818237, 0.8419447541236877, 0.3173353672027588, 0.8587199449539185, 1.0600415468215942, 0.788539707660675, 0.19677971303462982, 0.5868003964424133, 0.7771644592285156, 0.8795013427734375, 0.36395135521888733, 0.9030857682228088, 0.476523756980896, 0.39169377088546753, 0.1868085265159607, 0.3871557116508484, 0.31895753741264343, 0.4342546761035919, 0.46146291494369507, 0.4664725959300995, 0.2684497833251953, 0.33539044857025146, 0.1449478417634964, 0.306534081697464, 0.0, 0.15066573023796082, 0.2924680709838867, 0.0, 1.126884937286377, 1.1119754314422607, 6.792802333831787, 1.1837619543075562, 1.3977280855178833, 1.398535132408142, 6.194395065307617, 1.5980833768844604, 1.8741694688796997, 2.4232335090637207, 6.926183700561523, 1.454626202583313, 1.5461503267288208, 1.9807449579238892, 4.100799083709717, 2.370014190673828, 0.2812056839466095, 0.5349128246307373, 0.44052961468696594, 0.36951780319213867, 0.08134373277425766, 0.5048539042472839, 0.5126630663871765, 0.2873247563838959, 0.13113173842430115, 0.3699911832809448, 0.3028910756111145, 0.19071392714977264, 0.27713069319725037, 0.25040194392204285, 0.20967787504196167, 0.24618570506572723, 0.7298233509063721, 0.531882643699646, 1.088883638381958, 0.9259477853775024, 0.3758244812488556, 0.7900645136833191, 0.7459700107574463, 0.7006845474243164, 1.2328342199325562, 0.4385523200035095, 1.1000232696533203, 0.4939921200275421, 0.6445895433425903, 0.7476570010185242, 0.6585977673530579, 0.5167476534843445, 0.1639815717935562, 0.09353827685117722, 0.161314457654953, 0.17237617075443268, 0.13094933331012726, 0.20757770538330078, 0.41765618324279785, 0.41677960753440857, 0.13333262503147125, 0.1957966536283493, 0.3155926465988159, 0.1356213390827179, 0.15957896411418915, 0.2599238455295563, 0.1931871473789215, 0.3489285409450531], [0.0, 0.0, 0.0, 0.0, 0.0, 0.0, 0.0, 0.0, 0.0, 0.0, 0.008557338267564774, 0.0, 1.3468959331512451, 0.5557111501693726, 0.28797757625579834, 0.6603427529335022, 0.0, 0.0, 0.0, 0.0, 0.0, 0.0, 0.0, 0.0, 0.0062493449077010155, 0.0, 0.0, 0.0, 3.5314524173736572, 1.2382899522781372, 0.1624828726053238, 7.230560779571533, 0.08470743149518967, 0.0, 0.0, 0.008574959821999073, 0.5484446883201599, 0.051789697259664536, 0.017837725579738617, 0.07372090220451355, 0.018040386959910393, 0.0, 0.0, 0.0035540922544896603, 18.64362144470215, 4.017535209655762, 5.153929233551025, 9.644521713256836, 0.0, 0.0, 0.09032128751277924, 0.0, 0.0, 0.0, 0.0, 0.0, 0.0, 0.0, 0.0, 0.0, 0.0, 0.0, 0.0, 0.0, 0.0, 0.0, 0.0, 0.0, 0.0, 0.0, 0.0, 0.0, 0.0, 0.0, 0.0, 0.0, 0.0, 0.0, 0.0, 0.011874055489897728, 0.0, 0.0, 0.0, 0.0, 0.0, 0.0, 0.0, 0.0, 0.0, 0.006180786993354559, 0.0, 0.0, 0.0, 0.0, 0.0, 0.0], [0.0, 0.0, 0.0, 0.0, 0.0, 0.0, 0.0, 0.0, 0.0, 0.0, 0.0, 0.0, 1.5448647737503052, 0.0, 0.16153734922409058, 0.2426990419626236, 0.0, 0.0, 0.0, 0.0, 0.0, 0.0, 0.0, 0.0, 0.0, 0.0, 0.0, 0.0, 10.656583786010742, 3.068194627761841, 0.8897645473480225, 11.23910903930664, 0.0, 0.0, 0.22122988104820251, 0.0, 0.21051231026649475, 0.0, 0.379644513130188, 0.0, 0.02090557850897312, 0.0, 0.2970332205295563, 0.0, 9.109329223632812, 1.6192936897277832, 1.750602126121521, 4.088644504547119, 0.0, 0.0, 0.0, 0.0, 0.08505737036466599, 0.0, 0.0, 0.0, 0.0, 0.0, 0.0, 0.0, 0.0, 0.0, 0.0, 0.0, 0.0, 0.0, 0.020032573491334915, 0.0, 0.0, 0.00712702376767993, 0.0, 0.0, 0.0, 0.0, 0.031795699149370193, 0.0, 0.0031845481134951115, 0.0, 0.024620933458209038, 0.0, 0.0, 0.0, 0.0, 0.0, 0.0, 0.0, 0.0, 0.0, 0.0, 0.0, 0.0, 0.0, 0.0, 0.0, 0.00018762133549898863, 0.0]]
Time 942.8485414981842
