Created graph
[-7.0, -5, -3.0]
[-4.0, -3.0, -2.0]
[-4.5, -4.0, -3.5]
[-4.75, -4.5, -4.25]
[-4.625, -4.5, -4.375]
[-4.4375, -4.375, -4.3125]
1000 3 25
Score: 76.65995
Signatures: [[0.12895818054676056, 0.2495942860841751, 0.06475260108709335, 0.0895901471376419, 0.11866193264722824, 0.0, 0.05661823973059654, 0.12699708342552185, 0.0, 0.033498141914606094, 0.06891949474811554, 0.11578094959259033, 1.5692178010940552, 0.7244696617126465, 0.11435798555612564, 0.7978385090827942, 0.19100387394428253, 0.17826032638549805, 0.1698455810546875, 0.16639311611652374, 0.26847922801971436, 0.057927001267671585, 0.0, 0.4047445058822632, 0.09986930340528488, 0.0751974880695343, 0.06413557380437851, 0.24583587050437927, 10.128488540649414, 3.4871418476104736, 0.875241756439209, 10.894673347473145, 0.3000880181789398, 0.06546401977539062, 0.04791927710175514, 0.11093077808618546, 0.49298492074012756, 0.07415881007909775, 0.0, 0.2291090190410614, 0.19923217594623566, 0.0, 0.0, 0.31676411628723145, 6.174607753753662, 1.9575296640396118, 0.8484212756156921, 1.6749763488769531, 0.0, 0.030230136588215828, 0.06944199651479721, 0.0, 0.1548277586698532, 0.0033642249181866646, 0.04192754998803139, 0.11506783217191696, 0.042440686374902725, 0.030868373811244965, 0.034274615347385406, 0.041571371257305145, 0.0, 0.0420195609331131, 0.040323108434677124, 0.03302225470542908, 0.07245903462171555, 0.0685749426484108, 0.16500090062618256, 0.11752216517925262, 0.0, 0.1560683399438858, 0.014593400061130524, 0.11279106885194778, 0.0, 0.017019575461745262, 0.0, 0.14846505224704742, 0.02578652836382389, 0.07850179821252823, 0.015227973461151123, 0.0, 0.0, 0.01268971711397171, 0.04219796508550644, 0.030199510976672173, 0.022478731349110603, 0.046186525374650955, 0.006763393525034189, 0.11282844096422195, 0.031175777316093445, 0.0, 0.02357889898121357, 0.07643173635005951, 0.014409937895834446, 0.0, 0.13196510076522827, 0.06923308223485947], [0.0, 0.0, 0.0, 0.0, 0.0, 0.0, 0.0, 0.0, 0.0, 0.0, 0.0, 0.0, 0.9264193177223206, 0.20534050464630127, 0.27533799409866333, 0.3604346811771393, 0.0, 0.0, 0.0, 0.0, 0.0, 0.0, 0.0, 0.0, 0.0, 0.0, 0.0, 0.0, 2.240495204925537, 0.6081264615058899, 0.10318918526172638, 4.962597846984863, 0.011801572516560555, 0.0, 0.15509207546710968, 0.025917591527104378, 0.40029340982437134, 0.0666564404964447, 0.2451896071434021, 0.07229941338300705, 0.01993734762072563, 0.01545060146600008, 0.0, 0.0, 15.314080238342285, 2.990471363067627, 4.517299175262451, 8.562272071838379, 0.0, 0.0, 0.0614539198577404, 0.0, 0.0, 0.0, 0.0, 0.0, 0.0, 0.0, 0.0, 0.0, 0.0, 0.0, 0.0, 0.0, 0.0, 0.0, 0.0, 0.0, 0.0, 0.0, 0.0, 0.0, 0.0, 0.0, 0.0, 0.0, 0.0, 0.0, 0.0, 0.03295564278960228, 0.0, 0.0, 0.0, 0.0, 0.0, 0.0, 0.0, 0.0, 0.0, 0.019285446032881737, 0.0, 0.0, 0.0, 0.004860905464738607, 0.0, 0.0], [1.1245267391204834, 1.5075762271881104, 0.4275702238082886, 0.8660733103752136, 1.110890507698059, 1.267911672592163, 0.44025781750679016, 1.1195220947265625, 1.2100415229797363, 1.1330695152282715, 0.25894343852996826, 0.9891800284385681, 0.9766764640808105, 1.5091582536697388, 0.41727182269096375, 1.4809327125549316, 0.8259328007698059, 0.6751512289047241, 0.46167418360710144, 0.8395607471466064, 0.7004905939102173, 0.8263436555862427, 0.5736198425292969, 1.0172309875488281, 0.4263837933540344, 0.6959984302520752, 0.3085496723651886, 0.7304297685623169, 0.5799130797386169, 0.9280036687850952, 0.4393600821495056, 1.0837247371673584, 1.459987759590149, 1.3781414031982422, 6.242835998535156, 1.373529076576233, 1.710727572441101, 1.5497217178344727, 5.418919563293457, 1.978694200515747, 1.956964373588562, 2.1733317375183105, 5.930055141448975, 1.7547597885131836, 1.3824900388717651, 2.6769795417785645, 3.9767441749572754, 2.087446928024292, 0.3591476380825043, 0.6464974880218506, 0.5122461318969727, 0.3913654685020447, 0.17644110321998596, 0.7341110706329346, 0.7869307994842529, 0.5769006013870239, 0.21499496698379517, 0.45269960165023804, 0.4205535650253296, 0.31046485900878906, 0.34569740295410156, 0.3339221179485321, 0.28444284200668335, 0.40830370783805847, 0.8516352772712708, 0.690601646900177, 1.1775270700454712, 1.1650240421295166, 0.4386485517024994, 0.8805493712425232, 0.9857998490333557, 0.9585899114608765, 1.1021312475204468, 0.5751072764396667, 0.9205048680305481, 0.7123656868934631, 0.6263076066970825, 0.8116366863250732, 0.5899496078491211, 0.539709210395813, 0.18474440276622772, 0.186055988073349, 0.31683349609375, 0.2648480236530304, 0.18242047727108002, 0.3356321156024933, 0.6202399730682373, 0.6343304514884949, 0.19144843518733978, 0.28179147839546204, 0.45018014311790466, 0.2409444898366928, 0.248580202460289, 0.3332800567150116, 0.3098026216030121, 0.48313114047050476]]
Time 611.7821795940399
