Created graph
[-7.0, -5, -3.0]
[-4.0, -3.0, -2.0]
[-4.5, -4.0, -3.5]
[-4.75, -4.5, -4.25]
[-4.375, -4.25, -4.125]
[-4.4375, -4.375, -4.3125]
5000 3 100
Score: 75.78285
Signatures: [[0.13789160549640656, 0.2795887887477875, 0.07417852431535721, 0.09614995867013931, 0.12353380024433136, 0.0, 0.06018992140889168, 0.13124436140060425, 0.0, 0.02206583321094513, 0.08026370406150818, 0.11915688216686249, 1.8472964763641357, 0.8535415530204773, 0.15169674158096313, 0.9615452885627747, 0.2125694304704666, 0.20362207293510437, 0.1990726888179779, 0.18165749311447144, 0.31307220458984375, 0.05624344199895859, 0.0, 0.4701390564441681, 0.10975717753171921, 0.07326821982860565, 0.07116856426000595, 0.2853872776031494, 11.604162216186523, 4.0459442138671875, 0.992202877998352, 12.839756965637207, 0.33965003490448, 0.05792947858572006, 0.057283151894807816, 0.1223522201180458, 0.6425493955612183, 0.0831395760178566, 0.0, 0.2665437161922455, 0.22316204011440277, 0.0, 0.0, 0.3631574511528015, 8.333646774291992, 2.5371105670928955, 1.4728869199752808, 2.6567084789276123, 0.0, 0.026095019653439522, 0.08777789026498795, 0.0, 0.18396244943141937, 0.0, 0.034143220633268356, 0.13218934834003448, 0.04517079517245293, 0.026401931419968605, 0.03482013940811157, 0.04378731548786163, 0.0, 0.042358413338661194, 0.04315467178821564, 0.034075018018484116, 0.08152078837156296, 0.07212251424789429, 0.19068150222301483, 0.12027163058519363, 0.0, 0.18481290340423584, 0.008675193414092064, 0.12741191685199738, 0.0, 0.015967553481459618, 0.0, 0.17152909934520721, 0.028577933087944984, 0.092547208070755, 0.01278980914503336, 0.0, 0.0, 0.01199235301464796, 0.043751589953899384, 0.03102695755660534, 0.025611000135540962, 0.05202843248844147, 0.0008857291541062295, 0.12784799933433533, 0.035529959946870804, 0.0, 0.02115916647017002, 0.0914679542183876, 0.012955347076058388, 0.0, 0.1545993983745575, 0.07640650123357773], [0.0, 0.0, 0.0, 0.0, 0.0, 0.0, 0.0, 0.0, 0.0, 0.0, 0.0, 0.0, 1.2375853061676025, 0.2553712725639343, 0.3287021219730377, 0.4398062825202942, 0.0, 0.0, 0.0, 0.0, 0.0, 0.0, 0.0, 0.0, 0.0, 0.0, 0.0, 0.0, 3.52235746383667, 0.9713431000709534, 0.18370090425014496, 6.822641849517822, 0.005189466755837202, 0.0, 0.07999884337186813, 0.018210161477327347, 0.4406161606311798, 0.05338255688548088, 0.19437018036842346, 0.058633722364902496, 0.0037775200325995684, 0.0, 0.0, 0.0, 18.822418212890625, 3.645909309387207, 5.25257682800293, 10.363139152526855, 0.0, 0.0, 0.06294497847557068, 0.0, 0.0, 0.0, 0.0, 0.0, 0.0, 0.0, 0.0, 0.0, 0.0, 0.0, 0.0, 0.0, 0.0, 0.0, 0.0, 0.0, 0.0, 0.0, 0.0, 0.0, 0.0, 0.0, 0.0, 0.0, 0.0, 0.0, 0.0, 0.029404740780591965, 0.0, 0.0, 0.0, 0.0, 0.0, 0.0, 0.0, 0.0, 0.0, 0.018030114471912384, 0.0, 0.0, 0.0, 0.0020155536476522684, 0.0, 0.0], [1.2728855609893799, 1.704148530960083, 0.48162204027175903, 0.9786796569824219, 1.2564456462860107, 1.417097806930542, 0.4990202486515045, 1.2659122943878174, 1.342500925064087, 1.2754453420639038, 0.29616549611091614, 1.1214743852615356, 1.1386311054229736, 1.7350131273269653, 0.4793992340564728, 1.6975524425506592, 0.9375772476196289, 0.7648631930351257, 0.5230045914649963, 0.951000452041626, 0.7904139757156372, 0.9314846396446228, 0.6468952894210815, 1.1561366319656372, 0.4855063855648041, 0.7884212732315063, 0.34888821840286255, 0.8270851969718933, 0.8660550117492676, 1.11813485622406, 0.5237933397293091, 1.4893349409103394, 1.662550687789917, 1.5615161657333374, 7.007091999053955, 1.544938325881958, 1.9508090019226074, 1.7592098712921143, 6.1388068199157715, 2.2457165718078613, 2.210724353790283, 2.428264856338501, 6.653649806976318, 1.9841251373291016, 1.855593204498291, 3.100128173828125, 4.566537857055664, 2.4403836727142334, 0.3985803723335266, 0.730861485004425, 0.5855556726455688, 0.4414341151714325, 0.2009294629096985, 0.8239836096763611, 0.8920960426330566, 0.6486310958862305, 0.24501192569732666, 0.5125426650047302, 0.47526857256889343, 0.35328927636146545, 0.38507723808288574, 0.38048678636550903, 0.32206401228904724, 0.4571162164211273, 0.9576019048690796, 0.7752771973609924, 1.3292498588562012, 1.3212248086929321, 0.49083805084228516, 0.9848560094833374, 1.105246901512146, 1.0742027759552002, 1.2210962772369385, 0.6436576843261719, 1.0249757766723633, 0.7999786138534546, 0.698331356048584, 0.9054107666015625, 0.6565287709236145, 0.6100621819496155, 0.2084604650735855, 0.21014127135276794, 0.35899680852890015, 0.3017095625400543, 0.2049614042043686, 0.37927690148353577, 0.6943724155426025, 0.7151642441749573, 0.21645988523960114, 0.32091718912124634, 0.5075957775115967, 0.2718117833137512, 0.2799817621707916, 0.3739010989665985, 0.3541107177734375, 0.5479893088340759]]
Time 933.3075313568115
