Created graph
[-7.0, -5, -3.0]
[-4.0, -3.0, -2.0]
[-4.5, -4.0, -3.5]
[-4.75, -4.5, -4.25]
[-4.375, -4.25, -4.125]
[-4.4375, -4.375, -4.3125]
5000 4 25
Score: 73.67021
Signatures: [[1.3886123895645142, 1.7616589069366455, 0.5650076270103455, 0.9822828769683838, 1.2704944610595703, 1.3355188369750977, 0.4525492191314697, 1.0558549165725708, 0.7656201720237732, 1.1321945190429688, 0.28185608983039856, 1.2961483001708984, 1.3195865154266357, 2.4075183868408203, 0.3149690628051758, 2.178847312927246, 1.1598018407821655, 1.0027985572814941, 0.8809559345245361, 1.388419508934021, 1.2109169960021973, 1.1222821474075317, 0.4501214027404785, 1.8683017492294312, 0.5654553174972534, 1.0300711393356323, 0.5032085180282593, 1.3723242282867432, 4.2786736488342285, 3.0072755813598633, 0.6840071082115173, 6.101261615753174, 1.4500914812088013, 1.0923184156417847, 1.369296669960022, 1.019808053970337, 1.6066793203353882, 1.0166685581207275, 0.6107802987098694, 1.7692008018493652, 1.14580500125885, 0.355826199054718, 0.3304407000541687, 1.553493618965149, 2.3585410118103027, 3.310549259185791, 1.539021611213684, 0.9905298948287964, 0.2669409513473511, 0.4900030493736267, 0.40487605333328247, 0.19179129600524902, 0.3327137231826782, 0.7248085737228394, 0.8547593355178833, 0.9184832572937012, 0.28609251976013184, 0.3816593587398529, 0.40544629096984863, 0.3734726309776306, 0.2559998035430908, 0.33201441168785095, 0.29507702589035034, 0.4913053810596466, 0.6480417251586914, 0.6348291635513306, 0.7485695481300354, 1.0407752990722656, 0.2964992821216583, 0.6878191828727722, 0.8346198201179504, 0.980288028717041, 0.2085200399160385, 0.48838865756988525, 0.001980522880330682, 0.815718948841095, 0.24979911744594574, 0.5134348273277283, 0.08973043411970139, 0.27801746129989624, 0.11212857067584991, 0.268930584192276, 0.47446298599243164, 0.3093484938144684, 0.19537700712680817, 0.4367051422595978, 0.6405056715011597, 0.786335289478302, 0.21909035742282867, 0.3217962384223938, 0.45703911781311035, 0.3635435700416565, 0.2845500707626343, 0.25534936785697937, 0.4775572121143341, 0.5136368870735168], [0.685387134552002, 0.9877380728721619, 0.24181093275547028, 0.5730782151222229, 0.7342668175697327, 0.8103007674217224, 0.316305935382843, 0.8554238080978394, 1.0438079833984375, 0.780705451965332, 0.19520476460456848, 0.567920982837677, 0.7500425577163696, 0.8321212530136108, 0.36710336804389954, 0.8569751381874084, 0.470869243144989, 0.39216741919517517, 0.17580805718898773, 0.3638308048248291, 0.3030732572078705, 0.42325514554977417, 0.45610567927360535, 0.4424472451210022, 0.2621062695980072, 0.3203742206096649, 0.1367156207561493, 0.28532874584198, 0.0, 0.12703336775302887, 0.308072954416275, 0.0, 1.1233974695205688, 1.118095874786377, 6.9297661781311035, 1.1583532094955444, 1.3928924798965454, 1.387742042541504, 6.26944637298584, 1.5694636106491089, 1.8652580976486206, 2.432950735092163, 7.009880542755127, 1.4582678079605103, 1.3173668384552002, 1.9278494119644165, 4.113105297088623, 2.2208621501922607, 0.27816346287727356, 0.5368321537971497, 0.43698689341545105, 0.374233216047287, 0.07829166203737259, 0.5021030306816101, 0.5119109749794006, 0.2732650935649872, 0.12964922189712524, 0.36161473393440247, 0.30574414134025574, 0.1983545869588852, 0.27500349283218384, 0.24875269830226898, 0.20687277615070343, 0.22976230084896088, 0.724515974521637, 0.515861451625824, 1.1025478839874268, 0.921919584274292, 0.37805983424186707, 0.7856428027153015, 0.7312355637550354, 0.6878639459609985, 1.2297124862670898, 0.4362557828426361, 1.1096404790878296, 0.485317200422287, 0.6413622498512268, 0.7511246800422668, 0.665339469909668, 0.5157692432403564, 0.16614893078804016, 0.08686155080795288, 0.15510916709899902, 0.17273777723312378, 0.13024726510047913, 0.19903211295604706, 0.41429850459098816, 0.40165451169013977, 0.13328926265239716, 0.1840887814760208, 0.3129132091999054, 0.13694612681865692, 0.15568077564239502, 0.2570462226867676, 0.1918511539697647, 0.3484377861022949], [0.0, 0.0, 0.0, 0.0, 0.0, 0.0, 0.0, 0.0, 0.0, 0.0, 0.013892697170376778, 0.0, 1.3210116624832153, 0.5842465758323669, 0.30700939893722534, 0.7181698083877563, 0.0, 0.0, 0.0, 0.0, 0.0012817020760849118, 0.0, 0.0, 0.0, 0.012796396389603615, 0.0, 0.0, 0.0, 3.371626615524292, 1.2967884540557861, 0.15482938289642334, 7.120761871337891, 0.08963174372911453, 0.0, 0.0, 0.023895885795354843, 0.5798338055610657, 0.0654054656624794, 0.07535139471292496, 0.11360686272382736, 0.05425839126110077, 0.0, 0.0, 0.0113186901435256, 18.67508316040039, 4.050787448883057, 5.203226566314697, 9.711312294006348, 0.0, 0.0, 0.09291066974401474, 0.0, 0.0, 0.0, 0.0, 0.0, 0.0, 0.0, 0.0, 0.0, 0.0, 0.0, 0.0, 0.0, 0.0, 0.0, 0.0, 0.0, 0.0, 0.0, 0.0, 0.0, 0.0, 0.0, 0.0, 0.0, 0.0, 0.0, 0.0, 0.020530158653855324, 0.0, 0.0, 0.0, 0.0, 0.0, 0.0, 0.0, 0.0, 0.0, 0.004984863568097353, 0.0, 0.0, 0.0, 0.0, 5.050621257396415e-05, 0.0], [0.0, 0.0, 0.0, 0.0, 0.0, 0.0, 0.0, 0.0, 0.0, 0.0, 5.543051884160377e-05, 0.0, 1.5763142108917236, 0.0, 0.14278092980384827, 0.18879124522209167, 0.0, 0.0, 0.0, 0.0, 0.0, 0.0, 0.0, 0.0, 0.0, 0.0, 0.0, 0.0, 11.068801879882812, 3.0652530193328857, 0.9254034161567688, 11.505058288574219, 0.0, 0.0, 0.3045511841773987, 0.0, 0.20881856977939606, 0.0, 0.347309410572052, 0.0, 0.0015154482098296285, 0.0, 0.3340326249599457, 0.009412005543708801, 9.034456253051758, 1.5860780477523804, 1.7534902095794678, 3.8057591915130615, 0.0, 0.0, 0.0, 0.0, 0.08769543468952179, 0.0, 0.0, 0.0, 0.0, 0.0, 0.0, 0.0, 0.0, 0.0, 0.0, 0.0, 0.0, 0.0, 0.05103019252419472, 0.0, 0.0, 0.02602699212729931, 0.0, 0.0, 0.0, 0.0, 0.041027020663022995, 0.0, 0.0054286811500787735, 0.0006686113774776459, 0.03458578512072563, 0.0, 0.0, 0.0, 0.0, 0.0, 0.0, 0.0, 0.0, 0.0, 0.0, 0.0, 0.0, 0.0, 0.0, 0.0, 0.006818397901952267, 0.0]]
Time 942.2858653068542
