Created graph
[-7.0, -5, -3.0]
[-4.0, -3.0, -2.0]
[-4.5, -4.0, -3.5]
[-4.75, -4.5, -4.25]
[-4.625, -4.5, -4.375]
[-4.4375, -4.375, -4.3125]
100 3 25
Score: 77.120674
Signatures: [[0.12541620433330536, 0.23857031762599945, 0.061489466577768326, 0.08641720563173294, 0.11578675359487534, 0.0, 0.05585035681724548, 0.12145563960075378, 0.0, 0.03435078635811806, 0.06594356894493103, 0.11212161928415298, 1.447540044784546, 0.6807981133460999, 0.10170362889766693, 0.7329174876213074, 0.18126027286052704, 0.1686500608921051, 0.16066038608551025, 0.15840491652488708, 0.25307103991508484, 0.05654522031545639, 0.0, 0.38264235854148865, 0.09440173208713531, 0.07181338965892792, 0.06139984726905823, 0.23486152291297913, 9.537059783935547, 3.275604248046875, 0.8274543285369873, 10.21642780303955, 0.28448233008384705, 0.06646312773227692, 0.03815338388085365, 0.10263614356517792, 0.4575512111186981, 0.06835178285837173, 0.0, 0.21703672409057617, 0.1919081211090088, 0.0, 0.0, 0.30592605471611023, 5.5288896560668945, 1.7875950336456299, 0.6901990175247192, 1.4148846864700317, 0.0, 0.030092595145106316, 0.06237698718905449, 0.0, 0.14453166723251343, 0.004069329239428043, 0.04275675490498543, 0.10814204812049866, 0.04064178094267845, 0.030819188803434372, 0.03385981172323227, 0.039521224796772, 0.0, 0.040268465876579285, 0.03966239094734192, 0.031083209440112114, 0.07141800969839096, 0.06492076814174652, 0.1591339260339737, 0.1166488379240036, 0.0, 0.1481439620256424, 0.01654050312936306, 0.10763217508792877, 0.0, 0.01601133868098259, 0.0, 0.1430772989988327, 0.025592796504497528, 0.07772140204906464, 0.014255714602768421, 0.0, 0.0, 0.012692858465015888, 0.04078572988510132, 0.02948640286922455, 0.02221626788377762, 0.04521677643060684, 0.007948404178023338, 0.10665518045425415, 0.030490774661302567, 0.0, 0.022950056940317154, 0.07265322655439377, 0.014601434580981731, 0.0, 0.12555617094039917, 0.06656412780284882], [0.0, 0.0, 0.0, 0.0, 0.0, 0.0, 0.0, 0.0, 0.0, 0.0, 0.0, 0.0, 0.876988410949707, 0.19077783823013306, 0.2622082531452179, 0.3471636474132538, 0.0, 0.0, 0.0, 0.0, 0.0, 0.0, 0.0, 0.0, 0.0, 0.0, 0.0, 0.0, 2.0012047290802, 0.5420708656311035, 0.08718131482601166, 4.569709777832031, 0.011813811957836151, 0.0, 0.16893303394317627, 0.027827473357319832, 0.3822559714317322, 0.06820500642061234, 0.25162795186042786, 0.07085730135440826, 0.019762985408306122, 0.01830584555864334, 0.0, 0.0, 14.504964828491211, 2.828249454498291, 4.321892738342285, 8.12229061126709, 0.0, 0.0, 0.06118566915392876, 0.0, 0.0, 0.0, 0.0, 0.0, 0.0, 0.0, 0.0, 0.0, 0.0, 0.0, 0.0, 0.0, 0.0, 0.0, 0.0, 0.0, 0.0, 0.0, 0.0, 0.0, 0.0, 0.0, 0.0, 0.0, 0.0, 0.0, 0.0, 0.032575465738773346, 0.0, 0.0, 0.0, 0.0, 0.0, 0.0, 0.0, 0.0, 0.0, 0.018795430660247803, 0.0, 0.0, 0.0, 0.005785500165075064, 0.0, 0.0], [1.0799001455307007, 1.4482923746109009, 0.41203853487968445, 0.8343527913093567, 1.0686872005462646, 1.2248719930648804, 0.4224509000778198, 1.0788081884384155, 1.1716357469558716, 1.0909199714660645, 0.24758745729923248, 0.9528954029083252, 0.9356521368026733, 1.4474196434020996, 0.40205880999565125, 1.4238923788070679, 0.7943638563156128, 0.6490829586982727, 0.44357582926750183, 0.8071019649505615, 0.6745142936706543, 0.7960456609725952, 0.551460325717926, 0.9763345122337341, 0.40974557399749756, 0.6693628430366516, 0.2969578802585602, 0.7000264525413513, 0.5212040543556213, 0.8805241584777832, 0.4178837537765503, 0.9908207058906555, 1.40190589427948, 1.3247113227844238, 6.018555641174316, 1.326125979423523, 1.6405309438705444, 1.4907022714614868, 5.208716869354248, 1.9025006294250488, 1.8824456930160522, 2.100908041000366, 5.714071273803711, 1.6842783689498901, 1.3174524307250977, 2.5663416385650635, 3.827455997467041, 2.013648748397827, 0.34764564037323, 0.621853232383728, 0.4917185306549072, 0.37684521079063416, 0.1695345789194107, 0.7082622647285461, 0.7565364837646484, 0.5570672750473022, 0.20589441061019897, 0.43602365255355835, 0.40488573908805847, 0.29796573519706726, 0.3343032896518707, 0.3205191195011139, 0.2726123034954071, 0.39439183473587036, 0.8192368745803833, 0.6667181849479675, 1.12978994846344, 1.1181682348251343, 0.42326152324676514, 0.8507418036460876, 0.9508094191551208, 0.923988938331604, 1.0671069622039795, 0.5555702447891235, 0.8903195858001709, 0.6851997971534729, 0.6057911515235901, 0.7814745903015137, 0.5711054801940918, 0.5195086002349854, 0.17765863239765167, 0.17908114194869995, 0.3039580285549164, 0.2539970278739929, 0.17516401410102844, 0.3218589723110199, 0.5972121953964233, 0.6105881333351135, 0.18382638692855835, 0.27122217416763306, 0.43341323733329773, 0.23066329956054688, 0.23877109587192535, 0.3208606243133545, 0.29648053646087646, 0.463140606880188]]
Time 1301.9160645008087
