Created graph
[-7.0, -5, -3.0]
[-4.0, -3.0, -2.0]
[-4.5, -4.0, -3.5]
[-4.25, -4.0, -3.75]
[-4.375, -4.25, -4.125]
[-4.4375, -4.375, -4.3125]
5000 3 25
Score: 74.64935
Signatures: [[0.13738729059696198, 0.28186193108558655, 0.07378087937831879, 0.09090331941843033, 0.12159504741430283, 0.0, 0.06091593578457832, 0.12401498854160309, 0.0, 0.015346664004027843, 0.07949039340019226, 0.11503758281469345, 1.894407033920288, 0.8425533771514893, 0.14168061316013336, 1.0062124729156494, 0.21020890772342682, 0.20013327896595, 0.20308366417884827, 0.17769955098628998, 0.31595897674560547, 0.04824721813201904, 0.0, 0.47316789627075195, 0.11089032888412476, 0.07198608666658401, 0.07041320949792862, 0.28839290142059326, 11.834296226501465, 4.1019392013549805, 1.0151231288909912, 13.092445373535156, 0.3335917890071869, 0.05189180746674538, 0.031315501779317856, 0.10116463899612427, 0.6438789367675781, 0.0651564821600914, 0.0, 0.2559479773044586, 0.20245268940925598, 0.0, 0.0, 0.36592939496040344, 8.632502555847168, 2.536024570465088, 1.618573546409607, 2.9056830406188965, 0.0, 0.021042723208665848, 0.08713306486606598, 0.0, 0.18605419993400574, 0.0, 0.028867261484265327, 0.12787795066833496, 0.045201871544122696, 0.025067225098609924, 0.033131249248981476, 0.040763162076473236, 0.0, 0.042748428881168365, 0.04559678956866264, 0.02927292324602604, 0.07866682857275009, 0.06941229850053787, 0.18762564659118652, 0.10769468545913696, 0.0, 0.17853139340877533, 0.007810726296156645, 0.12855307757854462, 0.0, 0.009311401285231113, 0.0, 0.1677645742893219, 0.02471206709742546, 0.08992478996515274, 0.006910341791808605, 0.0, 0.0, 0.01225476898252964, 0.042020030319690704, 0.028287677094340324, 0.0253438837826252, 0.05188215151429176, 0.0002880276879295707, 0.12487266957759857, 0.03488343954086304, 0.0, 0.0197555311024189, 0.09211830049753189, 0.011274464428424835, 0.0, 0.15497776865959167, 0.0760631412267685], [0.0, 0.0, 0.0, 0.0, 0.0, 0.0, 0.0, 0.0, 0.0, 0.0, 0.0, 0.0, 1.2320088148117065, 0.28099679946899414, 0.3435157239437103, 0.4215468168258667, 0.0, 0.0, 0.0, 0.0, 0.0, 0.0, 0.0, 0.0, 0.0, 0.0, 0.0, 0.0, 3.456023693084717, 0.9975331425666809, 0.18019609153270721, 6.833858489990234, 0.012958233244717121, 0.0, 0.0796617791056633, 0.03269932419061661, 0.4468070864677429, 0.0714474692940712, 0.182289719581604, 0.07258669286966324, 0.017500324174761772, 0.0007899083429947495, 0.0, 0.0, 18.723909378051758, 3.722108840942383, 5.1663336753845215, 10.284809112548828, 0.0, 0.0, 0.06580524891614914, 0.0, 0.0, 0.0, 0.0, 0.0, 0.0, 0.0, 0.0, 0.0, 0.0, 0.0, 0.0, 0.0, 0.0, 0.0, 0.0, 0.0, 0.0, 0.0, 0.0, 0.0, 0.0, 0.0, 0.0, 0.0, 0.0, 0.0, 0.0, 0.03244927525520325, 0.0, 0.0, 0.0, 0.0, 0.0, 0.0, 0.0, 0.0, 0.0, 0.02090342342853546, 0.0, 0.0, 0.0, 0.0013640493853017688, 0.0, 0.0], [1.263075351715088, 1.6922781467437744, 0.4804958403110504, 0.977012038230896, 1.251615047454834, 1.4118998050689697, 0.4962320327758789, 1.266352653503418, 1.3390098810195923, 1.272046685218811, 0.29428353905677795, 1.1209336519241333, 1.1301754713058472, 1.722376823425293, 0.4773891568183899, 1.6831601858139038, 0.933497965335846, 0.7629984021186829, 0.520969808101654, 0.9500424265861511, 0.7909298539161682, 0.9258283376693726, 0.6445038914680481, 1.1472876071929932, 0.48067545890808105, 0.7852715253829956, 0.34768566489219666, 0.8218409419059753, 0.8683137893676758, 1.105904459953308, 0.5174493789672852, 1.4787489175796509, 1.6579622030258179, 1.5565955638885498, 7.018764495849609, 1.548590064048767, 1.9455286264419556, 1.7512882947921753, 6.128489017486572, 2.2373907566070557, 2.212085008621216, 2.428389549255371, 6.648313045501709, 1.974429726600647, 1.8328871726989746, 3.0713558197021484, 4.538698196411133, 2.400747776031494, 0.397550493478775, 0.7321980595588684, 0.580765962600708, 0.4387293756008148, 0.2013610452413559, 0.8193440437316895, 0.8890462517738342, 0.6505516171455383, 0.24331387877464294, 0.5103490948677063, 0.47502267360687256, 0.35102325677871704, 0.3849491477012634, 0.3777503967285156, 0.31851136684417725, 0.4571595788002014, 0.9561707377433777, 0.778107762336731, 1.329209327697754, 1.322504997253418, 0.49062347412109375, 0.989281415939331, 1.1016076803207397, 1.0698705911636353, 1.223111629486084, 0.6456530690193176, 1.027912974357605, 0.8039623498916626, 0.7014945149421692, 0.9062473177909851, 0.6600293517112732, 0.6078549027442932, 0.20781069993972778, 0.20783962309360504, 0.35652485489845276, 0.30244749784469604, 0.20337125658988953, 0.378071129322052, 0.6896302103996277, 0.7149866819381714, 0.21602758765220642, 0.3175961971282959, 0.5045596361160278, 0.2697005271911621, 0.27942872047424316, 0.3725551664829254, 0.3521188795566559, 0.5448571443557739]]
Time 938.5860326290131
