Created graph
[-7.0, -5, -3.0]
[-6.0, -5, -4.0]
[-5.5, -5, -4.5]
[-5.75, -5.5, -5.25]
[-5.625, -5.5, -5.375]
[-5.6875, -5.625, -5.5625]
0.3 10000000 3
Score: 273.13034
Signatures: [[0.4117499589920044, 0.7323871850967407, 0.005009305197745562, 0.001672978512942791, 0.3764103651046753, 0.6801163554191589, 0.29314881563186646, 0.011327700689435005, 0.25913378596305847, 0.23893415927886963, 0.2600460946559906, 0.6256105303764343, 0.5318521857261658, 0.5602081418037415, 0.45593973994255066, 0.5715944170951843, 0.531749963760376, 0.33571314811706543, 0.3286191523075104, 0.4604264497756958, 0.34045106172561646, 0.4079087972640991, 0.21503278613090515, 0.5754415392875671, 0.1789829581975937, 0.28272172808647156, 0.03909899294376373, 0.8849375247955322, 2.3473682403564453, 0.8567743301391602, 0.27710551023483276, 3.283487319946289, 0.477343887090683, 0.6435403227806091, 1.9436835050582886, 0.25107237696647644, 1.0558865070343018, 0.535771369934082, 1.8486744165420532, 0.7863010168075562, 1.0819567441940308, 0.6233347654342651, 2.285292148590088, 0.5674053430557251, 4.245633602142334, 1.9379806518554688, 2.606231689453125, 2.519925117492676, 0.20975655317306519, 0.30829548835754395, 0.10476039350032806, 0.025029178708791733, 0.05534744635224342, 0.5611972212791443, 0.10560457408428192, 0.19434376060962677, 0.04271616414189339, 0.05156338959932327, 0.43220630288124084, 0.12384302169084549, 0.07907528430223465, 0.2311536967754364, 0.20607121288776398, 0.3311522603034973, 0.3812585473060608, 0.11010812968015671, 0.441352903842926, 0.8713563084602356, 0.23510192334651947, 0.6129021644592285, 0.296436071395874, 0.20671875774860382, 0.46915119886398315, 0.15044401586055756, 0.18582579493522644, 0.23379793763160706, 0.364542692899704, 0.20407737791538239, 0.4354628324508667, 0.21615691483020782, 0.0, 0.0, 0.007065128069370985, 0.0, 0.25360700488090515, 0.0628427192568779, 0.36481791734695435, 0.29346317052841187, 0.0, 0.011592925526201725, 0.19828097522258759, 0.0, 0.0, 0.09362409263849258, 0.03338099643588066, 0.23498952388763428], [0.5098732709884644, 0.28133001923561096, 0.34314289689064026, 0.48903703689575195, 0.47769856452941895, 0.31133604049682617, 0.0, 0.8057275414466858, 0.4672686457633972, 0.5183036923408508, 0.060788437724113464, 0.43047723174095154, 0.8904721140861511, 0.8240957260131836, 0.3521181046962738, 0.7227834463119507, 0.4723738133907318, 0.4091755151748657, 0.3422609865665436, 0.27769961953163147, 0.30443108081817627, 0.10314365476369858, 0.19778934121131897, 0.501591682434082, 0.17945466935634613, 0.02262769639492035, 0.3453878164291382, 0.0, 2.1830966472625732, 1.5149186849594116, 0.4627234637737274, 3.6080543994903564, 0.7152858972549438, 0.47868776321411133, 2.6772544384002686, 0.38463133573532104, 0.7103267312049866, 0.7440531253814697, 2.233081817626953, 0.9363270401954651, 0.8398192524909973, 0.6748914122581482, 2.075838565826416, 0.9447997212409973, 4.515737533569336, 1.936385989189148, 2.41078782081604, 2.548621892929077, 0.14504006505012512, 0.2020351141691208, 0.39251190423965454, 0.2275637537240982, 0.1376568228006363, 0.21678711473941803, 0.5093414187431335, 0.15755677223205566, 0.05687207728624344, 0.0, 0.09278717637062073, 0.15493346750736237, 0.11971141397953033, 0.038877103477716446, 0.1621648371219635, 0.08160623162984848, 0.2021743804216385, 0.3602861166000366, 0.33477795124053955, 0.4991525113582611, 0.01707097515463829, 0.11777347326278687, 0.36586764454841614, 0.4797089397907257, 0.032121215015649796, 0.39228522777557373, 0.1123315840959549, 0.06925630569458008, 0.3296123743057251, 0.3702481687068939, 0.09304241836071014, 0.3161172568798065, 0.16890810430049896, 0.1560194045305252, 0.2957915663719177, 0.2477744072675705, 0.012687568552792072, 0.0, 0.04352366924285889, 0.30319899320602417, 0.389357328414917, 0.11120836436748505, 0.0, 0.1527942717075348, 0.0, 0.1861046701669693, 0.3063884377479553, 0.15628305077552795], [0.45810288190841675, 0.5671505928039551, 0.18274341523647308, 0.5666128396987915, 0.3588174283504486, 0.39127492904663086, 0.36162668466567993, 0.46050217747688293, 0.5254882574081421, 0.42244642972946167, 0.18344621360301971, 0.11561162024736404, 0.8129830360412598, 0.9413978457450867, 0.06393050402402878, 0.860335648059845, 0.0928831547498703, 0.2268972098827362, 0.0, 0.3289963901042938, 0.2475370615720749, 0.38319504261016846, 0.3244974911212921, 0.2879318296909332, 0.20307539403438568, 0.6419264674186707, 0.07927729934453964, 0.2254650592803955, 1.9750014543533325, 0.6708505749702454, 0.21469330787658691, 3.2590699195861816, 0.5531715154647827, 0.6984947919845581, 2.1902637481689453, 0.913737952709198, 0.7081103324890137, 0.6030488014221191, 1.9752740859985352, 0.6715916991233826, 0.3272814452648163, 0.8180587291717529, 2.1496877670288086, 0.5196957588195801, 4.161426544189453, 1.7175441980361938, 2.2660961151123047, 2.3192949295043945, 0.1225460022687912, 0.27971333265304565, 0.2093309909105301, 0.27048036456108093, 0.12194424122571945, 0.05022358521819115, 0.2742236852645874, 0.27085232734680176, 0.2691999673843384, 0.5580596923828125, 0.09685734659433365, 0.20309783518314362, 0.18900787830352783, 0.25934043526649475, 0.017444288358092308, 0.10029793530702591, 0.44465193152427673, 0.5076999068260193, 0.8437786102294922, 0.16631677746772766, 0.3039678931236267, 0.2907900810241699, 0.5228311419487, 0.31005799770355225, 0.5416765809059143, 0.18952257931232452, 0.4990759491920471, 0.6629747152328491, 0.0, 0.3004086911678314, 0.08740325272083282, 0.11734005063772202, 0.1411387324333191, 0.27359116077423096, 0.1626642942428589, 0.26486921310424805, 0.0, 0.46209752559661865, 0.35862743854522705, 0.2584720551967621, 0.020974906161427498, 0.33583950996398926, 0.5846912264823914, 0.27332931756973267, 0.5475918054580688, 0.11533791571855545, 0.23288866877555847, 0.3230893611907959]]
Time 1790.6767563819885
