Created graph
[-7.0, -5, -3.0]
[-6.0, -5, -4.0]
[-4.5, -4.0, -3.5]
[-4.75, -4.5, -4.25]
[-4.375, -4.25, -4.125]
[-4.4375, -4.375, -4.3125]
0.1 50000 3
Score: 73.6873
Signatures: [[2.6883442401885986, 3.603475332260132, 1.0278593301773071, 2.0626754760742188, 2.641953706741333, 2.928138017654419, 1.0528945922851562, 2.6477842330932617, 2.7421698570251465, 2.6475577354431152, 0.6318696141242981, 2.343740701675415, 2.3958654403686523, 3.6472127437591553, 0.9691863059997559, 3.5658206939697266, 1.9787006378173828, 1.6405541896820068, 1.1252018213272095, 2.017033576965332, 1.676966905593872, 1.9571810960769653, 1.345051884651184, 2.4812839031219482, 1.0221946239471436, 1.6581339836120605, 0.736294150352478, 1.7857232093811035, 2.5128278732299805, 2.567678213119507, 1.1598302125930786, 3.545470714569092, 3.472210168838501, 3.2689437866210938, 14.405130386352539, 3.1720099449157715, 4.071260929107666, 3.650088310241699, 12.690598487854004, 4.669095039367676, 4.600518226623535, 4.959790229797363, 13.779461860656738, 4.161295413970947, 2.7052161693573, 6.244883060455322, 9.02092456817627, 4.227978229522705, 0.8157116174697876, 1.5353699922561646, 1.2207858562469482, 0.9168193936347961, 0.43811100721359253, 1.7072336673736572, 1.8683663606643677, 1.3904262781143188, 0.5137263536453247, 1.0650973320007324, 0.9990137815475464, 0.7510222792625427, 0.7891741991043091, 0.8022864460945129, 0.6881964206695557, 0.9604030251502991, 2.0112247467041016, 1.63206148147583, 2.829305410385132, 2.7932991981506348, 1.0170711278915405, 2.0648765563964844, 2.2734603881835938, 2.265641689300537, 2.4915738105773926, 1.3306576013565063, 2.1074352264404297, 1.6863224506378174, 1.4408763647079468, 1.9159654378890991, 1.3539516925811768, 1.252318024635315, 0.4375021159648895, 0.4423237144947052, 0.7689412236213684, 0.6493937373161316, 0.43314817547798157, 0.81103515625, 1.4357590675354004, 1.5370787382125854, 0.4715174436569214, 0.6602105498313904, 1.0617352724075317, 0.5981114506721497, 0.5874481797218323, 0.7656571269035339, 0.7690448760986328, 1.170100450515747], [0.14889471232891083, 0.37002792954444885, 0.08259940147399902, 0.0937628448009491, 0.14688178896903992, 0.0, 0.08803600817918777, 0.19518573582172394, 0.0, 0.0, 0.1434260457754135, 0.17901068925857544, 4.617283821105957, 1.7064728736877441, 0.4588389992713928, 1.8958238363265991, 0.36332225799560547, 0.30965331196784973, 0.33912745118141174, 0.28001248836517334, 0.5743637681007385, 0.006282140966504812, 0.0, 0.8392001390457153, 0.20160417258739471, 0.06925110518932343, 0.10920879244804382, 0.45208540558815, 27.50040054321289, 9.14040756225586, 2.2716448307037354, 32.12754821777344, 0.6160284280776978, 0.030177868902683258, 0.09247693419456482, 0.17934197187423706, 1.1639877557754517, 0.018246203660964966, 0.0, 0.31394317746162415, 0.3403564989566803, 0.0, 0.0, 0.6510396003723145, 27.11395835876465, 6.643584728240967, 5.376314163208008, 10.468276023864746, 0.0, 0.012782948091626167, 0.17368103563785553, 0.0, 0.3565293848514557, 0.0, 0.011836311779916286, 0.16488385200500488, 0.07545964419841766, 0.03879053518176079, 0.0343891941010952, 0.05303846299648285, 0.0, 0.06284081190824509, 0.03464704379439354, 0.013134761713445187, 0.09912550449371338, 0.08060432970523834, 0.29185912013053894, 0.16057807207107544, 0.0, 0.29127568006515503, 0.0, 0.12646585702896118, 0.0, 0.0, 0.0, 0.2862022817134857, 0.03164568170905113, 0.08276604115962982, 2.3761807824485004e-05, 0.0, 0.0, 0.0012199614429846406, 0.0259087011218071, 0.02787322737276554, 0.028108999133110046, 0.06083464249968529, 0.0, 0.1606229990720749, 0.028639785945415497, 0.0, 0.0035168975591659546, 0.12263626605272293, 0.00934830866754055, 0.0, 0.2692407965660095, 0.09946438670158386], [0.0, 0.0, 0.0, 0.0, 0.0, 0.0, 0.0, 0.0, 0.0, 0.0, 2.6654401153791696e-05, 0.0, 2.3935956954956055, 0.7145416736602783, 0.7143568992614746, 1.155691146850586, 0.0, 0.0, 0.0, 0.0, 0.0, 0.0, 0.0, 0.0, 0.0011145559838041663, 0.0, 0.0, 0.0, 4.971620082855225, 1.663448691368103, 0.2058943510055542, 11.882444381713867, 0.07400976866483688, 0.0, 0.20178374648094177, 0.1174415722489357, 1.2937064170837402, 0.2868598997592926, 0.48817306756973267, 0.3853091299533844, 0.10105173289775848, 0.03841763734817505, 0.0, 0.0, 39.0998420715332, 8.273259162902832, 11.474961280822754, 22.387935638427734, 0.0, 0.0, 0.164458230137825, 0.0, 0.0, 0.0, 0.0, 0.0, 0.0, 0.0, 0.0, 0.0, 0.0, 0.0, 0.0, 0.0, 0.0, 0.0, 0.0, 0.0, 0.0, 0.0, 0.0, 0.0, 0.0, 0.0, 0.0, 0.0, 0.0, 0.0, 0.0, 0.0944153293967247, 0.0, 0.0, 0.0, 0.0, 0.0, 0.0, 0.0, 0.0, 0.0, 0.06395791471004486, 0.0, 0.0, 0.0, 0.006596039514988661, 0.0, 0.0]]
Time 3357.7520051002502
