Created graph
[-7.0, -5, -3.0]
[-6.0, -5, -4.0]
[-5.5, -5, -4.5]
[-5.25, -5, -4.75]
[-5.125, -5, -4.875]
[-4.9375, -4.875, -4.8125]
0.1 100 3
Score: 76.787415
Signatures: [[0.11697317659854889, 0.23121285438537598, 0.05922447144985199, 0.08045872300863266, 0.10896783322095871, 0.0, 0.0524902269244194, 0.1147032231092453, 0.0, 0.026549063622951508, 0.06464163213968277, 0.10439538210630417, 1.4445387125015259, 0.6794155836105347, 0.1036914512515068, 0.7412366271018982, 0.17463505268096924, 0.16430778801441193, 0.1586165577173233, 0.1508883684873581, 0.24961772561073303, 0.04959718510508537, 0.0, 0.3757072985172272, 0.0914735421538353, 0.06539411842823029, 0.058942511677742004, 0.23058001697063446, 9.461861610412598, 3.271904468536377, 0.8231397867202759, 10.144721984863281, 0.2775488495826721, 0.05814967304468155, 0.04130677133798599, 0.0962391048669815, 0.46593376994132996, 0.06564319133758545, 0.0, 0.21674665808677673, 0.1840442419052124, 0.0, 0.0, 0.29586610198020935, 5.5460524559021, 1.814103603363037, 0.7623447179794312, 1.4413402080535889, 0.0, 0.025692850351333618, 0.06453314423561096, 0.0, 0.1442563384771347, 0.0011102796997874975, 0.03638950735330582, 0.10417134314775467, 0.03928370028734207, 0.02656913362443447, 0.0310100968927145, 0.03773897886276245, 0.0, 0.037956602871418, 0.03686511144042015, 0.028903229162096977, 0.06743234395980835, 0.06130189076066017, 0.15511959791183472, 0.10678055882453918, 0.0, 0.14506493508815765, 0.012066159397363663, 0.10260747373104095, 0.0, 0.013769608922302723, 0.0, 0.13770999014377594, 0.022825423628091812, 0.07473398000001907, 0.011538204737007618, 0.0, 0.0, 0.011076424270868301, 0.0383722223341465, 0.027327990159392357, 0.02132134884595871, 0.043588586151599884, 0.004341702908277512, 0.10333170741796494, 0.0288950614631176, 0.0, 0.019838159903883934, 0.07208054512739182, 0.012277858331799507, 0.0, 0.1236201822757721, 0.06396670639514923], [0.0, 0.0, 0.0, 0.0, 0.0, 0.0, 0.0, 0.0, 0.0, 0.0, 0.0, 0.0, 0.8750078678131104, 0.1811836063861847, 0.2568393051624298, 0.3291566073894501, 0.0, 0.0, 0.0, 0.0, 0.0, 0.0, 0.0, 0.0, 0.0, 0.0, 0.0, 0.0, 2.074022054672241, 0.5489025712013245, 0.08826097100973129, 4.639686107635498, 0.0070241172797977924, 0.0, 0.12555155158042908, 0.02391711436212063, 0.3611464202404022, 0.05734804645180702, 0.21208712458610535, 0.0567491352558136, 0.012492240406572819, 0.008080889470875263, 0.0, 0.0, 14.449734687805176, 2.7828192710876465, 4.211960792541504, 8.069437980651855, 0.0, 0.0, 0.05552258715033531, 0.0, 0.0, 0.0, 0.0, 0.0, 0.0, 0.0, 0.0, 0.0, 0.0, 0.0, 0.0, 0.0, 0.0, 0.0, 0.0, 0.0, 0.0, 0.0, 0.0, 0.0, 0.0, 0.0, 0.0, 0.0, 0.0, 0.0, 0.0, 0.028712984174489975, 0.0, 0.0, 0.0, 0.0, 0.0, 0.0, 0.0, 0.0, 0.0, 0.016582539305090904, 0.0, 0.0, 0.0, 0.003612604457885027, 0.0, 0.0], [1.0801897048950195, 1.4487460851669312, 0.4115354120731354, 0.8343575596809387, 1.068071961402893, 1.2181326150894165, 0.42284876108169556, 1.0782451629638672, 1.1631827354431152, 1.0894367694854736, 0.2477700263261795, 0.9538829326629639, 0.9494240880012512, 1.4536361694335938, 0.40490615367889404, 1.4318498373031616, 0.7956539392471313, 0.6483290791511536, 0.44324415922164917, 0.8076338768005371, 0.6738592982292175, 0.7953847646713257, 0.5493288040161133, 0.9767965078353882, 0.410333514213562, 0.6707778573036194, 0.29723742604255676, 0.6998761296272278, 0.5778802633285522, 0.898211658000946, 0.4238262474536896, 1.0885735750198364, 1.4049873352050781, 1.3240388631820679, 6.00308084487915, 1.325074553489685, 1.6466857194900513, 1.4924112558364868, 5.206329345703125, 1.9044876098632812, 1.8815926313400269, 2.092637062072754, 5.68473482131958, 1.6840561628341675, 1.487766981124878, 2.6008596420288086, 3.8726532459259033, 2.0903120040893555, 0.3449290096759796, 0.6213129758834839, 0.4928523004055023, 0.3753662705421448, 0.1694343090057373, 0.7062144875526428, 0.7564764022827148, 0.5556950569152832, 0.20645037293434143, 0.4363172948360443, 0.4051761031150818, 0.297977477312088, 0.3323950469493866, 0.32073667645454407, 0.2730068862438202, 0.3930796682834625, 0.8174135684967041, 0.6645419001579285, 1.1269086599349976, 1.1177705526351929, 0.42075347900390625, 0.8476062417030334, 0.9479523301124573, 0.9217559695243835, 1.0596630573272705, 0.5539091229438782, 0.8840301036834717, 0.6846328377723694, 0.6032295823097229, 0.7779110670089722, 0.5677925944328308, 0.519418478012085, 0.17695102095603943, 0.1789862960577011, 0.30407458543777466, 0.2539248764514923, 0.17496629059314728, 0.3211658000946045, 0.5951569080352783, 0.609167754650116, 0.18363741040229797, 0.27165183424949646, 0.4330335259437561, 0.23026612401008606, 0.23865412175655365, 0.32017943263053894, 0.29687947034835815, 0.4623410105705261]]
Time 3360.225869178772
