Created graph
[-7.0, -5, -3.0]
[-6.0, -5, -4.0]
[-4.5, -4.0, -3.5]
[-4.25, -4.0, -3.75]
[-4.125, -4.0, -3.875]
[-4.0625, -4.0, -3.9375]
0.3 100000 4
Score: 127.71512
Signatures: [[0.0, 0.0, 0.0, 0.0, 0.0, 0.0, 0.0, 0.0, 0.0, 0.0, 0.0875309556722641, 0.0, 3.741565227508545, 1.4600961208343506, 1.0231558084487915, 1.3263161182403564, 0.0, 0.0, 0.0, 0.0, 0.0, 0.0, 0.0, 0.0, 0.0, 0.0, 0.0, 0.0, 18.003694534301758, 5.341309070587158, 0.8697349429130554, 19.42295265197754, 0.49713975191116333, 0.0, 0.42804133892059326, 0.2283082753419876, 0.3874392509460449, 0.01870105415582657, 0.10626357048749924, 0.6892722249031067, 0.05342956632375717, 0.0, 0.0, 0.0, 37.902835845947266, 8.578718185424805, 11.436446189880371, 19.363691329956055, 0.0, 0.042531467974185944, 0.012172861956059933, 0.0, 0.1065482422709465, 0.0, 0.0, 0.0, 0.0, 0.0, 0.0, 5.770170446339762e-06, 0.0, 0.0, 1.955458401425858e-06, 0.0, 0.0, 0.0, 0.0, 0.0, 0.0, 0.0, 0.0, 0.0, 0.0, 0.0, 0.0, 0.0, 0.002732343738898635, 0.0, 0.0, 0.0, 0.0, 0.0, 0.0, 0.0, 0.0, 0.0, 0.0, 0.0, 0.0, 0.045472536236047745, 0.0, 0.0, 0.0, 0.0, 0.0, 0.0], [4.12935733795166, 4.066526889801025, 1.454805850982666, 2.6819183826446533, 3.804243326187134, 4.2927327156066895, 1.5288105010986328, 3.556313991546631, 3.6492185592651367, 4.010441780090332, 0.8886891603469849, 3.338557720184326, 3.1217970848083496, 4.821215629577637, 1.189788579940796, 4.934131622314453, 2.740194797515869, 2.3413889408111572, 1.5996309518814087, 2.9164116382598877, 2.183724880218506, 2.3692104816436768, 1.8664592504501343, 3.559209108352661, 1.2427451610565186, 2.0388011932373047, 1.085600733757019, 2.4310216903686523, 3.1363675594329834, 2.604414939880371, 1.527545690536499, 2.2891054153442383, 4.552574157714844, 4.984493255615234, 20.17220115661621, 4.239710330963135, 5.64500093460083, 5.036493301391602, 17.015439987182617, 6.4325432777404785, 6.178189277648926, 7.490861415863037, 20.596466064453125, 5.775191307067871, 2.496546983718872, 8.75869083404541, 11.317339897155762, 3.213552951812744, 1.1047319173812866, 2.277095079421997, 1.573116660118103, 1.234214425086975, 0.5985644459724426, 2.088789224624634, 2.56093168258667, 2.0464563369750977, 0.7458853721618652, 1.4106115102767944, 1.3180304765701294, 1.0626698732376099, 1.1004290580749512, 1.323328971862793, 0.8662064671516418, 1.4436399936676025, 2.9176342487335205, 2.375544786453247, 4.072344779968262, 3.7196507453918457, 1.4734348058700562, 2.9742929935455322, 3.2400736808776855, 3.192345142364502, 3.9198379516601562, 1.93642258644104, 1.9943721294403076, 2.4549355506896973, 2.1584126949310303, 2.7540364265441895, 2.1638190746307373, 1.7866182327270508, 0.6717093586921692, 0.6614784002304077, 1.2912486791610718, 0.7106489539146423, 0.7039334774017334, 0.9528770446777344, 2.042891025543213, 2.0799784660339355, 0.5749222040176392, 0.8965497612953186, 1.5233176946640015, 1.033464789390564, 0.7590644359588623, 1.041172742843628, 1.0993582010269165, 1.695681095123291], [0.15904641151428223, 0.42517176270484924, 0.24347105622291565, 0.4150800108909607, 0.377052903175354, 0.038098666816949844, 0.048848651349544525, 0.569980263710022, 0.0, 0.0, 0.2082837074995041, 0.07217353582382202, 5.27748966217041, 1.8045063018798828, 0.46726444363594055, 0.5795269012451172, 0.7657960653305054, 0.6005485653877258, 0.7875550985336304, 0.43037861585617065, 1.5243417024612427, 0.22570011019706726, 0.0037923238705843687, 1.2428518533706665, 0.20841477811336517, 0.3789018392562866, 0.03169361129403114, 0.5833923816680908, 35.563873291015625, 11.649592399597168, 3.0298914909362793, 42.35886764526367, 0.717767059803009, 0.0864514708518982, 0.11285673081874847, 0.24335500597953796, 1.795523762702942, 0.10430075228214264, 0.0, 0.0, 0.3526795208454132, 0.0, 0.0, 1.2413593530654907, 34.72770690917969, 8.370299339294434, 8.231534004211426, 17.649507522583008, 0.0, 0.16012726724147797, 0.0, 0.0, 0.6223971247673035, 0.03667750582098961, 0.0, 0.0, 0.1212710589170456, 0.12821277976036072, 0.018893195316195488, 0.0975412055850029, 6.0934566135983914e-05, 0.05825924128293991, 0.14250247180461884, 0.0, 0.130860835313797, 0.0, 0.44828569889068604, 0.5369576811790466, 0.0, 0.558172345161438, 0.009139739908277988, 0.23073559999465942, 0.0, 0.0, 0.022047216072678566, 0.19079603254795074, 0.09981130808591843, 0.22009003162384033, 0.0, 0.0, 0.0, 0.016345228999853134, 0.045115672051906586, 0.20098023116588593, 0.04707591235637665, 0.08902989327907562, 0.007456192281097174, 0.749664843082428, 0.042131632566452026, 0.0, 0.022251194342970848, 0.047705598175525665, 0.10250446945428848, 0.0002712115820031613, 0.5237517952919006, 0.1691170036792755], [0.0, 0.0, 0.0, 0.0, 0.0, 0.0, 0.10585416108369827, 0.03635653480887413, 0.0, 0.0, 0.13851825892925262, 0.047177501022815704, 2.659893274307251, 1.5604474544525146, 0.7950274348258972, 2.5306248664855957, 0.0, 0.0, 0.0, 0.0, 0.0, 0.0, 0.0, 0.0, 0.014677105471491814, 0.0, 0.0, 0.0, 2.0692434310913086, 2.0485382080078125, 0.019447242841124535, 17.483434677124023, 0.36086708307266235, 0.0, 0.5735063552856445, 0.5143242478370667, 1.8146334886550903, 0.6526902914047241, 1.3119429349899292, 1.0191608667373657, 0.7573876976966858, 0.1149655431509018, 0.0, 0.0, 46.27006912231445, 10.039170265197754, 13.449980735778809, 27.91759490966797, 0.0, 0.0, 0.5525191426277161, 0.0, 0.0, 0.005064912140369415, 0.0, 0.0, 0.0, 0.07846198230981827, 0.06385165452957153, 0.0011416430352255702, 0.0, 0.0, 0.0573846735060215, 0.0, 0.0, 0.0, 0.0, 0.0, 0.0, 0.0, 0.0, 0.0, 0.0, 0.009701541624963284, 0.0, 0.0, 0.0, 0.0, 0.0, 0.1639472395181656, 0.0, 0.0, 0.0, 0.0, 0.0, 0.0, 0.0, 0.0, 0.0, 0.07927229255437851, 0.0, 0.0, 0.0, 0.14966541528701782, 0.0, 0.0]]
Time 1988.0202643871307
