Created graph
[-7.0, -5, -3.0]
[-6.0, -5, -4.0]
[-5.5, -5, -4.5]
[-5.25, -5, -4.75]
[-4.875, -4.75, -4.625]
[-4.9375, -4.875, -4.8125]
0.1 1000 3
Score: 76.31207
Signatures: [[0.12303387373685837, 0.24356502294540405, 0.06301680952310562, 0.08426953852176666, 0.11337759345769882, 0.0, 0.05436893180012703, 0.1191498264670372, 0.0, 0.02605658955872059, 0.06814291328191757, 0.10832938551902771, 1.532052993774414, 0.7167171835899353, 0.11366299539804459, 0.7940747737884521, 0.18329575657844543, 0.1737317144870758, 0.16881364583969116, 0.15837153792381287, 0.2649622857570648, 0.0519503690302372, 0.0, 0.39780867099761963, 0.09588005393743515, 0.0677756518125534, 0.06215742602944374, 0.24433274567127228, 9.920013427734375, 3.4399666786193848, 0.8616243004798889, 10.714186668395996, 0.2909875512123108, 0.058568619191646576, 0.05072552710771561, 0.10026663541793823, 0.5072558522224426, 0.06933733075857162, 0.0, 0.22818078100681305, 0.1916293501853943, 0.0, 0.0, 0.3112197816371918, 6.134302139282227, 1.9676631689071655, 0.9248542189598083, 1.7133897542953491, 0.0, 0.025620775297284126, 0.07025312632322311, 0.0, 0.15361014008522034, 0.0007953737513162196, 0.036336056888103485, 0.11105269193649292, 0.04099315032362938, 0.026403376832604408, 0.032070230692625046, 0.03945828601717949, 0.0, 0.03932751342654228, 0.0384744331240654, 0.030475562438368797, 0.07101868093013763, 0.06431875377893448, 0.16354437172412872, 0.10945138335227966, 0.0, 0.15417534112930298, 0.011936095543205738, 0.10951229184865952, 0.0, 0.014540794305503368, 0.0, 0.14483846724033356, 0.02356441132724285, 0.07945426553487778, 0.01170687098056078, 0.0, 0.0, 0.011577276512980461, 0.0401025228202343, 0.028397152200341225, 0.022516215220093727, 0.04587515816092491, 0.003849115688353777, 0.10960867255926132, 0.030468516051769257, 0.0, 0.020529521629214287, 0.07690946757793427, 0.012391414493322372, 0.0, 0.1309073567390442, 0.0673401951789856], [0.0, 0.0, 0.0, 0.0, 0.0, 0.0, 0.0, 0.0, 0.0, 0.0, 0.0, 0.0, 0.9515185356140137, 0.19890651106834412, 0.27228328585624695, 0.3494998812675476, 0.0, 0.0, 0.0, 0.0, 0.0, 0.0, 0.0, 0.0, 0.0, 0.0, 0.0, 0.0, 2.391402006149292, 0.6431872844696045, 0.10848062485456467, 5.1175031661987305, 0.007722996175289154, 0.0, 0.11177128553390503, 0.024237636476755142, 0.3752875328063965, 0.056611888110637665, 0.20761021971702576, 0.057594772428274155, 0.011731348000466824, 0.0053820619359612465, 0.0, 0.0, 15.34327507019043, 2.9652974605560303, 4.4156365394592285, 8.529175758361816, 0.0, 0.0, 0.05676334723830223, 0.0, 0.0, 0.0, 0.0, 0.0, 0.0, 0.0, 0.0, 0.0, 0.0, 0.0, 0.0, 0.0, 0.0, 0.0, 0.0, 0.0, 0.0, 0.0, 0.0, 0.0, 0.0, 0.0, 0.0, 0.0, 0.0, 0.0, 0.0, 0.029118157923221588, 0.0, 0.0, 0.0, 0.0, 0.0, 0.0, 0.0, 0.0, 0.0, 0.016924703493714333, 0.0, 0.0, 0.0, 0.003057735273614526, 0.0, 0.0], [1.1176141500473022, 1.4986554384231567, 0.4252680242061615, 0.8629686236381531, 1.1048049926757812, 1.2572588920593262, 0.4380056858062744, 1.1153037548065186, 1.1981865167617798, 1.126065731048584, 0.25729888677597046, 0.9870214462280273, 0.9860183596611023, 1.5084015130996704, 0.4194142520427704, 1.4837110042572021, 0.8239160180091858, 0.6708783507347107, 0.4584590494632721, 0.8357391953468323, 0.6963545680046082, 0.8220645785331726, 0.5683345794677734, 1.0115317106246948, 0.42511922121047974, 0.6940830945968628, 0.3072507381439209, 0.7242647409439087, 0.6298714280128479, 0.9382594227790833, 0.4427296221256256, 1.1592669486999512, 1.4559608697891235, 1.37113618850708, 6.2028374671936035, 1.369035243988037, 1.7068986892700195, 1.5457402467727661, 5.392080307006836, 1.9724066257476807, 1.9475587606430054, 2.1595420837402344, 5.876552581787109, 1.7433353662490845, 1.5614562034606934, 2.697449207305908, 4.009958267211914, 2.1591131687164307, 0.3553822338581085, 0.6433067321777344, 0.5111844539642334, 0.38830065727233887, 0.17532497644424438, 0.7296546697616577, 0.7832409739494324, 0.5737342834472656, 0.21392633020877838, 0.45152655243873596, 0.4191737174987793, 0.30878517031669617, 0.34273388981819153, 0.3324365019798279, 0.2825928032398224, 0.4053981900215149, 0.8451365232467651, 0.686495840549469, 1.166933298110962, 1.1582777500152588, 0.43455174565315247, 0.8745549917221069, 0.9788080453872681, 0.9512779116630554, 1.0916316509246826, 0.5716028213500977, 0.9119494557380676, 0.7077469229698181, 0.6222880482673645, 0.8028296232223511, 0.5853583216667175, 0.5374358296394348, 0.1831994503736496, 0.1850598007440567, 0.31465286016464233, 0.26326268911361694, 0.1807219237089157, 0.3323914408683777, 0.6145215034484863, 0.6298068761825562, 0.19004307687282562, 0.2814187705516815, 0.44768860936164856, 0.23825562000274658, 0.24689722061157227, 0.33076345920562744, 0.30790385603904724, 0.4789253771305084]]
Time 3363.4339158535004
