Created graph
[-7.0, -5, -3.0]
[-6.0, -5, -4.0]
[-4.5, -4.0, -3.5]
[-4.25, -4.0, -3.75]
[-4.125, -4.0, -3.875]
[-4.1875, -4.125, -4.0625]
0.1 100000 4
Score: 71.88491
Signatures: [[3.4950826168060303, 4.567118167877197, 1.2857792377471924, 2.5924232006073, 3.3089237213134766, 3.101097345352173, 1.2193647623062134, 2.9116384983062744, 1.738044261932373, 2.866809844970703, 0.5077690482139587, 3.342323064804077, 4.43031120300293, 5.713949680328369, 0.7758969664573669, 6.736800193786621, 3.139162302017212, 2.4017839431762695, 2.3376433849334717, 3.575622797012329, 3.2366106510162354, 2.784503221511841, 0.844689667224884, 4.760122299194336, 1.5461136102676392, 2.579920530319214, 1.2331420183181763, 3.4265542030334473, 13.832842826843262, 9.080089569091797, 2.2455804347991943, 20.47937774658203, 3.4062883853912354, 2.1911163330078125, 1.3546788692474365, 2.558173179626465, 3.770875930786133, 2.339728832244873, 0.31745946407318115, 4.6703267097473145, 2.6301076412200928, 1.1425038576126099, 0.0, 4.350721836090088, 12.33436107635498, 8.525860786437988, 3.2726101875305176, 7.366147041320801, 0.5706073045730591, 1.1348438262939453, 1.003035306930542, 0.41766849160194397, 1.0003752708435059, 2.086249351501465, 2.140995740890503, 2.4094078540802, 0.6451636552810669, 1.0545910596847534, 1.0016002655029297, 0.8577409386634827, 0.452327698469162, 0.7879940867424011, 0.6804914474487305, 1.2629387378692627, 1.3251597881317139, 1.6062175035476685, 1.6110533475875854, 2.3462023735046387, 0.6943574547767639, 1.906370759010315, 1.7131471633911133, 2.3792917728424072, 0.6873721480369568, 0.95579993724823, 0.0673142671585083, 1.9782776832580566, 0.7628846168518066, 1.5663135051727295, 0.5039191842079163, 0.7128086090087891, 0.16918060183525085, 0.5899270176887512, 1.1688547134399414, 0.6217736005783081, 0.4660223126411438, 0.8465063571929932, 1.540303111076355, 1.809867262840271, 0.4760640561580658, 0.776060938835144, 1.2455928325653076, 0.8744514584541321, 0.6944552659988403, 0.6146332621574402, 1.1504592895507812, 1.074173927307129], [2.427180767059326, 3.313225746154785, 0.9458105564117432, 1.8776962757110596, 2.434462070465088, 2.80127215385437, 1.0064589977264404, 2.576934337615967, 3.0400755405426025, 2.514974594116211, 0.702510416507721, 2.027834177017212, 2.0798754692077637, 3.3652665615081787, 1.0689443349838257, 2.8446133136749268, 1.6828722953796387, 1.4982799291610718, 0.8246988654136658, 1.5623738765716553, 1.308032512664795, 1.6258718967437744, 1.5102260112762451, 1.9890127182006836, 0.9060449600219727, 1.316359281539917, 0.591882586479187, 1.3952654600143433, 0.05850990489125252, 1.0933843851089478, 0.9536294937133789, 0.0, 3.6571667194366455, 3.6152405738830566, 18.737268447875977, 3.4167096614837646, 4.3646345138549805, 4.136756896972656, 16.79661750793457, 4.822264194488525, 5.381916522979736, 6.236249923706055, 18.67207145690918, 4.326152801513672, 0.8043954968452454, 6.078320026397705, 11.01101016998291, 3.8253631591796875, 0.8816699981689453, 1.6579222679138184, 1.3411779403686523, 1.0836410522460938, 0.3076191842556, 1.5310533046722412, 1.731649398803711, 1.0810773372650146, 0.4931929409503937, 1.0626270771026611, 0.9802888631820679, 0.7239609360694885, 0.8917962312698364, 0.8233006596565247, 0.6969588994979858, 0.8185679316520691, 2.2750165462493896, 1.6209975481033325, 3.2992680072784424, 2.991675615310669, 1.1226446628570557, 2.2461657524108887, 2.4285008907318115, 2.240072250366211, 3.1100986003875732, 1.445685625076294, 2.8119544982910156, 1.6622350215911865, 1.6772661209106445, 2.068613052368164, 1.6510802507400513, 1.44406259059906, 0.5290987491607666, 0.381725013256073, 0.6374082565307617, 0.6625263690948486, 0.42546331882476807, 0.812045693397522, 1.3820362091064453, 1.478477954864502, 0.47916439175605774, 0.6418296694755554, 0.9854552149772644, 0.5463701486587524, 0.5420830249786377, 0.7994160652160645, 0.7209113836288452, 1.235703945159912], [0.0, 0.0, 0.0, 0.0, 0.0, 0.0, 0.0, 0.0, 0.0, 0.0, 0.012239613570272923, 0.0, 4.216033458709717, 1.35836660861969, 1.019011378288269, 1.9959533214569092, 0.0, 0.0, 0.0, 0.0, 0.0, 0.0, 0.0, 0.0, 0.0, 0.0, 0.0, 0.0, 11.786726951599121, 4.0178937911987305, 0.696880578994751, 22.416093826293945, 0.20922131836414337, 0.0, 0.14970113337039948, 0.044504109770059586, 1.8454066514968872, 0.19910889863967896, 0.9641410708427429, 0.23085413873195648, 0.1938858926296234, 0.041711002588272095, 0.0, 0.0, 58.14641189575195, 12.628435134887695, 16.867979049682617, 31.88467788696289, 0.0, 0.0, 0.26320773363113403, 0.0, 0.0, 0.0, 0.0, 0.0, 0.00014646696217823774, 0.0, 0.0, 0.0, 0.0, 0.0, 0.0, 0.0, 0.0, 0.0, 0.0, 0.0, 0.0, 0.0, 0.0, 0.0, 0.0, 0.0, 0.0, 0.0, 0.0, 0.0, 0.0, 0.06837252527475357, 0.0, 0.0, 0.0, 0.0, 0.0, 0.0, 0.0, 0.0, 0.0, 8.210590021917596e-05, 0.0, 0.0, 0.0, 0.0, 0.0, 0.0], [0.0, 0.0, 0.0, 0.0, 0.0, 0.0, 0.0, 0.0, 0.0, 0.0, 0.10945682972669601, 0.0, 4.950685501098633, 0.6814623475074768, 0.4735214412212372, 0.5583482384681702, 0.0, 0.0, 0.0, 0.0, 0.0, 0.0, 0.0, 0.0, 0.0, 0.0, 0.0, 0.0, 34.05401611328125, 9.827585220336914, 2.5396108627319336, 37.52050018310547, 0.0869126245379448, 0.0, 1.3881064653396606, 0.0, 0.864392101764679, 0.0, 0.5031741261482239, 0.0, 0.06541811674833298, 0.0, 0.9237455129623413, 0.0, 31.38812828063965, 6.252471446990967, 6.299129486083984, 11.394017219543457, 0.0, 0.0, 0.0066322628408670425, 0.0, 0.2532951533794403, 0.0, 0.0, 0.0, 0.0, 0.0, 0.0, 0.0, 0.0, 0.0, 0.0, 0.0, 0.0, 0.0, 0.23182593286037445, 0.0, 0.0, 0.03937060758471489, 0.0, 0.0, 0.0, 0.0, 0.0010559571674093604, 0.0, 0.0, 0.0, 0.0, 0.0, 0.0, 0.0, 0.0, 0.0, 0.0, 0.0, 0.0, 0.0, 0.0, 0.0, 0.0, 0.0, 0.0, 0.0, 0.10175465792417526, 0.0]]
Time 3354.769960165024
