Created graph
[-7.0, -5, -3.0]
[-6.0, -5, -4.0]
[-4.5, -4.0, -3.5]
[-4.75, -4.5, -4.25]
[-4.375, -4.25, -4.125]
[-4.3125, -4.25, -4.1875]
0.3 1000000 3
Score: 148.75275
Signatures: [[0.3412020206451416, 0.5236969590187073, 0.023040058091282845, 0.19223171472549438, 0.0219957884401083, 0.2629592716693878, 0.09225688129663467, 0.5127559304237366, 0.17839443683624268, 0.09868848323822021, 0.3572370707988739, 0.10481606423854828, 5.140082836151123, 2.313987970352173, 1.0329065322875977, 1.9875372648239136, 0.7539872527122498, 0.15132687985897064, 0.2404939979314804, 0.05952763557434082, 0.4386540949344635, 0.13936272263526917, 0.022822588682174683, 0.36661797761917114, 0.39498379826545715, 0.13732849061489105, 0.0, 0.0, 25.301877975463867, 9.127374649047852, 1.7717466354370117, 38.75497055053711, 1.2501407861709595, 0.3806608319282532, 0.8499925136566162, 0.5647192001342773, 2.0414907932281494, 0.42839866876602173, 2.1404786109924316, 0.817834734916687, 0.8628419637680054, 0.5687620043754578, 0.5109044313430786, 1.295420527458191, 51.772544860839844, 12.732832908630371, 14.444397926330566, 24.92629623413086, 0.0, 0.5892102718353271, 0.14345739781856537, 0.0, 0.30067571997642517, 0.03743935748934746, 0.10753661394119263, 0.0, 0.14013652503490448, 0.30778729915618896, 0.0, 0.0911225974559784, 0.0, 0.06780354678630829, 0.32758402824401855, 0.07115399092435837, 0.23966607451438904, 0.03423530235886574, 0.6660625338554382, 0.5775919556617737, 0.0, 0.22625595331192017, 0.0, 0.4721776247024536, 0.06481998413801193, 0.24646008014678955, 0.20131564140319824, 0.33318328857421875, 0.14280065894126892, 0.14988280832767487, 0.08030151575803757, 0.23690834641456604, 0.0, 0.015187029726803303, 0.16662348806858063, 0.05976063385605812, 0.0, 0.032233938574790955, 0.0, 0.042903851717710495, 0.0, 0.15658560395240784, 0.0, 0.0, 0.10641589015722275, 0.155752032995224, 0.7125162482261658, 0.0], [3.378122091293335, 3.8318679332733154, 1.3555045127868652, 2.4956908226013184, 3.284167766571045, 3.6084816455841064, 1.3964389562606812, 2.9896204471588135, 3.08321213722229, 3.106851100921631, 0.9991292953491211, 2.901588201522827, 4.930720329284668, 5.484101295471191, 1.5224556922912598, 4.870594501495361, 2.584693193435669, 2.3785126209259033, 1.521673321723938, 2.728989362716675, 2.2107839584350586, 2.16618013381958, 1.771570086479187, 3.387972831726074, 1.1644396781921387, 1.9620561599731445, 0.9241689443588257, 2.2927510738372803, 11.964369773864746, 5.379355430603027, 2.0980916023254395, 15.996103286743164, 4.2914276123046875, 4.259634971618652, 17.85588836669922, 3.7306876182556152, 6.064476490020752, 4.868013858795166, 16.05388832092285, 6.2386250495910645, 5.618004322052002, 5.848488807678223, 17.563596725463867, 5.214680194854736, 22.977479934692383, 11.89315128326416, 16.129379272460938, 15.440780639648438, 0.9189304709434509, 1.9030755758285522, 1.6979892253875732, 1.1358139514923096, 0.6684421300888062, 1.9691931009292603, 2.128983736038208, 1.703272819519043, 0.7308531403541565, 1.2329977750778198, 1.1365504264831543, 1.030441164970398, 0.9569609761238098, 1.1165660619735718, 0.8145043253898621, 1.1563667058944702, 2.573725938796997, 1.9649853706359863, 3.868687152862549, 3.5895004272460938, 1.2601392269134521, 2.4143688678741455, 2.900784969329834, 2.628953695297241, 2.778286933898926, 1.6250228881835938, 1.8355380296707153, 2.2047462463378906, 1.5500595569610596, 2.338108777999878, 1.6611007452011108, 1.5585286617279053, 0.619073748588562, 0.5515430569648743, 1.111440896987915, 0.7460096478462219, 0.6116285920143127, 0.8920804262161255, 1.808090329170227, 2.0000481605529785, 0.5612434148788452, 0.8349727988243103, 1.3716392517089844, 0.9130232930183411, 0.6362102627754211, 0.928459882736206, 1.127362847328186, 1.6484615802764893], [0.07041200995445251, 0.09493087232112885, 0.0, 0.0, 0.0, 0.1600707769393921, 0.0, 0.31637242436408997, 0.0, 0.0, 0.03679116442799568, 0.0, 5.698727130889893, 2.1524829864501953, 1.038042664527893, 2.4853506088256836, 0.0, 0.08124090731143951, 0.1939925253391266, 0.0, 0.8772265315055847, 0.0, 0.0, 0.7122438549995422, 0.0, 0.0, 0.0, 0.2662297487258911, 29.64677619934082, 10.870767593383789, 2.02502179145813, 46.35923767089844, 0.06884819269180298, 0.0, 0.0, 0.423793762922287, 1.431958794593811, 0.1036405935883522, 0.23037953674793243, 0.3012438416481018, 0.1897091567516327, 0.0, 0.0, 0.0805157721042633, 62.381675720214844, 14.220819473266602, 15.718295097351074, 30.344961166381836, 0.0, 0.0, 0.12448244541883469, 0.0, 0.30057552456855774, 0.0, 0.0, 0.0, 0.0, 0.0, 0.05182690918445587, 0.0, 0.0, 0.0, 0.0851401537656784, 0.0, 0.0, 0.0, 0.1818082481622696, 0.10650821030139923, 0.0, 0.47344592213630676, 0.0, 0.0, 0.0, 0.0, 0.05556994304060936, 0.1175886020064354, 0.42435118556022644, 0.0, 0.0, 0.04641358181834221, 0.0, 0.0, 0.0, 0.07775362581014633, 0.0, 0.0, 0.0, 0.17091763019561768, 0.0, 0.0, 0.0, 0.0, 0.0, 0.10469330847263336, 0.0, 0.0]]
Time 1864.9962072372437
