Created graph
[-7.0, -5, -3.0]
[-6.0, -5, -4.0]
[-5.5, -5, -4.5]
[-4.75, -4.5, -4.25]
[-4.625, -4.5, -4.375]
[-4.6875, -4.625, -4.5625]
0.1 10000 3
Score: 74.16771
Signatures: [[0.0, 0.0, 0.0, 0.0, 0.0, 0.0, 0.0, 0.0, 0.0, 0.0, 0.017785001546144485, 0.0, 2.7685372829437256, 0.7432277798652649, 0.41649284958839417, 1.0692154169082642, 0.0, 0.0, 0.0, 0.0, 0.08918683230876923, 0.0, 0.0, 0.10218511521816254, 0.023209188133478165, 0.0, 0.0, 0.0, 13.129471778869629, 4.28522253036499, 0.9739496111869812, 17.914073944091797, 0.07506377249956131, 0.0, 0.0, 0.0, 0.6842060685157776, 0.0, 0.0, 0.0, 0.0, 0.0, 0.0, 0.0, 26.136014938354492, 5.570455074310303, 6.210590839385986, 12.449280738830566, 0.0, 0.0, 0.06795517355203629, 0.0, 0.08999539166688919, 0.0, 0.0, 0.0, 0.0, 0.0, 0.0, 0.0, 0.0, 0.0, 0.0, 0.0, 0.0, 0.0, 0.0, 0.0, 0.0, 0.0, 0.0, 0.0, 0.0, 0.0, 0.0, 0.0, 0.0, 0.0, 0.0, 0.0, 0.0, 0.0, 0.0, 0.0, 0.0, 0.0, 0.0, 0.0, 0.0, 0.0, 0.0, 0.0, 0.0, 0.0, 0.02185050956904888, 0.0], [2.1230757236480713, 2.7609522342681885, 0.8781906366348267, 1.6330336332321167, 1.9409793615341187, 2.177731513977051, 0.7267628908157349, 1.7539395093917847, 1.5709046125411987, 1.8822394609451294, 0.4110071659088135, 1.8058569431304932, 2.027070999145508, 2.7681379318237305, 0.4731379747390747, 2.8870692253112793, 1.7362900972366333, 1.597178339958191, 1.2373391389846802, 1.9917280673980713, 1.6110026836395264, 1.7629122734069824, 0.7768815755844116, 2.5600695610046387, 0.8333132863044739, 1.3287279605865479, 0.7361323237419128, 1.9319663047790527, 6.244698524475098, 3.8328306674957275, 1.3146610260009766, 7.735220909118652, 2.061258316040039, 1.7923706769943237, 5.438511371612549, 1.7075191736221313, 2.3589985370635986, 1.7738521099090576, 3.531416654586792, 2.6969447135925293, 2.1855554580688477, 1.6106584072113037, 4.148639678955078, 2.5875325202941895, 0.0, 3.0126497745513916, 1.2660725116729736, 0.0, 0.4901413023471832, 0.8740662336349487, 0.6122943162918091, 0.44968363642692566, 0.5142295360565186, 1.2453464269638062, 1.4158397912979126, 1.4047586917877197, 0.36322522163391113, 0.6613895297050476, 0.6747655868530273, 0.5528774261474609, 0.4504116475582123, 0.5305926203727722, 0.5155386924743652, 0.7377442121505737, 1.1258922815322876, 1.1423901319503784, 1.5493736267089844, 1.7586896419525146, 0.5914620757102966, 1.369268774986267, 1.2227927446365356, 1.7161439657211304, 0.9065471887588501, 0.7642059922218323, 0.6893914937973022, 1.1603598594665527, 0.6275757551193237, 1.3086397647857666, 0.5747054219245911, 0.5693108439445496, 0.23307424783706665, 0.3802519142627716, 0.7086632251739502, 0.4865376055240631, 0.34276536107063293, 0.5800880193710327, 1.1412559747695923, 1.301680326461792, 0.4331439435482025, 0.42116063833236694, 0.7563319802284241, 0.589597225189209, 0.4241914749145508, 0.3701508939266205, 0.7096021175384521, 0.8385372161865234], [0.422149121761322, 0.6343078017234802, 0.09739205986261368, 0.32315924763679504, 0.5403273105621338, 0.4914223551750183, 0.2613891363143921, 0.6857634782791138, 0.8121039271354675, 0.5345590710639954, 0.19714125990867615, 0.43869107961654663, 0.668800413608551, 0.9563599824905396, 0.45088666677474976, 0.7707170844078064, 0.250369131565094, 0.10532277077436447, 0.0, 0.056020114570856094, 0.1224159449338913, 0.11428196728229523, 0.40301135182380676, 0.0969778299331665, 0.17348535358905792, 0.23613664507865906, 0.011324135586619377, 0.0, 0.0, 0.0, 0.0, 0.0, 1.2186349630355835, 1.0951018333435059, 6.736626625061035, 1.1565474271774292, 1.679161787033081, 1.4991154670715332, 7.164815902709961, 1.6748247146606445, 1.9603928327560425, 2.556659698486328, 7.217596530914307, 1.3621395826339722, 8.012080192565918, 3.5658419132232666, 7.188601970672607, 6.305112838745117, 0.20740091800689697, 0.4860352575778961, 0.5045840740203857, 0.3385676145553589, 0.0, 0.318817675113678, 0.3300005793571472, 0.0, 0.1314104050397873, 0.30219605565071106, 0.23824697732925415, 0.15228426456451416, 0.2381598800420761, 0.21290400624275208, 0.14016558229923248, 0.13401655852794647, 0.6852201819419861, 0.3088376522064209, 0.994300365447998, 0.7942628860473633, 0.3250415027141571, 0.5947160124778748, 0.7943018078804016, 0.3872433006763458, 1.1805707216262817, 0.42197516560554504, 1.070890188217163, 0.4484759271144867, 0.6360005140304565, 0.46226415038108826, 0.5750567317008972, 0.5455529689788818, 0.14460986852645874, 0.04002447426319122, 0.04138439893722534, 0.11080867797136307, 0.07076551020145416, 0.18116304278373718, 0.1897381842136383, 0.16984255611896515, 0.024686036631464958, 0.20265285670757294, 0.20810672640800476, 0.025125211104750633, 0.10868825018405914, 0.29859763383865356, 0.10588587075471878, 0.24692890048027039]]
Time 3357.464841604233
