Created graph
[-11.0, -9, -7.0]
[-8.0, -7.0, -6.0]
[-6.5, -6.0, -5.5]
[-5.75, -5.5, -5.25]
[-5.625, -5.5, -5.375]
[-5.5625, -5.5, -5.4375]
0.3 100000000 3
Score: 272.474
Signatures: [[0.02245132066309452, 0.0010426980443298817, 0.006804774049669504, 0.009722607210278511, 0.0273349117487669, 0.00016953106387518346, 0.0005386868724599481, 0.01712512969970703, 0.0, 0.013208691962063313, 0.006028722506016493, 0.0, 0.05349038541316986, 0.0, 0.0005201288731768727, 0.049477823078632355, 0.01401396095752716, 0.0010355658596381545, 0.010603271424770355, 0.015514224767684937, 0.0083748335018754, 0.028506824746727943, 0.011840841732919216, 0.015140116214752197, 0.00033281039213761687, 1.1986354365944862e-05, 0.011629576794803143, 0.0010326458141207695, 0.15568143129348755, 0.12846620380878448, 0.010322202928364277, 0.23733234405517578, 0.023534459993243217, 8.029345917748287e-05, 0.14142461121082306, 0.003962943330407143, 0.06824857741594315, 0.05485236272215843, 0.1420661360025406, 0.0, 0.0035864997189491987, 0.06578902155160904, 0.06750060617923737, 0.005681925918906927, 0.3293982148170471, 0.09989509731531143, 0.16659876704216003, 0.12177973985671997, 0.011752904392778873, 0.02634103037416935, 0.004044380038976669, 0.01475758757442236, 0.001756225130520761, 0.0002935237134806812, 0.0009209076524712145, 0.0007456793682649732, 0.0033879249822348356, 0.010376439429819584, 8.312632417073473e-05, 0.004456894937902689, 0.014657949097454548, 0.0005729740369133651, 0.013285796158015728, 0.0007897402974776924, 0.049065642058849335, 0.007024620193988085, 0.0673825591802597, 0.02323395386338234, 0.01705009862780571, 0.0020576240494847298, 0.002592018572613597, 0.014041157439351082, 0.0013801453169435263, 0.022323360666632652, 0.008225672878324986, 0.0068999347276985645, 0.0011285145301371813, 0.03075658343732357, 0.0062612262554466724, 0.020713334903120995, 0.007513738237321377, 0.0019133869791403413, 0.01505400612950325, 0.006118423771113157, 0.00218184944242239, 0.015631606802344322, 0.0, 0.029638972133398056, 0.009197494015097618, 0.012729381211102009, 0.018452677875757217, 0.008666166104376316, 0.0, 0.0, 0.02001238986849785, 0.0051424019038677216], [0.0002335038734599948, 0.02841125801205635, 0.0, 0.0033139490988105536, 0.0, 0.05846625566482544, 0.020079370588064194, 0.000173237276612781, 0.03810635209083557, 0.022735048085451126, 0.0, 0.03728003799915314, 0.04336966201663017, 0.05115240439772606, 0.02248336933553219, 0.0, 8.283219358418137e-05, 0.02852422371506691, 0.00026291265385225415, 0.0, 0.005374878644943237, 0.0, 0.000149526575114578, 0.01412159577012062, 0.0, 0.02424583211541176, 0.0, 0.026682758703827858, 0.019712554290890694, 0.00017304917855653912, 0.0, 0.0, 0.0, 0.04926895350217819, 0.026561904698610306, 0.03720112890005112, 0.0, 0.0001858479663496837, 9.07041467144154e-05, 0.08635937422513962, 0.062110207974910736, 0.0, 0.05719980224967003, 0.05161432921886444, 0.0004149485321249813, 0.00013369247608352453, 0.0, 0.08494868874549866, 0.0, 0.0, 0.0, 0.0, 0.0007500755600631237, 0.032129064202308655, 0.02828412689268589, 0.018181968480348587, 0.0013251506024971604, 0.0027776570059359074, 0.013293396681547165, 2.2803584215580486e-05, 0.0, 0.016305208206176758, 9.841784049058333e-06, 0.01585238240659237, 0.0, 0.002532215788960457, 0.0, 0.0, 0.0, 0.00781930424273014, 0.008130382746458054, 0.00016965545364655554, 0.028883477672934532, 0.0, 3.9683636714471504e-05, 0.0033720298670232296, 0.020430421456694603, 0.00014854261826258153, 0.0, 3.068839941988699e-05, 1.3611932445201091e-05, 0.0008227973594330251, 0.00016714353114366531, 0.0, 0.00642405217513442, 0.00016643294657114893, 0.029041558504104614, 0.0, 0.0, 0.0, 0.0, 0.0, 0.007983244024217129, 0.010577186942100525, 0.0, 0.0005758492625318468], [0.06163923069834709, 0.06712628155946732, 0.02617541514337063, 0.04977358505129814, 0.05225163698196411, 0.017478296533226967, 0.012453706003725529, 0.06129426136612892, 0.03259187191724777, 0.03465782850980759, 0.021612171083688736, 0.02787611447274685, 0.0327916219830513, 0.09380359202623367, 0.018496088683605194, 0.08319185674190521, 0.052068326622247696, 0.025424199178814888, 0.028717445209622383, 0.05245891958475113, 0.04446494206786156, 0.023180130869150162, 0.03433020040392876, 0.0574936717748642, 0.03212379291653633, 0.019643399864435196, 0.00954798050224781, 0.02805209532380104, 0.24063608050346375, 0.04947216436266899, 0.05378543585538864, 0.4284399449825287, 0.08995450288057327, 0.055838197469711304, 0.2767554521560669, 0.050380878150463104, 0.09027066826820374, 0.06617314368486404, 0.26178938150405884, 0.055802810937166214, 0.06569638103246689, 0.06708803027868271, 0.3059610426425934, 0.06694846600294113, 0.5185993909835815, 0.280727744102478, 0.3082471489906311, 0.25119680166244507, 0.00991438515484333, 0.022571558132767677, 0.04149315506219864, 0.01230915542691946, 0.015776678919792175, 0.01154377032071352, 0.019298117607831955, 0.017486970871686935, 0.013762400485575199, 0.015730269253253937, 0.013170642778277397, 0.022800181061029434, 0.007257239893078804, 0.009226839989423752, 0.005935388617217541, 0.009321554563939571, 0.008200949989259243, 0.04222975671291351, 0.025857366621494293, 0.07165760546922684, 0.012204878032207489, 0.04892135038971901, 0.0668083131313324, 0.05154407024383545, 0.02489876188337803, 0.016883868724107742, 0.041729915887117386, 0.04819989204406738, 0.01191412378102541, 0.023279685527086258, 0.03318031504750252, 0.01685909368097782, 0.007830433547496796, 0.011394876055419445, 0.010571104474365711, 0.014710314571857452, 0.004780326969921589, 0.006952458526939154, 0.008505599573254585, 0.016846440732479095, 0.005206334870308638, 0.009131000377237797, 0.013598115183413029, 0.013573105446994305, 0.006237371359020472, 0.012124847620725632, 0.008724256418645382, 0.039308104664087296]]
Time 1708.811017036438
