Created graph
[-11.0, -9, -7.0]
[-8.0, -7.0, -6.0]
[-6.5, -6.0, -5.5]
[-5.75, -5.5, -5.25]
[-5.625, -5.5, -5.375]
[-5.6875, -5.625, -5.5625]
0.3 100000000 4
Score: 273.95468
Signatures: [[0.10798405110836029, 0.3242017924785614, 0.0, 0.0, 0.0, 0.036643508821725845, 0.135421484708786, 0.16062626242637634, 0.0, 0.1409292370080948, 0.0, 0.09753047674894333, 0.4607459604740143, 0.09011145681142807, 0.018383029848337173, 0.09881928563117981, 0.09092894196510315, 0.0, 0.0, 0.1713760495185852, 0.13980378210544586, 0.0, 0.16696400940418243, 0.2176477015018463, 0.0, 0.0, 0.0, 0.017963629215955734, 0.27386271953582764, 0.0016027734382078052, 0.0, 0.7497360110282898, 0.26256656646728516, 0.08310823142528534, 0.4329316020011902, 0.12219227850437164, 0.0, 0.03040408529341221, 0.0, 0.02047690376639366, 0.0, 0.4138868451118469, 0.3148059546947479, 0.07287272810935974, 0.5825230479240417, 0.3303636908531189, 0.31311407685279846, 0.34157705307006836, 0.0, 0.03962669149041176, 0.1578981727361679, 0.0, 0.0, 0.003918866161257029, 0.0, 0.0, 0.0, 0.0, 0.08679370582103729, 0.0, 0.0, 0.07336099445819855, 0.0, 0.0, 0.12987805902957916, 0.08477935194969177, 0.0, 0.28307878971099854, 0.0, 0.0, 0.0, 0.0, 0.0, 0.0, 0.17465338110923767, 0.0, 0.14098340272903442, 0.0, 0.0, 0.14670979976654053, 0.0, 0.0, 0.1012011170387268, 0.0, 0.0, 0.02789050154387951, 0.10872947424650192, 0.0, 0.056004565209150314, 0.0, 0.0, 0.07788117229938507, 0.0, 0.0, 0.0, 0.16068048775196075], [0.0, 0.0, 0.11905572563409805, 0.0, 0.0, 0.028179846704006195, 0.0, 0.01545955054461956, 0.015433140099048615, 0.0, 0.0652693659067154, 0.0, 0.0, 0.0, 0.0, 0.05179751664400101, 0.0, 0.07753683626651764, 0.016351450234651566, 0.018753746524453163, 0.0, 0.0, 0.0, 0.05858851224184036, 0.0, 0.10495719313621521, 0.08512140810489655, 0.1177026703953743, 0.38296037912368774, 0.4350839853286743, 0.0, 0.5826475024223328, 0.05432252213358879, 0.07323433458805084, 0.4817230999469757, 0.1388397216796875, 0.2776600122451782, 0.07802852988243103, 0.4789276421070099, 0.16107919812202454, 0.007851637899875641, 0.04191781207919121, 0.386883020401001, 0.04041600972414017, 0.8938381671905518, 0.5653993487358093, 0.38565793633461, 0.714043915271759, 0.0, 0.03407960757613182, 0.0, 0.0, 0.0, 0.10922205448150635, 0.0, 0.14437365531921387, 0.0, 0.0, 0.010786008089780807, 0.0, 0.0, 0.0, 0.07802105695009232, 0.10842952132225037, 0.0327305942773819, 0.088503897190094, 0.0, 0.0, 0.0, 0.012399115599691868, 0.0, 0.03815123066306114, 0.11033164709806442, 0.0, 0.0, 0.10541947931051254, 0.0, 0.20975260436534882, 0.005774402990937233, 0.0, 0.004983917344361544, 0.0, 0.0, 0.0781002789735794, 0.0, 0.04000278189778328, 0.0, 0.0, 0.0, 0.0, 0.0, 0.0, 0.05766075477004051, 0.0, 0.0, 0.0], [0.0, 0.0, 0.0, 0.17309583723545074, 0.1482105553150177, 0.23117156326770782, 0.0, 0.0, 0.24943992495536804, 0.118065744638443, 0.02728133276104927, 0.0, 0.0399259589612484, 0.41939231753349304, 0.13640792667865753, 0.26290619373321533, 0.12938666343688965, 0.08327921479940414, 0.06321294605731964, 0.0, 0.057254139333963394, 0.19718505442142487, 0.0, 0.020619474351406097, 0.10830234736204147, 0.05977562442421913, 0.0, 0.0, 0.5838564038276672, 0.1596314162015915, 0.0, 0.4154013693332672, 0.054244253784418106, 0.02394692599773407, 0.24057148396968842, 0.062168657779693604, 0.10163132101297379, 0.08439894765615463, 0.3928968012332916, 0.280641108751297, 0.24743862450122833, 0.0, 0.470101535320282, 0.33064398169517517, 0.5798677206039429, 0.36942553520202637, 0.5114632248878479, 0.2635953724384308, 0.08476710319519043, 0.09747300297021866, 0.0, 0.0, 0.0, 0.0, 0.0, 0.0, 0.06578883528709412, 0.019070353358983994, 0.0, 0.0, 0.08685410022735596, 0.0, 0.0, 0.0, 0.0, 0.0, 0.22483323514461517, 0.0, 0.0, 0.12099091708660126, 0.21869578957557678, 0.10816716402769089, 0.0, 0.15137101709842682, 0.0, 0.09006422758102417, 0.0, 0.0, 0.0, 0.0, 0.0, 0.0, 0.0, 0.0, 0.0, 0.014551741071045399, 0.0, 0.0, 0.0, 0.0, 0.11594118177890778, 0.0, 0.0, 0.0, 0.0, 0.0], [0.17959995567798615, 0.013588405214250088, 0.0, 0.038272347301244736, 0.12987738847732544, 0.0, 0.0, 0.08430839329957962, 0.0, 0.0, 0.0, 0.15201793611049652, 0.0, 0.0, 0.0, 0.039322178810834885, 0.0, 0.04263376444578171, 0.053021445870399475, 0.03361513093113899, 0.0, 0.0, 0.0, 0.0, 0.0, 0.0, 0.0, 0.06966131180524826, 0.18063342571258545, 0.051399264484643936, 0.23100674152374268, 0.5131205320358276, 0.0, 0.20072312653064728, 0.370051771402359, 0.0, 0.17265067994594574, 0.22745367884635925, 0.5182980895042419, 0.06369912624359131, 0.226438507437706, 0.01227756217122078, 0.28537464141845703, 0.0, 0.8305044174194336, 0.0, 0.3991583585739136, 0.3038107752799988, 0.0, 0.0, 0.0, 0.110374815762043, 0.07100774347782135, 0.05780733749270439, 0.20446191728115082, 0.0, 0.0, 0.0861535295844078, 0.0, 0.10023391991853714, 0.0, 0.027610711753368378, 0.0, 0.0, 0.0565439872443676, 0.0, 0.1260857880115509, 0.04011991620063782, 0.11867047846317291, 0.062226563692092896, 0.03985423594713211, 0.0716746374964714, 0.10220620036125183, 0.0, 0.0, 0.0, 0.0, 0.0, 0.12996891140937805, 0.0, 0.0515776090323925, 0.053585540503263474, 0.0, 0.0, 0.056465789675712585, 0.0, 0.04036903381347656, 0.19192279875278473, 0.0, 0.09101539105176926, 0.0, 0.0, 0.0, 0.09467072039842606, 0.11922363936901093, 0.0]]
Time 1729.916653394699
