Created graph
[-7.0, -5, -3.0]
[-6.0, -5, -4.0]
[-5.5, -5, -4.5]
[-4.75, -4.5, -4.25]
[-4.875, -4.75, -4.625]
[-4.9375, -4.875, -4.8125]
0.1 5000 4
Score: 72.71095
Signatures: [[1.2795659303665161, 1.6546664237976074, 0.5303251147270203, 0.8965119123458862, 1.1762053966522217, 1.2219494581222534, 0.43298378586769104, 0.9893516302108765, 0.6753997206687927, 1.0416499376296997, 0.2807292938232422, 1.221994400024414, 1.2790104150772095, 2.346827983856201, 0.3091132640838623, 2.082448959350586, 1.1273002624511719, 0.9270732998847961, 0.8363110423088074, 1.3078677654266357, 1.1555477380752563, 1.0333324670791626, 0.4329651892185211, 1.775780439376831, 0.532607913017273, 0.9869465231895447, 0.4713904857635498, 1.2902777194976807, 4.348914623260498, 2.976905107498169, 0.6636372804641724, 6.097662448883057, 1.42401123046875, 1.0246543884277344, 1.3817298412322998, 0.9780458807945251, 1.5742285251617432, 0.9775785803794861, 0.5816261172294617, 1.7113317251205444, 1.0983247756958008, 0.2977699935436249, 0.2970752418041229, 1.4595352411270142, 2.49634051322937, 3.293982744216919, 1.7132396697998047, 1.036421298980713, 0.2533842921257019, 0.45344895124435425, 0.39660489559173584, 0.17430458962917328, 0.3065028786659241, 0.6645936369895935, 0.7817776203155518, 0.8452669382095337, 0.2694326341152191, 0.33764129877090454, 0.3709806203842163, 0.3548104465007782, 0.2424388974905014, 0.3100784122943878, 0.27692851424217224, 0.4570174515247345, 0.613531768321991, 0.5731164216995239, 0.6879920959472656, 0.9852135181427002, 0.27832910418510437, 0.6234556436538696, 0.801254153251648, 0.9105196595191956, 0.1766742467880249, 0.4775356650352478, 0.0, 0.7822375893592834, 0.22984950244426727, 0.42660924792289734, 0.07106968760490417, 0.25720152258872986, 0.10663007944822311, 0.25120416283607483, 0.4395444691181183, 0.2895730137825012, 0.17113912105560303, 0.4071978032588959, 0.5892922878265381, 0.7286723256111145, 0.20024323463439941, 0.2946150302886963, 0.4170958399772644, 0.3425973653793335, 0.26780176162719727, 0.2501581907272339, 0.44287756085395813, 0.495604008436203], [0.7313922643661499, 1.0376111268997192, 0.2558862864971161, 0.6102368831634521, 0.7718105316162109, 0.8623145222663879, 0.32342156767845154, 0.8779802918434143, 1.078718900680542, 0.8174071311950684, 0.19507218897342682, 0.5951642990112305, 0.7716018557548523, 0.8735299110412598, 0.3683682382106781, 0.9211300015449524, 0.4831826984882355, 0.42160746455192566, 0.1943482607603073, 0.39901405572891235, 0.3307490944862366, 0.4657208323478699, 0.45978960394859314, 0.4842089116573334, 0.27921178936958313, 0.3392379581928253, 0.15012414753437042, 0.32382431626319885, 0.0, 0.16488322615623474, 0.3218441605567932, 0.0, 1.134443759918213, 1.1366188526153564, 6.828600883483887, 1.1756824254989624, 1.4097732305526733, 1.4030797481536865, 6.211950302124023, 1.5958102941513062, 1.8707702159881592, 2.4340994358062744, 6.9435601234436035, 1.489692211151123, 1.3652949333190918, 1.9539141654968262, 4.0373616218566895, 2.229285478591919, 0.281786173582077, 0.5501337647438049, 0.44284701347351074, 0.37779974937438965, 0.08942601084709167, 0.5290015935897827, 0.5443162322044373, 0.3057776689529419, 0.1355799287557602, 0.3798920214176178, 0.31971046328544617, 0.20479470491409302, 0.27729368209838867, 0.25728467106819153, 0.2144637256860733, 0.2477107048034668, 0.731641948223114, 0.5452724099159241, 1.1190130710601807, 0.9412328004837036, 0.38295796513557434, 0.8027082681655884, 0.7392519116401672, 0.714984655380249, 1.2296050786972046, 0.43400314450263977, 1.1031261682510376, 0.4958136975765228, 0.643476665019989, 0.7784711122512817, 0.6683650612831116, 0.5211728811264038, 0.16609148681163788, 0.0948266088962555, 0.17082373797893524, 0.18056730926036835, 0.13982827961444855, 0.20950248837471008, 0.43568259477615356, 0.42669904232025146, 0.1405981034040451, 0.19703122973442078, 0.330269992351532, 0.1453312486410141, 0.1613015979528427, 0.2561987340450287, 0.20453214645385742, 0.3533110022544861], [0.0, 0.0, 0.0, 0.0, 0.0, 0.0, 0.0, 0.0, 0.0, 0.0, 0.008400642313063145, 0.0, 1.2659441232681274, 0.520344614982605, 0.2985813617706299, 0.5990089178085327, 0.0, 0.0, 0.0, 0.0, 0.0, 0.0, 0.0, 0.0, 0.0031262729316949844, 0.0, 0.0, 0.0, 3.320777654647827, 1.2039806842803955, 0.12831631302833557, 6.982297897338867, 0.05832624062895775, 0.0, 0.0, 0.006932975724339485, 0.503707766532898, 0.04152392968535423, 0.09968801587820053, 0.07084596902132034, 0.03516551852226257, 0.0, 0.0, 0.0003304810670670122, 18.254240036010742, 3.903249979019165, 5.011658668518066, 9.43786334991455, 0.0, 0.0, 0.07534050941467285, 0.0, 0.0, 0.0, 0.0, 0.0, 0.0, 0.0, 0.0, 0.0, 0.0, 0.0, 0.0, 0.0, 0.0, 0.0, 0.0, 0.0, 0.0, 0.0, 0.0, 0.0, 0.0, 0.0, 0.0, 0.0, 0.0, 0.0, 0.0, 0.01753661036491394, 0.0, 0.0, 0.0, 0.0, 0.0, 0.0, 0.0, 0.0, 0.0, 0.00023653208336327225, 0.0, 0.0, 0.0, 0.0, 0.0, 0.0], [0.0, 0.0, 0.0, 0.0, 0.0, 0.0, 0.0, 0.0, 0.0, 0.0, 0.0, 0.0, 1.567159652709961, 0.0, 0.1365584284067154, 0.26639118790626526, 0.0, 0.0, 0.0, 0.0, 0.0, 0.0, 0.0, 0.0, 0.0, 0.0, 0.0, 0.0, 10.763306617736816, 3.0415191650390625, 0.9272927641868591, 11.254630088806152, 0.0, 0.0, 0.26791390776634216, 0.0, 0.24004468321800232, 0.0, 0.31004074215888977, 0.0, 0.002510831458494067, 0.0, 0.3131541609764099, 0.008490080945193768, 8.686058044433594, 1.5446628332138062, 1.6801456212997437, 3.8282089233398438, 0.0, 0.0, 0.0, 0.0, 0.09311236441135406, 0.0, 0.0, 0.0, 0.0, 0.0, 0.0, 0.0, 0.0, 0.0, 0.0, 0.0, 0.0, 0.0, 0.05824019014835358, 0.0, 0.0, 0.03109307400882244, 0.0, 0.0, 0.0, 0.0, 0.03846587613224983, 0.0, 0.004904137458652258, 0.021445859223604202, 0.035438165068626404, 0.0, 0.0, 0.0, 0.0, 0.0, 0.0, 0.0, 0.0, 0.0, 0.0, 0.0, 0.0, 0.0, 0.0, 0.0, 0.012961220927536488, 0.0]]
Time 3360.276480436325
