Created graph
[-7.0, -5, -3.0]
[-6.0, -5, -4.0]
[-5.5, -5, -4.5]
[-4.75, -4.5, -4.25]
[-4.625, -4.5, -4.375]
[-4.6875, -4.625, -4.5625]
0.1 10000 4
Score: 71.2032
Signatures: [[2.239969491958618, 2.956296443939209, 0.7578319311141968, 1.6422467231750488, 2.103006601333618, 2.1692373752593994, 0.7917426228523254, 1.7865599393844604, 1.3478715419769287, 1.9980205297470093, 0.2887045443058014, 2.12613844871521, 2.324822187423706, 3.203786611557007, 0.4959852993488312, 3.936399221420288, 1.8605338335037231, 1.4210295677185059, 1.285279393196106, 2.1730360984802246, 1.769613265991211, 1.740631103515625, 0.7217602729797363, 2.6186089515686035, 0.9512920379638672, 1.5633735656738281, 0.7101996541023254, 1.9820328950881958, 2.92462420463562, 3.3163962364196777, 1.034168004989624, 5.920754909515381, 2.1072609424591064, 1.558801293373108, 1.599427580833435, 1.6253697872161865, 2.2452008724212646, 1.5949571132659912, 0.6696703433990479, 2.7906839847564697, 1.3448395729064941, 0.853299617767334, 0.0, 2.4130260944366455, 2.8664371967315674, 4.2790374755859375, 2.0436270236968994, 3.778200149536133, 0.4068640172481537, 0.8842907547950745, 0.6904251575469971, 0.32921090722084045, 0.46585121750831604, 1.471426010131836, 1.4171583652496338, 1.3855680227279663, 0.4120926856994629, 0.679027795791626, 0.6931138634681702, 0.5209307074546814, 0.31573185324668884, 0.5156897306442261, 0.43920886516571045, 0.7820845246315002, 0.7306752800941467, 1.0221000909805298, 0.9934993982315063, 1.4849950075149536, 0.43115195631980896, 0.7646858096122742, 1.189194917678833, 1.2258625030517578, 0.19566988945007324, 0.6117002367973328, 0.0, 1.0368636846542358, 0.3100453317165375, 0.9043086767196655, 0.16934992372989655, 0.5491373538970947, 0.14675359427928925, 0.35625705122947693, 0.7635650634765625, 0.42698222398757935, 0.3117111325263977, 0.514992892742157, 1.1217973232269287, 1.0556509494781494, 0.30298638343811035, 0.5344917178153992, 0.8151589632034302, 0.5027971267700195, 0.4189109802246094, 0.3536515533924103, 0.6320558190345764, 0.6938086748123169], [0.0, 0.0, 0.0, 0.0, 0.0, 0.0, 0.0, 0.0, 0.0, 0.0, 0.05291024222970009, 0.0, 2.2896878719329834, 0.5043856501579285, 0.18526306748390198, 0.3594641387462616, 0.0, 0.005616895854473114, 0.012446783483028412, 0.0, 0.11437284201383591, 0.0, 0.0, 0.1288222223520279, 0.0, 0.0, 0.0, 0.0, 15.692754745483398, 4.848254680633545, 1.1643424034118652, 18.23476791381836, 0.07145355641841888, 0.0, 0.3576183617115021, 0.0, 0.37176334857940674, 0.0, 0.0751878097653389, 0.0, 0.15398043394088745, 0.0, 0.39818453788757324, 0.1290646493434906, 15.624252319335938, 3.3122072219848633, 2.7076754570007324, 5.135419845581055, 0.0, 0.0, 0.0, 0.0, 0.14328864216804504, 0.0, 0.0, 0.0, 0.0, 0.0, 0.0, 0.0, 0.0, 0.0, 0.0, 0.0, 0.02875346504151821, 0.0, 0.14134368300437927, 0.0, 0.0, 0.12674380838871002, 0.0, 0.0, 0.0, 0.0, 0.0, 0.05585368722677231, 0.02370397560298443, 0.0, 0.022244960069656372, 0.0, 0.0, 0.0, 0.0, 0.0, 0.0, 0.0, 0.0, 0.0, 0.0, 0.0, 0.0, 0.007521089166402817, 0.0, 0.0, 0.08261086791753769, 0.0017297508893534541], [0.0, 0.0, 0.0, 0.0, 0.0, 0.0, 0.002282431349158287, 0.0006007927004247904, 0.0, 0.0, 0.02096853405237198, 0.0, 1.4906041622161865, 0.5899583101272583, 0.4687507152557373, 0.9663159251213074, 0.0, 0.0, 0.0, 0.0, 0.0, 0.0, 0.0, 0.0, 0.033090658485889435, 0.0, 0.0, 0.0, 2.766737699508667, 0.9320358037948608, 0.1616487354040146, 6.131113529205322, 0.19981029629707336, 0.0, 0.28365254402160645, 0.10705474019050598, 0.917559027671814, 0.1858121007680893, 0.6613223552703857, 0.2872225344181061, 0.13512058556079865, 0.11277168989181519, 0.0, 0.04567602276802063, 22.311037063598633, 4.906145095825195, 7.318946838378906, 13.380956649780273, 0.0, 0.0, 0.15597212314605713, 0.0, 0.0, 0.0, 0.0, 0.0, 0.016965828835964203, 0.0, 0.0, 0.0, 0.0, 0.00025336365797556937, 0.0, 0.0, 0.0, 0.0, 0.0, 0.0, 0.0, 0.0, 0.0, 0.0, 0.0, 0.0, 0.0, 0.0, 0.0, 0.0, 0.0, 0.05819376930594444, 0.0, 0.0, 0.0, 0.0, 0.0, 0.0, 0.0, 0.0, 0.0, 0.02053838223218918, 0.0, 0.0, 0.0, 0.0073471409268677235, 0.0, 0.0], [0.645999014377594, 0.8655766844749451, 0.2991752028465271, 0.5232973098754883, 0.7141080498695374, 0.8104526996612549, 0.2901538014411926, 0.8504645824432373, 1.1263892650604248, 0.7090797424316406, 0.2641657590866089, 0.4849732518196106, 0.5370103716850281, 0.8896026611328125, 0.37010031938552856, 0.38855981826782227, 0.40672531723976135, 0.4282902479171753, 0.14956575632095337, 0.279369980096817, 0.21696223318576813, 0.3678834140300751, 0.5068097710609436, 0.3991248607635498, 0.2127911001443863, 0.28068846464157104, 0.14601261913776398, 0.26567959785461426, 0.4270094633102417, 0.21570023894309998, 0.2764914929866791, 0.0, 1.2294294834136963, 1.3375738859176636, 8.771418571472168, 1.246322751045227, 1.5085219144821167, 1.5576683282852173, 7.821354866027832, 1.6567004919052124, 2.3305153846740723, 2.8316993713378906, 9.138711929321289, 1.5749315023422241, 0.0, 1.8716288805007935, 4.478073596954346, 0.511506974697113, 0.325836718082428, 0.5490159392356873, 0.44767823815345764, 0.4303779602050781, 0.06233309954404831, 0.35393616557121277, 0.472579687833786, 0.24243156611919403, 0.1364218294620514, 0.356383740901947, 0.29430142045021057, 0.22834955155849457, 0.3581198453903198, 0.2689342498779297, 0.22781500220298767, 0.2046044021844864, 0.9657317996025085, 0.5319492816925049, 1.3529776334762573, 1.098405361175537, 0.45338696241378784, 1.0197585821151733, 0.8699823021888733, 0.9046461582183838, 1.5923528671264648, 0.5613663792610168, 1.4253240823745728, 0.5984187722206116, 0.8117092847824097, 0.849969744682312, 0.821669340133667, 0.5370625257492065, 0.20921921730041504, 0.10663633793592453, 0.1267981082201004, 0.2092423290014267, 0.13422849774360657, 0.2744297683238983, 0.3843762278556824, 0.4956848919391632, 0.16221049427986145, 0.16403056681156158, 0.2874468266963959, 0.15488173067569733, 0.17082789540290833, 0.31294456124305725, 0.20939315855503082, 0.428869366645813]]
Time 3367.8908944129944
