Created graph
[-7.0, -5, -3.0]
[-6.0, -5, -4.0]
[-5.5, -5, -4.5]
[-4.75, -4.5, -4.25]
[-4.875, -4.75, -4.625]
[-4.9375, -4.875, -4.8125]
0.3 0 4
Score: 126.1826
Signatures: [[0.29349079728126526, 0.6096739172935486, 0.1942685842514038, 0.3452673852443695, 0.3521323800086975, 0.5537023544311523, 0.20074889063835144, 0.3748764395713806, 0.157742440700531, 0.3943966031074524, 0.20067112147808075, 0.4686862528324127, 2.1661553382873535, 1.2535878419876099, 0.2375505566596985, 1.2837717533111572, 0.6257975697517395, 0.3316582143306732, 0.47953641414642334, 0.5200261473655701, 0.7515909075737, 0.3681160807609558, 0.25298547744750977, 0.8262486457824707, 0.1524181365966797, 0.4469788372516632, 0.15000592172145844, 0.4989514648914337, 5.1930670738220215, 1.699216604232788, 0.719796895980835, 4.614869117736816, 0.7728858590126038, 0.14329290390014648, 1.096792459487915, 0.5340368747711182, 1.360539197921753, 0.48169195652008057, 0.0, 0.6174979209899902, 0.20871403813362122, 0.0, 0.0, 0.6737421154975891, 3.521017551422119, 1.7976125478744507, 1.5030492544174194, 3.357628345489502, 0.0019339137943461537, 0.25839701294898987, 0.16828127205371857, 0.030275091528892517, 0.0674312487244606, 0.16992326080799103, 0.06974247097969055, 0.17875567078590393, 0.1468939185142517, 0.17440161108970642, 0.10206964612007141, 0.09940362721681595, 0.04956474527716637, 0.08247489482164383, 0.15228991210460663, 0.061559755355119705, 0.1542445868253708, 0.1506662666797638, 0.24721764028072357, 0.4539722204208374, 0.004916577599942684, 0.141268789768219, 0.2143995761871338, 0.12048707902431488, 0.0, 0.11749579012393951, 0.11069429665803909, 0.11933194845914841, 0.003474145196378231, 0.021477993577718735, 0.0, 0.0919594019651413, 0.001145129557698965, 0.07459850609302521, 0.20608243346214294, 0.122975192964077, 0.05566028133034706, 0.0940147340297699, 0.24619412422180176, 0.4160577952861786, 0.05391481891274452, 0.06651527434587479, 0.1274234801530838, 0.09783296287059784, 0.07235738635063171, 0.07618183642625809, 0.2718321681022644, 0.18595552444458008], [0.0, 0.0, 0.0, 0.0, 0.0, 0.0, 0.0, 0.0, 0.0, 0.0, 0.0, 0.0, 0.2207348346710205, 0.0, 0.06560951471328735, 0.0, 0.0, 0.0, 0.0, 0.0, 0.0, 0.0, 0.0, 0.0, 0.0, 0.0, 0.0, 0.0, 7.831145286560059, 2.523000955581665, 0.4458150863647461, 9.320685386657715, 0.0, 0.005286172032356262, 0.0, 0.0, 0.0, 0.0, 0.22851982712745667, 0.0, 0.07291203737258911, 0.0, 0.19129514694213867, 0.0, 8.085168838500977, 1.7036042213439941, 1.9325851202011108, 3.184706687927246, 0.0, 0.0, 0.0, 0.0, 0.12089993804693222, 0.0, 0.0, 0.0, 0.0, 0.0, 0.0, 0.0, 0.0, 0.0, 0.0, 0.0, 0.0, 0.0, 0.042746540158987045, 0.0, 0.0, 0.07124950736761093, 0.0, 0.0, 4.305322727304883e-05, 0.0, 0.0, 0.012666554190218449, 0.05603504553437233, 0.0584840252995491, 0.010531012900173664, 0.0, 0.0, 0.0, 0.0, 0.0, 0.0, 0.0, 0.0, 0.0, 0.0, 0.0, 0.0, 0.0, 0.0, 0.0, 0.0, 0.0], [0.0, 0.0, 0.0, 0.0, 0.0, 0.0, 0.0, 0.0, 0.0, 0.0, 0.002545452443882823, 0.0, 0.7665774822235107, 0.28028404712677, 0.22261051833629608, 0.34448206424713135, 0.0, 0.0, 0.0, 0.0, 0.0, 0.0, 0.0, 0.0, 0.0, 0.0, 0.0, 0.0, 0.2225915491580963, 0.19900865852832794, 0.0, 3.0599913597106934, 0.0, 0.0, 0.0, 0.0, 0.14624211192131042, 0.026526864618062973, 0.20290474593639374, 0.07909438014030457, 0.10688433796167374, 0.04293058067560196, 0.0, 0.0, 12.376806259155273, 2.327962875366211, 3.3050575256347656, 7.173945426940918, 0.0, 0.0, 0.049716345965862274, 0.0, 0.0, 0.0, 0.0, 0.0, 0.0, 0.0, 0.0, 0.0, 0.0, 0.0, 0.0, 0.0, 0.0, 0.0, 0.0, 0.0, 0.0, 0.0, 0.0, 0.0, 0.0, 0.0, 0.0, 0.0, 0.0, 0.0, 0.0, 0.005129158031195402, 0.0, 0.0, 0.0, 0.0, 0.0, 0.0, 0.0, 0.0, 0.0, 0.00999763235449791, 0.0, 0.0, 0.0, 0.0, 0.0, 0.0], [1.166719675064087, 0.9730752110481262, 0.36708566546440125, 0.6802310943603516, 1.0484004020690918, 1.0538808107376099, 0.36787426471710205, 0.983065128326416, 1.0624909400939941, 1.0567412376403809, 0.19718806445598602, 0.7959274649620056, 0.5345732569694519, 1.113330602645874, 0.3130251169204712, 1.1683446168899536, 0.5864392518997192, 0.5918689966201782, 0.32139813899993896, 0.6578587293624878, 0.42186570167541504, 0.5565094351768494, 0.4145139157772064, 0.7689999938011169, 0.32048434019088745, 0.4384235739707947, 0.26087480783462524, 0.5275780558586121, 0.3616364300251007, 0.6287596821784973, 0.28950953483581543, 0.8657974600791931, 1.139980435371399, 1.481829285621643, 5.751382827758789, 1.1250535249710083, 1.3658252954483032, 1.3312256336212158, 5.029778957366943, 1.7369621992111206, 1.811561107635498, 2.342801570892334, 6.305825710296631, 1.5289435386657715, 1.4980874061584473, 2.678685426712036, 3.394354820251465, 0.995703935623169, 0.3447432219982147, 0.5764484405517578, 0.4152279794216156, 0.3558964133262634, 0.17521148920059204, 0.5449908375740051, 0.7772291302680969, 0.5390946865081787, 0.16619808971881866, 0.36585763096809387, 0.3560284674167633, 0.27806776762008667, 0.3181323707103729, 0.3742278814315796, 0.2058982104063034, 0.4234643578529358, 0.817417562007904, 0.6429077386856079, 1.117019772529602, 0.9218493103981018, 0.4350880980491638, 0.8888912796974182, 0.8904463052749634, 0.9375098943710327, 1.2641574144363403, 0.542315661907196, 0.5414856672286987, 0.7089233994483948, 0.6761173009872437, 0.824013352394104, 0.6843882203102112, 0.5090307593345642, 0.20520788431167603, 0.16433635354042053, 0.3040575683116913, 0.16832388937473297, 0.1928408443927765, 0.23698899149894714, 0.4968875050544739, 0.4814077913761139, 0.14330267906188965, 0.2399662435054779, 0.40069061517715454, 0.27430272102355957, 0.21314670145511627, 0.2989228069782257, 0.24738095700740814, 0.4105422794818878]]
Time 2858.07142329216
