Created graph
[-7.0, -5, -3.0]
[-6.0, -5, -4.0]
[-5.5, -5, -4.5]
[-4.75, -4.5, -4.25]
[-4.875, -4.75, -4.625]
[-4.9375, -4.875, -4.8125]
0.3 1000 4
Score: 125.61522
Signatures: [[0.3367569148540497, 0.6643732190132141, 0.21085885167121887, 0.3728626072406769, 0.3936194181442261, 0.598590612411499, 0.2201123833656311, 0.41472724080085754, 0.18233004212379456, 0.4361599385738373, 0.21029768884181976, 0.5027227401733398, 2.2155234813690186, 1.3159816265106201, 0.2606718838214874, 1.3218237161636353, 0.6716063618659973, 0.36021164059638977, 0.5138251185417175, 0.5627318024635315, 0.8050960898399353, 0.39581748843193054, 0.27745556831359863, 0.8901129961013794, 0.16274628043174744, 0.47508424520492554, 0.16222546994686127, 0.5394138693809509, 5.541080951690674, 1.8250112533569336, 0.7563349604606628, 5.08851432800293, 0.831485390663147, 0.18382258713245392, 1.248368740081787, 0.5758542418479919, 1.4197922945022583, 0.5087956786155701, 0.0, 0.659260630607605, 0.2512799799442291, 0.0, 0.0, 0.7345572710037231, 3.866840362548828, 1.966807246208191, 1.6800475120544434, 3.4930319786071777, 0.003798144869506359, 0.28412625193595886, 0.1874697357416153, 0.03246786445379257, 0.08095341175794601, 0.18693271279335022, 0.0743076354265213, 0.19504542648792267, 0.15431736409664154, 0.18556161224842072, 0.11693909019231796, 0.10442369431257248, 0.05629706382751465, 0.09187911450862885, 0.15702931582927704, 0.07745392620563507, 0.1830189973115921, 0.17991892993450165, 0.28591951727867126, 0.4971616268157959, 0.006861038506031036, 0.17361405491828918, 0.2414087951183319, 0.1389617770910263, 0.0, 0.13330599665641785, 0.13991761207580566, 0.146769180893898, 0.022624187171459198, 0.04940184950828552, 0.0, 0.11062818765640259, 0.0013699795817956328, 0.07965423911809921, 0.22901885211467743, 0.1327713429927826, 0.06176993250846863, 0.10671290010213852, 0.2680547833442688, 0.44518348574638367, 0.060331109911203384, 0.07193627953529358, 0.13943292200565338, 0.1140923723578453, 0.08339334279298782, 0.08106768131256104, 0.28220441937446594, 0.20635050535202026], [0.0, 0.0, 0.0, 0.0, 0.0, 0.0, 0.0, 0.0, 0.0, 0.0, 0.0, 0.0, 0.2968194782733917, 0.0, 0.06604453921318054, 0.0, 0.0, 0.0, 0.0, 0.0, 0.0, 0.0, 0.0, 0.0, 0.0, 0.0, 0.0, 0.0, 8.232776641845703, 2.6622960567474365, 0.4907659888267517, 9.89417839050293, 0.0, 0.0, 0.0, 0.0, 0.0, 0.0, 0.2376427948474884, 0.0, 0.07274620234966278, 0.0, 0.1998967081308365, 0.0, 8.89059066772461, 1.8544992208480835, 2.1327455043792725, 3.654543876647949, 0.0, 0.0, 0.0, 0.0, 0.12565773725509644, 0.0, 0.0, 0.0, 0.0, 0.0, 0.0, 0.0, 0.0, 0.0, 0.0, 0.0, 0.0, 0.0, 0.033256761729717255, 0.0, 0.0, 0.06580142676830292, 0.0, 0.0, 0.0005502945277839899, 0.0, 0.0, 0.0054599326103925705, 0.050534870475530624, 0.049316830933094025, 0.011831616051495075, 0.0, 0.0, 0.0, 0.0, 0.0, 0.0, 0.0, 0.0, 0.0, 0.0, 0.0, 0.0, 0.0, 0.0, 0.0, 0.0, 0.0], [0.0, 0.0, 0.0, 0.0, 0.0, 0.0, 0.0, 0.0, 0.0, 0.0, 0.005781916435807943, 0.0, 0.8521731495857239, 0.3337118923664093, 0.2459362894296646, 0.4016985297203064, 0.0, 0.0, 0.0, 0.0, 0.0, 0.0, 0.0, 0.0, 0.0, 0.0, 0.0, 0.0, 0.5467165112495422, 0.3055354356765747, 0.0, 3.505814552307129, 0.0, 0.0, 0.0, 0.0, 0.18381357192993164, 0.031857091933488846, 0.18910910189151764, 0.08946331590414047, 0.10650105774402618, 0.041637226939201355, 0.0, 0.0, 13.140933990478516, 2.504504680633545, 3.4903695583343506, 7.645035266876221, 0.0, 0.0, 0.049459315836429596, 0.0, 0.0, 0.0, 0.0, 0.0, 0.0, 0.0, 0.0, 0.0, 0.0, 0.0, 0.0, 0.0, 0.0, 0.0, 0.0, 0.0, 0.0, 0.0, 0.0, 0.0, 0.0, 0.0, 0.0, 0.0, 0.0, 0.0, 0.0, 0.003354376880452037, 0.0, 0.0, 0.0, 0.0, 0.0, 0.0, 0.0, 0.0, 0.0, 0.010525812394917011, 0.0, 0.0, 0.0, 0.0, 0.0, 0.0], [1.1892324686050415, 1.0028560161590576, 0.37799838185310364, 0.7023553252220154, 1.0713441371917725, 1.0853729248046875, 0.3784189522266388, 1.0037013292312622, 1.0875568389892578, 1.0768758058547974, 0.20641079545021057, 0.8223340511322021, 0.5662477016448975, 1.158159613609314, 0.32130661606788635, 1.214774250984192, 0.604760468006134, 0.6110971570014954, 0.33201056718826294, 0.6764886379241943, 0.4332881271839142, 0.5751155018806458, 0.42695140838623047, 0.793463945388794, 0.3321644067764282, 0.45293328166007996, 0.26843321323394775, 0.5439488291740417, 0.36455291509628296, 0.6454238295555115, 0.3045906722545624, 0.8731076717376709, 1.1739174127578735, 1.5145866870880127, 5.8930816650390625, 1.1567752361297607, 1.4224615097045898, 1.381580114364624, 5.220107078552246, 1.8010081052780151, 1.870257019996643, 2.4201011657714844, 6.52972412109375, 1.575133204460144, 1.6079214811325073, 2.748744487762451, 3.519770622253418, 1.0608679056167603, 0.35419073700904846, 0.5897912979125977, 0.42945775389671326, 0.3692178726196289, 0.1797007918357849, 0.5618768334388733, 0.8015555143356323, 0.5547688007354736, 0.17353932559490204, 0.3787709176540375, 0.36413735151290894, 0.2893293499946594, 0.32636865973472595, 0.3837876617908478, 0.2158690094947815, 0.42993268370628357, 0.8382731676101685, 0.6529074311256409, 1.154342532157898, 0.951157808303833, 0.4499076306819916, 0.9108081459999084, 0.9118312001228333, 0.9649634957313538, 1.3017408847808838, 0.5544572472572327, 0.5494132041931152, 0.7250268459320068, 0.6912769079208374, 0.845283031463623, 0.7061855792999268, 0.5210071802139282, 0.2123386114835739, 0.17018496990203857, 0.3081313669681549, 0.17431949079036713, 0.19833536446094513, 0.24359093606472015, 0.5115742087364197, 0.4984617829322815, 0.1473427563905716, 0.2492523342370987, 0.4127349257469177, 0.2767248749732971, 0.21579520404338837, 0.30913400650024414, 0.2603796124458313, 0.42260733246803284]]
Time 1999.3479886054993
