Created graph
[-7.0, -5, -3.0]
[-6.0, -5, -4.0]
[-4.5, -4.0, -3.5]
[-4.25, -4.0, -3.75]
[-4.125, -4.0, -3.875]
[-4.1875, -4.125, -4.0625]
0.1 100000 3
Score: 72.11296
Signatures: [[0.0, 0.43755635619163513, 0.0, 0.0, 0.09294988214969635, 0.0, 0.1674620360136032, 0.26470819115638733, 0.0, 0.0, 0.12825962901115417, 0.31993722915649414, 4.221458435058594, 2.5432257652282715, 0.9879987239837646, 3.1240131855010986, 0.3683358430862427, 0.0, 0.10131324827671051, 0.08037979155778885, 0.48292505741119385, 0.0, 0.0, 0.6912179589271545, 0.32044360041618347, 0.09317974746227264, 0.007127746473997831, 0.04632780700922012, 10.05141830444336, 4.361703872680664, 1.1626372337341309, 17.006654739379883, 1.0826057195663452, 0.0, 0.1520797461271286, 0.5903304219245911, 2.4317963123321533, 0.667941153049469, 0.3692944347858429, 1.3714039325714111, 0.44576120376586914, 0.1474429965019226, 0.0, 0.8044028878211975, 38.02978515625, 11.282868385314941, 15.323647499084473, 23.3513126373291, 0.0, 0.09053122252225876, 0.5081656575202942, 0.0, 0.14976246654987335, 0.0, 0.01598217524588108, 0.0, 0.16665767133235931, 0.10052210837602615, 0.06508710235357285, 0.038596637547016144, 0.0, 0.06498518586158752, 0.02945886366069317, 0.0, 0.0, 0.0, 0.0, 0.12479909509420395, 0.0, 0.0, 0.0030066780745983124, 0.0, 0.0, 0.004610871430486441, 0.0, 0.18213717639446259, 0.0, 0.0, 0.0, 0.20416082441806793, 0.0, 0.0, 0.0, 0.0, 0.0, 0.0, 0.0, 0.0, 0.0, 0.16223342716693878, 0.0, 0.0, 0.0, 0.005288749001920223, 0.22491487860679626, 0.0], [0.027008317410945892, 0.028126413002610207, 0.01614055223762989, 0.008408745750784874, 0.010491939261555672, 0.0, 0.0, 0.029411977156996727, 0.0, 0.0, 0.09430257230997086, 0.0009200779022648931, 5.714388370513916, 1.2794939279556274, 0.7267531156539917, 1.4522210359573364, 0.11483260989189148, 0.20866349339485168, 0.17222745716571808, 0.10361117869615555, 0.23863130807876587, 0.0, 0.0, 0.3682246208190918, 0.04498027265071869, 0.0, 0.04542572796344757, 0.2405802607536316, 32.840091705322266, 10.474912643432617, 2.238751173019409, 42.222930908203125, 0.16036558151245117, 0.0, 0.22984910011291504, 0.003956161439418793, 1.2267481088638306, 0.0, 0.0, 0.0, 0.20767755806446075, 0.0, 0.0, 0.20629453659057617, 53.13076400756836, 10.143710136413574, 9.537254333496094, 22.563995361328125, 0.0, 0.0, 0.06209120899438858, 0.0, 0.26839613914489746, 0.0, 0.0, 0.047569166868925095, 0.0022929911501705647, 3.6404748243512586e-05, 0.0, 0.013177393935620785, 0.0, 0.023287147283554077, 0.0, 0.0, 0.029668185859918594, 0.02119455859065056, 0.2551218569278717, 0.03923305124044418, 0.0, 0.21989546716213226, 0.0, 0.008173026144504547, 0.0, 0.0, 0.0, 0.1190417930483818, 0.022900069132447243, 0.0032970625907182693, 0.0, 0.0, 0.0, 0.0, 0.0, 0.0003245006955694407, 0.007846493273973465, 0.022601893171668053, 0.0, 0.08154843002557755, 0.0, 0.0, 0.0, 0.06463757157325745, 0.0005656180437654257, 0.0, 0.12077793478965759, 0.054321665316820145], [3.613483428955078, 4.738662242889404, 1.397027611732483, 2.762892961502075, 3.515017032623291, 3.88067889213562, 1.3760833740234375, 3.488142490386963, 3.625654697418213, 3.5072450637817383, 0.8336884379386902, 3.0497984886169434, 3.0676286220550537, 4.684058666229248, 1.243605136871338, 4.560940265655518, 2.619567394256592, 2.250114917755127, 1.5464975833892822, 2.7116506099700928, 2.226099967956543, 2.597972869873047, 1.7875937223434448, 3.3079469203948975, 1.3288638591766357, 2.1738972663879395, 0.9967632293701172, 2.4637644290924072, 3.7797605991363525, 3.4904165267944336, 1.562413215637207, 5.319004058837891, 4.502706527709961, 4.347352504730225, 19.118484497070312, 4.116192817687988, 5.319908618927002, 4.756350517272949, 16.919452667236328, 6.0390214920043945, 6.084643363952637, 6.542436599731445, 18.31322479248047, 5.468286037445068, 3.5020079612731934, 7.995312690734863, 11.382403373718262, 5.1662983894348145, 1.0799031257629395, 2.0039565563201904, 1.5847176313400269, 1.2170846462249756, 0.6076841950416565, 2.254415273666382, 2.4837160110473633, 1.9044674634933472, 0.661129355430603, 1.3865267038345337, 1.3078941106796265, 1.0017716884613037, 1.0471704006195068, 1.0591278076171875, 0.9116138219833374, 1.2825993299484253, 2.7058351039886475, 2.197002410888672, 3.8254106044769287, 3.7041139602661133, 1.3526127338409424, 2.811788320541382, 3.0093822479248047, 3.062560558319092, 3.307490587234497, 1.764398455619812, 2.8007359504699707, 2.2552547454833984, 1.9123470783233643, 2.5865492820739746, 1.8034193515777588, 1.6296638250350952, 0.5823675990104675, 0.5877312421798706, 1.018648386001587, 0.876899242401123, 0.5844655632972717, 1.0986982583999634, 1.9070172309875488, 2.098752021789551, 0.6405621767044067, 0.8537420630455017, 1.4084495306015015, 0.8372467160224915, 0.7827933430671692, 1.0129095315933228, 1.0287914276123047, 1.5897973775863647]]
Time 3364.863377571106
