Created graph
[-7.0, -5, -3.0]
[-6.0, -5, -4.0]
[-4.5, -4.0, -3.5]
[-4.75, -4.5, -4.25]
[-4.375, -4.25, -4.125]
[-4.4375, -4.375, -4.3125]
0.1 50000 4
Score: 71.325485
Signatures: [[2.9048514366149902, 3.7016353607177734, 1.0749785900115967, 2.1448450088500977, 2.747974395751953, 2.6935713291168213, 0.9968336224555969, 2.3651444911956787, 1.5496867895126343, 2.4505412578582764, 0.4251539707183838, 2.809392213821411, 3.1811413764953613, 4.577733516693115, 0.5961218476295471, 5.203089714050293, 2.5456621646881104, 1.9556612968444824, 1.8698077201843262, 2.9517483711242676, 2.5356905460357666, 2.3297393321990967, 0.7789760828018188, 3.773289918899536, 1.2470530271530151, 2.1359081268310547, 1.0160478353500366, 2.7656259536743164, 8.981538772583008, 6.468685626983643, 1.6196081638336182, 13.729239463806152, 2.7444891929626465, 1.9242805242538452, 1.5537910461425781, 2.09592342376709, 3.042354106903076, 1.956725835800171, 0.5568245649337769, 3.7626736164093018, 2.1111321449279785, 0.9850015640258789, 0.0, 3.4198386669158936, 7.705977439880371, 6.449367523193359, 2.3804030418395996, 4.836791038513184, 0.5280237793922424, 0.96051424741745, 0.8217960596084595, 0.386897474527359, 0.7673553824424744, 1.7513726949691772, 1.8224185705184937, 1.965114712715149, 0.5290818810462952, 0.8580841422080994, 0.8342285752296448, 0.7189643979072571, 0.41968169808387756, 0.6528516411781311, 0.5585051774978638, 1.0593080520629883, 1.1176072359085083, 1.3182125091552734, 1.3047744035720825, 1.9341269731521606, 0.6008861660957336, 1.4529788494110107, 1.4840809106826782, 1.9502155780792236, 0.5593823194503784, 0.8552041053771973, 0.05855242535471916, 1.5964579582214355, 0.5982343554496765, 1.2293697595596313, 0.3520125448703766, 0.5900404453277588, 0.16830936074256897, 0.5005519986152649, 0.9768459796905518, 0.5360347628593445, 0.3929727077484131, 0.7250754833221436, 1.326865792274475, 1.4941362142562866, 0.3960193395614624, 0.6654386520385742, 1.0301856994628906, 0.7089842557907104, 0.5830427408218384, 0.5381910800933838, 0.9048140645027161, 0.9244159460067749], [1.5967732667922974, 2.2172138690948486, 0.6233445405960083, 1.244673490524292, 1.6211451292037964, 1.8509221076965332, 0.6794360876083374, 1.7633998394012451, 2.1081151962280273, 1.6694607734680176, 0.48681750893592834, 1.302309274673462, 1.4445083141326904, 2.223729372024536, 0.7619131803512573, 1.837084174156189, 1.0919469594955444, 0.9896203279495239, 0.5080140829086304, 0.9674078822135925, 0.8386908173561096, 1.0333772897720337, 1.032839059829712, 1.2750650644302368, 0.5946910381317139, 0.828831136226654, 0.37366974353790283, 0.8739839196205139, 0.030661625787615776, 0.6352194547653198, 0.6451465487480164, 0.0, 2.52803635597229, 2.501574993133545, 13.664922714233398, 2.390517473220825, 3.0301318168640137, 2.9096813201904297, 12.265569686889648, 3.3332512378692627, 3.8459434509277344, 4.535916805267334, 13.760746955871582, 3.0252389907836914, 0.7705535888671875, 4.207406520843506, 8.055756568908691, 2.873204469680786, 0.5957905650138855, 1.1520140171051025, 0.9346523284912109, 0.7591733336448669, 0.19042514264583588, 1.0066721439361572, 1.137252926826477, 0.6817265748977661, 0.32995375990867615, 0.7325575351715088, 0.6655548810958862, 0.48390278220176697, 0.6151396632194519, 0.5620850324630737, 0.4771144688129425, 0.5272676944732666, 1.5990099906921387, 1.1088483333587646, 2.347130298614502, 2.0808393955230713, 0.7828007340431213, 1.601915955543518, 1.6734658479690552, 1.5368584394454956, 2.2739388942718506, 0.9911177754402161, 2.076719284057617, 1.1356613636016846, 1.2185211181640625, 1.4731500148773193, 1.2179054021835327, 1.0256890058517456, 0.36898359656333923, 0.24469992518424988, 0.4049781262874603, 0.44595789909362793, 0.28634512424468994, 0.5431897044181824, 0.9180691838264465, 0.9921983480453491, 0.3261857330799103, 0.4219818413257599, 0.6613218188285828, 0.3603287637233734, 0.3594907522201538, 0.5423347353935242, 0.48310497403144836, 0.8380153179168701], [0.0, 0.0, 0.0, 0.0, 0.0, 0.0, 0.0, 0.0, 0.0, 0.0, 0.012261489406228065, 0.0, 3.089862823486328, 1.0536364316940308, 0.7451130747795105, 1.529982089996338, 0.0, 0.0, 0.0, 0.0, 0.0, 0.0, 0.0, 0.0, 0.0070848846808075905, 0.0, 0.0, 0.0, 8.350804328918457, 2.9264822006225586, 0.49236351251602173, 16.30099105834961, 0.18098881840705872, 0.0, 0.05302869528532028, 0.04452293738722801, 1.347435712814331, 0.1508590281009674, 0.6187843680381775, 0.21037471294403076, 0.13615630567073822, 0.008802867494523525, 0.0, 0.006441971752792597, 42.4889030456543, 9.295969009399414, 12.284256935119629, 23.234386444091797, 0.0, 0.0, 0.2021486908197403, 0.0, 0.0, 0.0, 0.0, 0.0, 0.0032628760673105717, 0.0, 0.0, 0.0, 0.0, 0.0, 0.0, 0.0, 0.0, 0.0, 0.0, 0.0, 0.0, 0.0, 0.0, 0.0, 0.0, 0.0, 0.0, 0.0, 0.0, 0.0, 0.0, 0.04940613731741905, 0.0, 0.0, 0.0, 0.0, 0.0, 0.0, 0.0, 0.0, 0.0, 0.0019100276986137033, 0.0, 0.0, 0.0, 0.0, 0.0, 0.0], [0.0, 0.0, 0.0, 0.0, 0.0, 0.0, 0.0, 0.0, 0.0, 0.0, 0.07642633467912674, 0.0, 3.6207470893859863, 0.48433592915534973, 0.3350503146648407, 0.43521371483802795, 0.0, 0.0, 0.0, 0.0, 0.003526542568579316, 0.0, 0.0, 0.0, 0.0, 0.0, 0.0, 0.0, 25.26537322998047, 7.324856758117676, 1.9149301052093506, 27.4945125579834, 0.07336097955703735, 0.0, 0.8824573755264282, 0.0, 0.6328613758087158, 0.0, 0.3246113359928131, 0.0, 0.08020082861185074, 0.0, 0.6369551420211792, 0.015789557248353958, 22.074644088745117, 4.395264148712158, 4.32642936706543, 8.029956817626953, 0.0, 0.0, 0.0, 0.0, 0.20260746777057648, 0.0, 0.0, 0.0, 0.0, 0.0, 0.0, 0.0, 0.0, 0.0, 0.0, 0.0, 0.0, 0.0, 0.18385130167007446, 0.0, 0.0, 0.0726972222328186, 0.0, 0.0, 0.0, 0.0, 3.526244472595863e-05, 0.0, 0.0, 0.0, 0.0046918923035264015, 0.0, 0.0, 0.0, 0.0, 0.0, 0.0, 0.0, 0.0, 0.0, 0.0, 0.0, 0.0, 0.0, 0.0, 0.0, 0.08892664313316345, 0.0]]
Time 3362.2315673828125
