Created graph
[-7.0, -5, -3.0]
[-6.0, -5, -4.0]
[-5.5, -5, -4.5]
[-4.75, -4.5, -4.25]
[-4.625, -4.5, -4.375]
[-4.6875, -4.625, -4.5625]
0.5 0 3
Score: 173.51207
Signatures: [[2.2308240659185685e-05, 0.14670200645923615, 0.020352641120553017, 0.11371051520109177, 0.10440833866596222, 0.07752131670713425, 0.003299071453511715, 0.1745460331439972, 0.0, 0.05438553914427757, 0.03204184025526047, 0.1310322880744934, 1.8271857500076294, 0.8362219929695129, 0.20543591678142548, 0.37796178460121155, 0.12423351407051086, 0.18261872231960297, 0.09694501757621765, 0.14162221550941467, 0.2543836236000061, 0.1256750226020813, 0.02304687350988388, 0.284121572971344, 0.07661917060613632, 0.24568508565425873, 0.003557703224942088, 0.11753800511360168, 10.812263488769531, 2.7133824825286865, 0.9862502813339233, 8.059256553649902, 0.34025251865386963, 0.05055811628699303, 0.28837502002716064, 0.12781134247779846, 0.35571277141571045, 0.08896849304437637, 0.0, 0.0, 0.0, 0.0, 0.0, 0.045327648520469666, 6.025536060333252, 2.393991231918335, 1.808698296546936, 3.3989713191986084, 0.0, 0.11239005625247955, 0.14936943352222443, 0.011407362297177315, 0.2235228419303894, 0.09221377223730087, 0.0, 0.0025024234782904387, 0.0, 0.07925865799188614, 0.040446698665618896, 0.00168697745539248, 0.02276461571455002, 0.026433046907186508, 0.0, 0.0, 0.006661153398454189, 0.025487523525953293, 0.20631393790245056, 0.1420082300901413, 0.0, 0.0858735665678978, 0.007911363616585732, 0.053878363221883774, 0.0, 0.020532304421067238, 0.0, 0.0005091199418529868, 0.0, 0.0, 0.0, 0.0, 0.0, 0.003300313139334321, 0.0, 0.06310992687940598, 0.004734023008495569, 0.011635566130280495, 0.0, 0.18872062861919403, 0.0, 0.06089327484369278, 0.030402082949876785, 0.08646398782730103, 0.047851357609033585, 0.0, 0.15163291990756989, 0.08521988987922668], [0.0, 0.0, 0.0, 0.0, 0.0, 0.0, 0.08017142862081528, 0.0, 0.0, 0.0, 0.07217220216989517, 0.0, 0.41694557666778564, 0.04710305109620094, 0.20541027188301086, 0.30941715836524963, 0.0, 0.0, 0.0, 0.0, 0.0, 0.0, 0.0, 0.0, 0.0450935885310173, 0.0, 0.0, 0.0, 1.0860557556152344, 0.6429927349090576, 0.0, 5.408084869384766, 0.0, 0.0, 0.03173970803618431, 0.06522028148174286, 0.4036791920661926, 0.15293708443641663, 0.4583089351654053, 0.3120260536670685, 0.29368141293525696, 0.0, 0.011860895901918411, 0.14600101113319397, 13.735723495483398, 2.292726755142212, 3.8796186447143555, 7.783167839050293, 0.0, 0.0, 0.052265893667936325, 0.0, 0.0, 0.0, 0.0, 0.0, 0.0, 0.0, 0.0, 0.02051088586449623, 0.0, 0.012623731978237629, 0.044412486255168915, 0.0, 0.0, 0.0, 0.021491626277565956, 0.002246749121695757, 0.0, 0.0, 0.0, 0.0, 0.0, 0.0, 0.0030772509053349495, 0.0, 0.01406810898333788, 0.0, 0.0, 0.020015424117445946, 0.0, 0.0, 0.0, 0.0, 0.0, 0.0, 0.0, 0.0, 0.0, 0.0, 0.0, 0.0, 0.0, 0.011755085550248623, 0.0, 0.0], [1.3228076696395874, 1.2051516771316528, 0.6438696980476379, 0.9896188378334045, 1.2971140146255493, 1.222588300704956, 0.4751102030277252, 0.9395202398300171, 1.0930445194244385, 1.25821852684021, 0.27990058064460754, 0.7176576852798462, 0.8319658637046814, 1.2621079683303833, 0.2943072021007538, 1.6608613729476929, 1.0458743572235107, 0.8063297271728516, 0.44148099422454834, 0.6265630722045898, 0.7575654983520508, 0.5009487271308899, 0.43716007471084595, 0.8870909214019775, 0.254138708114624, 0.5109724998474121, 0.2744215428829193, 0.8952587842941284, 0.5796969532966614, 0.7287787199020386, 0.3608403503894806, 1.221493124961853, 1.37708580493927, 1.6000230312347412, 6.479182720184326, 1.1608725786209106, 1.5730725526809692, 1.2215328216552734, 4.890316486358643, 1.8478999137878418, 1.808837652206421, 2.334947347640991, 6.090632915496826, 1.7669810056686401, 1.395663857460022, 2.793687582015991, 3.133922815322876, 1.1290099620819092, 0.36479777097702026, 0.6816858053207397, 0.35241052508354187, 0.3141290247440338, 0.1935018002986908, 0.6133698225021362, 0.7315958738327026, 0.5727512240409851, 0.31051376461982727, 0.40369662642478943, 0.3720572590827942, 0.27624794840812683, 0.284334659576416, 0.4212430417537689, 0.28738391399383545, 0.46601402759552, 0.845893383026123, 0.7380110621452332, 1.2390618324279785, 1.1399118900299072, 0.4155273735523224, 1.0035195350646973, 1.0207561254501343, 0.9132997393608093, 1.4166617393493652, 0.6081370711326599, 0.6583648324012756, 0.7925414443016052, 0.7480331063270569, 0.936186671257019, 0.7998766899108887, 0.5055256485939026, 0.16689962148666382, 0.22271475195884705, 0.42815202474594116, 0.1864185780286789, 0.27852389216423035, 0.33259889483451843, 0.773452639579773, 0.6252233386039734, 0.19603148102760315, 0.25797948241233826, 0.49189096689224243, 0.29351845383644104, 0.26407745480537415, 0.32457828521728516, 0.2200416475534439, 0.37767940759658813]]
Time 1825.4056599140167
