Created graph
[-7.0, -5, -3.0]
[-6.0, -5, -4.0]
[-4.5, -4.0, -3.5]
[-4.25, -4.0, -3.75]
[-4.125, -4.0, -3.875]
[-4.1875, -4.125, -4.0625]
0.3 50000 4
Score: 126.83691
Signatures: [[1.402492642402649, 1.564400553703308, 0.765591561794281, 1.1909260749816895, 1.6521011590957642, 1.608061671257019, 0.5033769011497498, 1.3209280967712402, 0.44981810450553894, 0.7385319471359253, 0.5051060914993286, 1.1167166233062744, 5.2389068603515625, 3.7561681270599365, 0.9124293327331543, 1.8169234991073608, 1.6959670782089233, 1.4026033878326416, 1.6647512912750244, 1.6012018918991089, 2.4016098976135254, 1.2283575534820557, 0.478935182094574, 2.6139979362487793, 0.5630186200141907, 1.25301992893219, 0.402028888463974, 1.6208122968673706, 24.944812774658203, 8.81552505493164, 2.772693157196045, 23.268388748168945, 1.8396837711334229, 0.8422606587409973, 0.6835570335388184, 1.3209174871444702, 2.8528811931610107, 1.0269263982772827, 0.0, 1.2385004758834839, 1.3409827947616577, 0.0, 0.0, 2.4785773754119873, 13.719230651855469, 6.937831401824951, 3.890510320663452, 6.579843997955322, 0.07178261131048203, 0.631070613861084, 0.2999424636363983, 0.09788651764392853, 0.7544078230857849, 0.5790169835090637, 0.45873886346817017, 0.5245275497436523, 0.418174684047699, 0.5361347198486328, 0.26003339886665344, 0.3575120270252228, 0.16308067739009857, 0.2611074447631836, 0.4503508508205414, 0.33557063341140747, 0.6159312129020691, 0.46628957986831665, 0.9562842845916748, 1.4103084802627563, 0.14086052775382996, 1.1180484294891357, 0.5863508582115173, 1.0432531833648682, 0.0, 0.36424580216407776, 0.3182235360145569, 0.6105043888092041, 0.3859635889530182, 0.7336387634277344, 0.08790624886751175, 0.25294384360313416, 0.0008957097306847572, 0.22522926330566406, 0.7062298655509949, 0.3826589584350586, 0.22101661562919617, 0.3499775826931, 0.7052749991416931, 1.5368080139160156, 0.23855136334896088, 0.24201735854148865, 0.4447673559188843, 0.37477439641952515, 0.2373828887939453, 0.20788322389125824, 0.858673632144928, 0.5445396304130554], [0.0, 0.0, 0.0, 0.0, 0.0, 0.0, 0.0, 0.0, 0.0, 0.0, 0.0, 0.0, 2.06368350982666, 0.0, 0.12049257010221481, 0.25339892506599426, 0.0, 0.0, 0.0, 0.0, 0.0, 0.0, 0.0, 0.0, 0.0, 0.0, 0.0, 0.0, 22.304750442504883, 6.716269493103027, 1.207282304763794, 30.688800811767578, 0.0, 0.0, 1.3406461477279663, 0.0, 0.45421332120895386, 0.0, 1.3091676235198975, 0.0, 0.0, 0.0339609831571579, 0.6728244423866272, 0.0, 35.0986442565918, 6.014878273010254, 9.861988067626953, 17.662372589111328, 0.0, 0.0, 0.0, 0.0, 0.1360677182674408, 0.0, 0.0, 0.0, 0.0, 0.0, 0.0, 0.0, 0.0, 0.0, 0.0, 0.0, 0.0, 0.0, 0.0, 0.0, 0.0, 0.0, 0.0, 0.0, 0.05688761919736862, 0.0, 0.0, 0.0, 0.0, 0.0, 0.011094353161752224, 0.0, 0.0, 0.0, 0.0, 0.0, 0.0, 0.0, 0.0, 0.0, 0.0, 0.0, 0.0, 0.0, 0.0, 0.0, 0.0, 0.0], [0.0, 0.0, 0.0, 0.0, 0.0, 0.0, 0.02108832076191902, 0.005112160928547382, 0.0, 0.0, 0.1151931956410408, 0.0, 3.2382912635803223, 1.7917864322662354, 1.0392934083938599, 2.210723876953125, 0.0, 0.0, 0.0, 0.0, 0.0, 0.0, 0.0, 0.0, 0.0, 0.0, 0.0, 0.0, 2.746213674545288, 2.0278074741363525, 0.08634860068559647, 13.105740547180176, 0.37397873401641846, 0.0, 0.19662106037139893, 0.2543027698993683, 1.2461321353912354, 0.49542057514190674, 0.7178974151611328, 1.0085883140563965, 0.5644505023956299, 0.17178887128829956, 0.0, 0.0, 41.8159294128418, 9.770234107971191, 11.771502494812012, 24.825042724609375, 0.0, 0.0, 0.39550259709358215, 0.0, 0.0, 0.0, 0.0, 0.0, 0.0, 0.0, 0.03795243799686432, 0.00017477311484981328, 0.0, 0.0, 0.0015741605311632156, 0.0, 0.0, 0.0, 0.0, 0.0, 0.0, 0.0, 0.0, 0.0, 0.0, 0.0, 0.0, 0.0, 0.0, 0.0, 0.0, 0.1331401765346527, 0.0, 0.0, 0.0, 0.0, 0.0, 0.0, 0.0, 0.0, 0.0, 0.07120683044195175, 0.0, 0.0, 0.0, 0.05893084034323692, 0.0019310363568365574, 0.0], [3.0224759578704834, 2.9519100189208984, 0.998681902885437, 1.9056355953216553, 2.696373462677002, 3.0392889976501465, 1.1241081953048706, 2.642988920211792, 2.907790184020996, 3.1110196113586426, 0.6216265559196472, 2.4216625690460205, 1.8413903713226318, 3.2121407985687256, 0.7726231217384338, 3.707879066467285, 1.866533637046814, 1.6091948747634888, 0.976032555103302, 1.9583204984664917, 1.3171682357788086, 1.6210827827453613, 1.3796218633651733, 2.350903272628784, 0.8947149515151978, 1.3482285737991333, 0.7754703164100647, 1.5967543125152588, 0.030887139961123466, 1.0831929445266724, 0.8866543173789978, 0.0, 3.417489528656006, 3.8970162868499756, 16.455854415893555, 3.2132694721221924, 4.198162078857422, 3.8477773666381836, 13.865062713623047, 4.943748950958252, 4.797513961791992, 6.2642083168029785, 17.07912254333496, 4.267315864562988, 1.06632399559021, 6.102376937866211, 8.752914428710938, 2.193363666534424, 0.9062973856925964, 1.7128790616989136, 1.2077176570892334, 0.9832533001899719, 0.3671480417251587, 1.5340629816055298, 1.9936214685440063, 1.533453106880188, 0.5087119936943054, 1.036252737045288, 1.0062373876571655, 0.7744899988174438, 0.8613420724868774, 1.0277353525161743, 0.6248677968978882, 1.0841467380523682, 2.2489802837371826, 1.8201241493225098, 3.1434834003448486, 2.7415685653686523, 1.173684000968933, 2.260017156600952, 2.4975054264068604, 2.3507261276245117, 3.297621726989746, 1.4956711530685425, 1.558347225189209, 1.8797047138214111, 1.715391755104065, 2.0960445404052734, 1.7903743982315063, 1.3938429355621338, 0.5601743459701538, 0.47568804025650024, 0.8410452604293823, 0.503271222114563, 0.5200559496879578, 0.6941707730293274, 1.4663150310516357, 1.3800171613693237, 0.3978433609008789, 0.6623077392578125, 1.1152280569076538, 0.7344391942024231, 0.5763661861419678, 0.8175836205482483, 0.7412334084510803, 1.2485276460647583]]
Time 1981.402559518814
