Created graph
[-7.0, -5, -3.0]
[-6.0, -5, -4.0]
[-4.5, -4.0, -3.5]
[-4.75, -4.5, -4.25]
[-4.375, -4.25, -4.125]
[-4.3125, -4.25, -4.1875]
0.1 1000000 3
Score: 87.16236
Signatures: [[0.0, 0.2268991619348526, 0.0, 0.0, 0.0, 0.0, 0.0, 0.0, 0.0, 0.0, 0.08907250314950943, 0.0, 6.014132499694824, 1.4890199899673462, 0.9701840877532959, 2.1249630451202393, 0.0562022440135479, 0.0, 0.03491375222802162, 0.0, 0.23622332513332367, 0.0, 0.0, 0.32734522223472595, 0.050555527210235596, 0.0, 0.0, 0.3121383786201477, 29.201343536376953, 9.49141788482666, 1.985845923423767, 40.618492126464844, 0.003796252189204097, 0.0, 0.0, 0.0, 1.726588487625122, 0.0, 0.0, 0.0, 0.016777481883764267, 0.0, 0.0, 0.0, 56.42867660522461, 12.454564094543457, 13.24449634552002, 27.500974655151367, 0.0, 0.0, 0.0, 0.0, 0.1857558935880661, 0.0, 0.0, 0.0, 0.01024258229881525, 0.0, 0.0, 0.0, 0.0, 0.0, 0.0, 0.0, 0.0, 0.0, 0.0, 0.11728062480688095, 0.0, 0.1852939873933792, 0.0, 0.0, 0.0, 0.0, 0.0, 0.07823779433965683, 0.0, 0.0, 0.0, 0.0, 0.0, 0.0, 0.0, 0.0, 0.004116569180041552, 0.0, 0.0, 0.0, 0.0, 3.799699334194884e-05, 0.0, 0.0, 0.0, 0.0, 0.0, 0.0], [0.0, 0.13531336188316345, 0.0, 0.0, 0.0, 0.0, 0.0, 0.524676501750946, 0.0, 0.0, 0.0, 0.0, 6.388524055480957, 2.053856372833252, 0.9322488903999329, 2.586956024169922, 0.22648406028747559, 0.10285593569278717, 0.18810293078422546, 0.0, 0.3738744258880615, 0.0, 0.0, 0.5169154405593872, 0.14880602061748505, 0.0, 0.12518030405044556, 0.0, 28.227170944213867, 10.125237464904785, 2.2273926734924316, 39.83653259277344, 0.5856224894523621, 0.0, 0.0, 0.24219772219657898, 1.7381973266601562, 0.1730184555053711, 0.1182989627122879, 0.568778395652771, 0.2554670572280884, 0.0, 0.0, 0.7274074554443359, 55.06894302368164, 12.62804126739502, 13.403331756591797, 27.030492782592773, 0.0, 0.0, 0.3800866901874542, 0.0, 0.30688974261283875, 0.0, 0.0, 0.0, 0.06436335295438766, 0.0, 0.0, 0.0, 0.0, 0.0, 0.029710516333580017, 0.0, 0.0, 0.0, 0.0, 0.040424928069114685, 0.0, 0.0, 0.0, 0.0, 0.0, 0.0, 0.0, 0.05436340719461441, 0.09701699763536453, 0.0, 0.0, 0.042015641927719116, 0.0, 0.0, 0.0, 0.0, 0.0, 0.0, 0.0, 0.0, 0.00994719099253416, 4.275627725291997e-05, 0.0, 0.0, 0.0, 0.009671876206994057, 0.32833319902420044, 0.0], [3.814981698989868, 5.071253776550293, 1.4249786138534546, 2.8636765480041504, 3.663936138153076, 3.8701066970825195, 1.523912787437439, 3.544882297515869, 3.555983543395996, 3.580216407775879, 1.0232468843460083, 3.2469382286071777, 4.54307222366333, 5.862226963043213, 1.5805007219314575, 5.603795051574707, 2.798353672027588, 2.3963019847869873, 1.63118314743042, 2.871614694595337, 2.3594932556152344, 2.6867923736572266, 1.9742251634597778, 3.6357975006103516, 1.456130027770996, 2.3149964809417725, 0.9766332507133484, 2.605785846710205, 8.960317611694336, 5.306826591491699, 2.1110806465148926, 12.612483024597168, 5.113150119781494, 4.702908992767334, 19.86074447631836, 4.319210529327393, 6.4338507652282715, 5.313853740692139, 18.27972984313965, 6.708887577056885, 6.4077582359313965, 6.386502742767334, 19.16687774658203, 5.861306190490723, 17.34200668334961, 11.87317943572998, 16.07454490661621, 12.18967056274414, 1.0454752445220947, 2.208552360534668, 1.8637526035308838, 1.3155062198638916, 0.6686869263648987, 2.3280038833618164, 2.628469944000244, 1.9091111421585083, 0.7695046663284302, 1.4698518514633179, 1.3870810270309448, 1.1306499242782593, 1.04793381690979, 1.198169231414795, 0.9857264161109924, 1.2848351001739502, 2.808480978012085, 2.2413032054901123, 4.253431797027588, 4.028841972351074, 1.3857786655426025, 2.695073366165161, 3.1626346111297607, 2.9706645011901855, 3.0046017169952393, 1.8029429912567139, 2.695303201675415, 2.421079397201538, 1.7459795475006104, 2.5306360721588135, 1.6403355598449707, 1.7484948635101318, 0.6519381999969482, 0.6029050350189209, 1.099685549736023, 0.9987730979919434, 0.578429102897644, 1.2091151475906372, 1.8987009525299072, 2.192331075668335, 0.6609681248664856, 0.9989438652992249, 1.4661903381347656, 0.9334023594856262, 0.8196839094161987, 1.0640190839767456, 1.2171396017074585, 1.7580459117889404]]
Time 3193.8676252365112
