Created graph
[-7.0, -5, -3.0]
[-6.0, -5, -4.0]
[-4.5, -4.0, -3.5]
[-4.25, -4.0, -3.75]
[-4.125, -4.0, -3.875]
[-4.1875, -4.125, -4.0625]
0.3 50000 3
Score: 126.71648
Signatures: [[0.021663831546902657, 0.23369067907333374, 0.13078168034553528, 0.2329559028148651, 0.1538250893354416, 0.0, 0.005743872374296188, 0.3776216208934784, 0.0, 0.0, 0.18854036927223206, 0.00936968345195055, 4.703515529632568, 1.5771082639694214, 0.6371532678604126, 0.7027153372764587, 0.47236916422843933, 0.3823409378528595, 0.4744248688220978, 0.22288347780704498, 0.9611203670501709, 0.08198273926973343, 0.0, 0.8463745713233948, 0.11902501434087753, 0.1965559720993042, 0.0045619383454322815, 0.31891125440597534, 32.66937255859375, 10.204302787780762, 2.491579294204712, 37.289878845214844, 0.6378756165504456, 0.006756805349141359, 0.2078031301498413, 0.23059462010860443, 1.5782442092895508, 0.009255887940526009, 0.0, 0.0, 0.26498734951019287, 0.0, 0.0, 0.8464114665985107, 35.71827697753906, 8.096041679382324, 8.888673782348633, 18.429702758789062, 0.0, 0.12651507556438446, 0.0, 0.0, 0.4921863377094269, 0.008391931653022766, 0.0, 0.0, 0.07778356969356537, 0.07902513444423676, 0.0, 0.0687505230307579, 0.0, 0.03723570704460144, 0.09075941890478134, 0.0, 0.06769198924303055, 0.0, 0.2747042775154114, 0.35372117161750793, 0.0, 0.3506615161895752, 0.0, 0.05408760905265808, 0.0, 0.0, 0.003132271347567439, 0.0959014743566513, 0.07273561507463455, 0.08950351178646088, 0.0, 0.0, 0.0, 0.0, 0.0, 0.14476987719535828, 0.024634599685668945, 0.049117907881736755, 0.0, 0.45256954431533813, 0.003705312730744481, 0.0, 0.0, 0.0032025149557739496, 0.07092993706464767, 0.0, 0.34848877787590027, 0.0831688866019249], [0.0, 0.006368780974298716, 0.0, 0.0, 0.0, 0.0, 0.102296382188797, 0.002147209132090211, 0.0, 0.0, 0.0987885519862175, 0.08877062052488327, 2.7465078830718994, 1.6932406425476074, 0.8246845602989197, 2.2029006481170654, 0.0, 0.0, 0.0, 0.0, 0.0, 0.0, 0.0, 0.0, 0.043765291571617126, 0.0, 0.0, 0.0, 3.037097930908203, 2.1541476249694824, 0.049960482865571976, 14.647637367248535, 0.39513781666755676, 0.0, 0.6654924154281616, 0.4363834261894226, 1.1538989543914795, 0.586436927318573, 1.1598395109176636, 1.206414818763733, 0.5952021479606628, 0.1259685903787613, 0.0, 0.0, 42.47443771362305, 9.60679817199707, 12.595964431762695, 24.53643798828125, 0.0, 0.0, 0.42852523922920227, 0.0, 0.0, 0.026182275265455246, 0.0, 0.0, 0.0, 0.056995365768671036, 0.07899224758148193, 0.0005800230428576469, 0.0, 0.0, 0.03558119386434555, 0.0, 0.0, 0.0, 0.0, 0.0072556063532829285, 0.0, 0.0, 0.0, 0.0, 0.0, 0.001438688370399177, 0.0, 0.0, 0.0, 0.0, 0.0, 0.15950161218643188, 0.0, 0.0, 0.0, 0.0, 0.0, 0.0, 0.0, 0.0, 0.0, 0.10611915588378906, 0.0, 0.0, 0.0, 0.09517740458250046, 0.0, 0.0], [3.471782922744751, 3.3614161014556885, 1.2220149040222168, 2.2350525856018066, 3.2164106369018555, 3.5648953914642334, 1.258608102798462, 2.9982717037200928, 3.0457048416137695, 3.369293212890625, 0.7287507057189941, 2.7653415203094482, 2.59991717338562, 3.9307260513305664, 0.9614644646644592, 4.132633209228516, 2.290877103805542, 1.9502047300338745, 1.3605549335479736, 2.4419782161712646, 1.8670897483825684, 1.9802321195602417, 1.5299452543258667, 2.9563515186309814, 1.0242693424224854, 1.7092653512954712, 0.9097275733947754, 2.0354015827178955, 2.98207426071167, 2.2832117080688477, 1.2950353622436523, 2.5725247859954834, 3.7852494716644287, 4.152845859527588, 16.704452514648438, 3.538069248199463, 4.698193073272705, 4.13032341003418, 13.90777587890625, 5.25066614151001, 5.103678226470947, 6.23171854019165, 17.057170867919922, 4.784572124481201, 2.0009751319885254, 7.3069963455200195, 9.188187599182129, 2.6489641666412354, 0.9249698519706726, 1.9005533456802368, 1.2830097675323486, 1.0178173780441284, 0.5068020224571228, 1.7135719060897827, 2.1410975456237793, 1.7074151039123535, 0.6163780689239502, 1.1764638423919678, 1.0855463743209839, 0.8749975562095642, 0.916657030582428, 1.1062440872192383, 0.7175213694572449, 1.2057690620422363, 2.4252090454101562, 1.9846715927124023, 3.3538882732391357, 3.0622193813323975, 1.221998929977417, 2.5080137252807617, 2.6838877201080322, 2.6886701583862305, 3.299362897872925, 1.6127899885177612, 1.6500691175460815, 2.0513601303100586, 1.8161976337432861, 2.309490919113159, 1.8029752969741821, 1.4647870063781738, 0.5538774728775024, 0.5517000555992126, 1.0869272947311401, 0.5836603045463562, 0.5890669822692871, 0.788044810295105, 1.6879292726516724, 1.7496085166931152, 0.47975918650627136, 0.7259203195571899, 1.2640700340270996, 0.8684473633766174, 0.638340413570404, 0.8698417544364929, 0.9109918475151062, 1.4004606008529663]]
Time 1977.6105241775513
