Created graph
[-7.0, -5, -3.0]
[-6.0, -5, -4.0]
[-5.5, -5, -4.5]
[-4.75, -4.5, -4.25]
[-4.875, -4.75, -4.625]
[-4.9375, -4.875, -4.8125]
0.3 10 3
Score: 133.04271
Signatures: [[1.1305067539215088, 1.1328142881393433, 0.40586498379707336, 0.7646673321723938, 1.0577353239059448, 1.1855334043502808, 0.4120776355266571, 1.016481876373291, 1.0071074962615967, 1.1243748664855957, 0.25519460439682007, 0.9169278144836426, 1.1391545534133911, 1.515330195426941, 0.44752568006515503, 1.64955735206604, 0.8076585531234741, 0.6429650783538818, 0.4273490011692047, 0.7930736541748047, 0.6318855881690979, 0.6357731819152832, 0.47157058119773865, 1.007638931274414, 0.34945935010910034, 0.5711384415626526, 0.28802555799484253, 0.6428134441375732, 1.2102463245391846, 0.9311910271644592, 0.4110390841960907, 2.024505853652954, 1.3593419790267944, 1.3611596822738647, 5.410679817199707, 1.2827606201171875, 1.7010105848312378, 1.4224151372909546, 4.727011203765869, 1.9161667823791504, 1.7849974632263184, 2.094832420349121, 5.694024085998535, 1.6118698120117188, 4.296830177307129, 3.5763425827026367, 4.193569660186768, 2.440922498703003, 0.2910887598991394, 0.6224128007888794, 0.47584274411201477, 0.34048160910606384, 0.1461883932352066, 0.5528404712677002, 0.699517548084259, 0.5591354966163635, 0.21205046772956848, 0.4063583016395569, 0.37142398953437805, 0.28911274671554565, 0.2960379719734192, 0.35856127738952637, 0.23851235210895538, 0.3851885497570038, 0.7953500151634216, 0.6118823289871216, 1.124863862991333, 1.006314992904663, 0.3878311514854431, 0.8609690070152283, 0.8733339905738831, 0.8583923578262329, 1.0927517414093018, 0.5344707369804382, 0.5263196229934692, 0.6752645969390869, 0.6327493786811829, 0.7385376691818237, 0.5781537294387817, 0.5086065530776978, 0.17739927768707275, 0.1723896712064743, 0.3608187735080719, 0.20093238353729248, 0.1887233555316925, 0.24855837225914001, 0.5444197058677673, 0.5332338213920593, 0.14432992041110992, 0.24815279245376587, 0.3991835415363312, 0.27200576663017273, 0.21533916890621185, 0.29796215891838074, 0.31061965227127075, 0.42868128418922424], [0.0, 0.0, 0.002228426979854703, 0.003996133338660002, 0.0, 0.0, 0.0, 0.027438217774033546, 0.0, 0.0, 0.04265002906322479, 0.0, 1.4601800441741943, 0.5090623497962952, 0.18779145181179047, 0.1747887134552002, 0.028723912313580513, 0.05004161223769188, 0.10247787833213806, 0.0, 0.21251480281352997, 0.0, 0.0, 0.10381986200809479, 0.010105024091899395, 0.003609751584008336, 0.0, 0.02998301386833191, 9.754673957824707, 2.854642629623413, 0.7527943849563599, 9.330974578857422, 0.10341620445251465, 0.0, 0.0, 0.0077624996192753315, 0.4602091610431671, 0.0, 0.0, 0.0, 0.0003541341866366565, 0.0, 0.0, 0.054295722395181656, 7.118533134460449, 1.9389201402664185, 2.508333444595337, 3.598480224609375, 0.0, 0.0, 0.0, 0.0, 0.1466807872056961, 0.0, 0.0, 0.0, 0.001153887016698718, 0.0, 0.0, 1.515995609224774e-05, 0.0, 0.0, 0.023417238146066666, 0.0, 0.0, 0.0, 0.022467073053121567, 0.011409701779484749, 0.0, 0.02826533280313015, 0.0, 0.0, 0.0, 0.0, 0.0, 0.0, 0.0, 0.0, 0.0, 0.0, 0.0, 0.0, 0.0, 0.02215142734348774, 0.0, 0.0, 0.0, 0.10544472187757492, 0.0, 0.0, 0.0, 0.0, 0.0, 0.0, 0.07628799229860306, 0.0025332351215183735], [0.0, 0.0, 0.0, 0.0, 0.0, 0.0, 0.0, 0.0, 0.0, 0.0, 0.0, 0.0, 0.36856091022491455, 0.058638863265514374, 0.0807662308216095, 0.28381362557411194, 0.0, 0.0, 0.0, 0.0, 0.0, 0.0, 0.0, 0.0, 0.0, 0.0, 0.0, 0.0, 0.5844137072563171, 0.5040258169174194, 0.0, 4.73571252822876, 0.0, 0.0, 0.0, 0.0, 0.012705972418189049, 0.0, 0.0, 0.0007135595660656691, 0.0, 0.0, 0.0, 0.0, 12.805624961853027, 2.037447690963745, 2.195244789123535, 7.494710445404053, 0.0, 0.0, 0.018411388620734215, 0.0, 0.0, 0.0, 0.0, 0.0, 0.0, 0.0, 0.0, 0.0, 0.0, 0.0, 0.0, 0.0, 0.0, 0.0, 0.0, 0.0, 0.0, 0.0, 0.0, 0.0, 0.0, 0.0, 0.0, 0.0, 0.0, 0.0, 0.0, 0.0, 0.0, 0.0, 0.0, 0.0, 0.0, 0.0, 0.0, 0.0, 0.0, 0.0, 0.0, 0.0, 0.0, 0.00032754731364548206, 0.0, 0.0]]
Time 1973.8895547389984
