Created graph
[-7.0, -5, -3.0]
[-6.0, -5, -4.0]
[-5.5, -5, -4.5]
[-4.75, -4.5, -4.25]
[-4.875, -4.75, -4.625]
[-4.8125, -4.75, -4.6875]
0.3 1000 3
Score: 132.13606
Signatures: [[1.2961652278900146, 1.2368755340576172, 0.4461107850074768, 0.8234134912490845, 1.2051713466644287, 1.3158695697784424, 0.4662860035896301, 1.1287147998809814, 1.1461145877838135, 1.2772008180618286, 0.26765090227127075, 1.02671480178833, 1.0696250200271606, 1.527367353439331, 0.4084336459636688, 1.7141313552856445, 0.8447074294090271, 0.7012946605682373, 0.4841889441013336, 0.8959131240844727, 0.6865558624267578, 0.7189976572990417, 0.5418695211410522, 1.0773851871490479, 0.3767779767513275, 0.6313769221305847, 0.333355575799942, 0.7234088182449341, 1.1318119764328003, 0.9032384753227234, 0.4473726749420166, 1.483944296836853, 1.4524974822998047, 1.5385156869888306, 6.282495021820068, 1.3690423965454102, 1.7821736335754395, 1.550238847732544, 5.150680065155029, 2.0131332874298096, 1.9380228519439697, 2.3547308444976807, 6.362452030181885, 1.7598769664764404, 2.597871780395508, 3.3308684825897217, 3.9193942546844482, 1.957034945487976, 0.3421003520488739, 0.7108250260353088, 0.4877650737762451, 0.37348952889442444, 0.17937178909778595, 0.6266466975212097, 0.7985008955001831, 0.6281020045280457, 0.22591665387153625, 0.44198742508888245, 0.41373661160469055, 0.3190351128578186, 0.34026336669921875, 0.4132591187953949, 0.2619510889053345, 0.4498855769634247, 0.894141435623169, 0.7246502041816711, 1.2134485244750977, 1.104889154434204, 0.4419865906238556, 0.9369503855705261, 0.9992754459381104, 0.9825471043586731, 1.2573248147964478, 0.6023789644241333, 0.5937258005142212, 0.76283198595047, 0.6888851523399353, 0.8372134566307068, 0.6690036058425903, 0.5631450414657593, 0.20260882377624512, 0.19992420077323914, 0.40458133816719055, 0.20894552767276764, 0.2196429967880249, 0.27983954548835754, 0.6158010363578796, 0.6222891211509705, 0.16881346702575684, 0.27298274636268616, 0.4616544246673584, 0.3233681619167328, 0.24727265536785126, 0.33058565855026245, 0.3250063955783844, 0.4906511604785919], [0.0, 0.05097123607993126, 0.03661620244383812, 0.06358623504638672, 0.028701579198241234, 0.0, 0.0, 0.10203409194946289, 0.0, 0.0, 0.07023004442453384, 3.071411993005313e-05, 1.5370965003967285, 0.6341454982757568, 0.20250272750854492, 0.1261609047651291, 0.1284443736076355, 0.1172674149274826, 0.1525706797838211, 0.045816708356142044, 0.2916800379753113, 0.016269255429506302, 0.0, 0.2367287576198578, 0.041259489953517914, 0.04395202919840813, 0.0, 0.10094297677278519, 11.002608299255371, 3.3275744915008545, 0.8382548093795776, 10.574450492858887, 0.23874565958976746, 0.0, 0.005332767963409424, 0.10482015460729599, 0.5802314877510071, 0.0, 0.0, 0.0, 0.09915922582149506, 0.0, 0.0, 0.22981363534927368, 7.974270343780518, 2.1408064365386963, 2.616584062576294, 3.793480634689331, 0.0, 0.02574075572192669, 0.0, 0.0, 0.15535767376422882, 0.0, 0.0, 0.0, 0.02510213293135166, 0.017701026052236557, 0.0011843728134408593, 0.016938865184783936, 0.0, 0.006017338950186968, 0.03691287338733673, 0.0, 0.017628178000450134, 0.0, 0.0926133245229721, 0.09624992311000824, 0.0, 0.10851515829563141, 0.0, 0.008156484924256802, 0.0, 0.0, 0.0016429622191935778, 0.011258216574788094, 0.02297854609787464, 0.03165259584784508, 0.0, 0.0, 0.0, 0.0, 0.0, 0.05002644285559654, 0.007198121398687363, 0.016853386536240578, 0.0, 0.1420566886663437, 0.0009970663813874125, 0.0, 0.0, 0.0007439717883244157, 0.008682801388204098, 0.0, 0.11676346510648727, 0.032310497015714645], [0.0, 0.0, 0.0, 0.0, 0.0, 0.0, 0.014137351885437965, 0.0, 0.0, 0.0, 0.0030826511792838573, 0.0, 0.6302802562713623, 0.20314553380012512, 0.1763692945241928, 0.5730038285255432, 0.0, 0.0, 0.0, 0.0, 0.0, 0.0, 0.0, 0.0, 0.0, 0.0, 0.0, 0.0, 0.25955039262771606, 0.4310604929924011, 0.0, 4.96980619430542, 0.0021417823154479265, 0.0, 0.006152932997792959, 0.02131708711385727, 0.17596279084682465, 0.1104755774140358, 0.06089502573013306, 0.2061244696378708, 0.06184029206633568, 0.0, 0.0, 0.0, 14.499151229858398, 2.753124475479126, 3.211982488632202, 8.39313793182373, 0.0, 0.0, 0.09473105520009995, 0.0, 0.0, 0.0, 0.0, 0.0, 0.0, 0.005366102792322636, 9.947179205482826e-05, 0.0, 0.0, 0.0, 0.0, 0.0, 0.0, 0.0, 0.0, 0.0, 0.0, 0.0, 0.0, 0.0, 0.0, 0.0, 0.0, 0.0, 0.0, 0.0, 0.0, 0.004052230156958103, 0.0, 0.0, 0.0, 0.0, 0.0, 0.0, 0.0, 0.0, 0.0, 0.017841484397649765, 0.0, 0.0, 0.0, 0.02004479430615902, 0.0, 0.0]]
Time 1951.9535274505615
