Created graph
[-7.0, -5, -3.0]
[-6.0, -5, -4.0]
[-5.5, -5, -4.5]
[-4.75, -4.5, -4.25]
[-4.625, -4.5, -4.375]
[-4.6875, -4.625, -4.5625]
0.5 100 3
Score: 173.52145
Signatures: [[7.124313015083317e-06, 0.147952601313591, 0.020434832200407982, 0.11464272439479828, 0.10497825592756271, 0.07774114608764648, 0.0033431530464440584, 0.17640036344528198, 0.0, 0.05398081615567207, 0.03288254141807556, 0.13205912709236145, 1.8499342203140259, 0.8426492214202881, 0.20741385221481323, 0.3860660195350647, 0.12549765408039093, 0.18481460213661194, 0.09784507751464844, 0.14285902678966522, 0.25771984457969666, 0.12708109617233276, 0.02290409430861473, 0.28742650151252747, 0.07738976925611496, 0.24826839566230774, 0.0033446280285716057, 0.1188754290342331, 10.9344482421875, 2.7465133666992188, 0.9982074499130249, 8.165246963500977, 0.34480196237564087, 0.049877215176820755, 0.2904067635536194, 0.1288497895002365, 0.3665122091770172, 0.09011975675821304, 0.0, 0.0, 0.0, 0.0, 0.0, 0.04677223786711693, 6.124252796173096, 2.4278981685638428, 1.858273983001709, 3.463397741317749, 0.0, 0.11362209171056747, 0.15108883380889893, 0.011217145249247551, 0.226827472448349, 0.09261225163936615, 0.0, 0.002077002776786685, 0.0, 0.07965628802776337, 0.040372155606746674, 0.001709817792288959, 0.022831227630376816, 0.026723887771368027, 0.0, 0.0, 0.006095979828387499, 0.025583984330296516, 0.20884640514850616, 0.14325104653835297, 0.0, 0.08573968708515167, 0.007606833707541227, 0.054251085966825485, 0.0, 0.020593935623764992, 0.0, 0.0004753901157528162, 0.0, 0.0, 0.0, 0.0, 0.0, 0.003319885116070509, 0.0, 0.06370331346988678, 0.004663597792387009, 0.011549103073775768, 0.0, 0.19092728197574615, 0.0, 0.06133205443620682, 0.030331168323755264, 0.08747464418411255, 0.048393409699201584, 0.0, 0.15305763483047485, 0.08548978716135025], [0.0, 0.0, 0.0, 0.0, 0.0, 0.0, 0.08109205961227417, 0.0, 0.0, 0.0, 0.07278506457805634, 0.0, 0.42698100209236145, 0.05280306562781334, 0.21023240685462952, 0.3116441071033478, 0.0, 0.0, 0.0, 0.0, 0.0, 0.0, 0.0, 0.0, 0.04591652378439903, 0.0, 0.0, 0.0, 1.1243571043014526, 0.6577603220939636, 0.0, 5.507655620574951, 0.0, 0.0, 0.03119177743792534, 0.0665731206536293, 0.4039657413959503, 0.1546175181865692, 0.46151551604270935, 0.31600770354270935, 0.29657721519470215, 0.0, 0.007854772731661797, 0.1466618925333023, 13.912751197814941, 2.330331802368164, 3.931220054626465, 7.890634536743164, 0.0, 0.0, 0.05312030762434006, 0.0, 0.0, 0.0, 0.0, 0.0, 0.0, 0.0, 0.0, 0.020612500607967377, 0.0, 0.012541832402348518, 0.044670186936855316, 0.0, 0.0, 0.0, 0.021265605464577675, 0.001921769930049777, 0.0, 0.0, 0.0, 0.0, 0.0, 0.0, 0.00288874632678926, 0.0, 0.013723494485020638, 0.0, 0.0, 0.020278416574001312, 0.0, 0.0, 0.0, 0.0, 0.0, 0.0, 0.0, 0.0, 0.0, 0.0, 0.0, 0.0, 0.0, 0.011786067858338356, 0.0, 0.0], [1.3315585851669312, 1.2132105827331543, 0.6479785442352295, 0.9961516857147217, 1.3059412240982056, 1.232204794883728, 0.4789195954799652, 0.9458166360855103, 1.1001121997833252, 1.266699194908142, 0.28194698691368103, 0.7239446640014648, 0.8384710550308228, 1.272474765777588, 0.2962391674518585, 1.671116828918457, 1.0530781745910645, 0.811886727809906, 0.4450206458568573, 0.631797194480896, 0.7627826929092407, 0.5052469372749329, 0.44109684228897095, 0.8947616219520569, 0.25625935196876526, 0.5152947902679443, 0.2764894962310791, 0.9011728167533875, 0.5840213894844055, 0.7350339293479919, 0.3649738132953644, 1.225900411605835, 1.3864973783493042, 1.611354112625122, 6.5194573402404785, 1.168718695640564, 1.5859863758087158, 1.2319358587265015, 4.9272661209106445, 1.8629823923110962, 1.8227466344833374, 2.3512096405029297, 6.1371612548828125, 1.779084324836731, 1.4113129377365112, 2.810796022415161, 3.1537928581237793, 1.1321587562561035, 0.3672522306442261, 0.6864036321640015, 0.3554076552391052, 0.31681424379348755, 0.19478897750377655, 0.6185545325279236, 0.7365270853042603, 0.5770121216773987, 0.31255728006362915, 0.4070289731025696, 0.3750993311405182, 0.278556227684021, 0.2863136827945709, 0.4243799149990082, 0.2894805371761322, 0.468673974275589, 0.8524209260940552, 0.7429999113082886, 1.2479913234710693, 1.1483979225158691, 0.4186727702617645, 1.010881781578064, 1.027597427368164, 0.9200531244277954, 1.4258108139038086, 0.6124903559684753, 0.6631912589073181, 0.7980570793151855, 0.7531831860542297, 0.9431301355361938, 0.8055911660194397, 0.5089617371559143, 0.16809877753257751, 0.2240844964981079, 0.4308185875415802, 0.18814954161643982, 0.2801366448402405, 0.3350202739238739, 0.7779547572135925, 0.6302701234817505, 0.1973114013671875, 0.26023510098457336, 0.49507907032966614, 0.2954743206501007, 0.2658464014530182, 0.32682862877845764, 0.2220972329378128, 0.38116931915283203]]
Time 1687.7534837722778
