Created graph
[-7.0, -5, -3.0]
[-6.0, -5, -4.0]
[-5.5, -5, -4.5]
[-4.75, -4.5, -4.25]
[-4.875, -4.75, -4.625]
[-4.9375, -4.875, -4.8125]
0.3 10 4
Score: 126.17597
Signatures: [[0.2939614951610565, 0.6102722883224487, 0.1944519430398941, 0.3455766439437866, 0.352590948343277, 0.5541975498199463, 0.2009602040052414, 0.3753068149089813, 0.15800949931144714, 0.39485007524490356, 0.20078350603580475, 0.46906986832618713, 2.1667087078094482, 1.2542519569396973, 0.2377896010875702, 1.2841978073120117, 0.6263034343719482, 0.33197107911109924, 0.47992661595344543, 0.5205053091049194, 0.7521826028823853, 0.36843401193618774, 0.25325432419776917, 0.8269535303115845, 0.15253616869449615, 0.44730424880981445, 0.15014468133449554, 0.49941158294677734, 5.196719169616699, 1.7005441188812256, 0.7202074527740479, 4.619769096374512, 0.773522138595581, 0.1437288224697113, 1.0983742475509644, 0.5344886183738708, 1.361202597618103, 0.4819924831390381, 0.0, 0.6179355382919312, 0.20916149020195007, 0.0, 0.0, 0.6744023561477661, 3.5245120525360107, 1.799381136894226, 1.5047931671142578, 3.359044313430786, 0.0019527989206835628, 0.2586742639541626, 0.16848231852054596, 0.03030121512711048, 0.06758043169975281, 0.17011278867721558, 0.06980148702859879, 0.17894859611988068, 0.14698264002799988, 0.17452837526798248, 0.10222211480140686, 0.09946411848068237, 0.04964008927345276, 0.08257368952035904, 0.15235240757465363, 0.06172865629196167, 0.15454210340976715, 0.1509743332862854, 0.24762915074825287, 0.45443195104599, 0.004941125866025686, 0.1416034996509552, 0.2146914303302765, 0.12070493400096893, 0.0, 0.11766330897808075, 0.11099229007959366, 0.11962856352329254, 0.0036597310099750757, 0.021664977073669434, 0.0, 0.09213940799236298, 0.0011470542522147298, 0.07465831190347672, 0.206328883767128, 0.123082235455513, 0.05572901666164398, 0.09415029734373093, 0.2464412897825241, 0.4163898229598999, 0.05398338660597801, 0.06658018380403519, 0.1275644153356552, 0.09800263494253159, 0.07247230410575867, 0.07624316960573196, 0.27196675539016724, 0.1861722618341446], [0.0, 0.0, 0.0, 0.0, 0.0, 0.0, 0.0, 0.0, 0.0, 0.0, 0.0, 0.0, 0.22150135040283203, 0.0, 0.06561881303787231, 0.0, 0.0, 0.0, 0.0, 0.0, 0.0, 0.0, 0.0, 0.0, 0.0, 0.0, 0.0, 0.0, 7.835429668426514, 2.524472951889038, 0.44627854228019714, 9.326705932617188, 0.0, 0.005187496542930603, 0.0, 0.0, 0.0, 0.0, 0.22871583700180054, 0.0, 0.072908416390419, 0.0, 0.19141621887683868, 0.0, 8.093522071838379, 1.7051472663879395, 1.934659481048584, 3.1894919872283936, 0.0, 0.0, 0.0, 0.0, 0.12094852328300476, 0.0, 0.0, 0.0, 0.0, 0.0, 0.0, 0.0, 0.0, 0.0, 0.0, 0.0, 0.0, 0.0, 0.04264889284968376, 0.0, 0.0, 0.07120130956172943, 0.0, 0.0, 4.606452421285212e-05, 0.0, 0.0, 0.01258115191012621, 0.05598590895533562, 0.05844903737306595, 0.010546740144491196, 0.0, 0.0, 0.0, 0.0, 0.0, 0.0, 0.0, 0.0, 0.0, 0.0, 0.0, 0.0, 0.0, 0.0, 0.0, 0.0, 0.0], [0.0, 0.0, 0.0, 0.0, 0.0, 0.0, 0.0, 0.0, 0.0, 0.0, 0.0025780077558010817, 0.0, 0.7674968838691711, 0.28085675835609436, 0.22285208106040955, 0.3450983464717865, 0.0, 0.0, 0.0, 0.0, 0.0, 0.0, 0.0, 0.0, 0.0, 0.0, 0.0, 0.0, 0.2258715033531189, 0.20009294152259827, 0.0, 3.0645573139190674, 0.0, 0.0, 0.0, 0.0, 0.146644726395607, 0.02659170888364315, 0.20280541479587555, 0.07922349125146866, 0.106890968978405, 0.04292452335357666, 0.0, 0.0, 12.384827613830566, 2.3298325538635254, 3.3070576190948486, 7.178899765014648, 0.0, 0.0, 0.04971897974610329, 0.0, 0.0, 0.0, 0.0, 0.0, 0.0, 0.0, 0.0, 0.0, 0.0, 0.0, 0.0, 0.0, 0.0, 0.0, 0.0, 0.0, 0.0, 0.0, 0.0, 0.0, 0.0, 0.0, 0.0, 0.0, 0.0, 0.0, 0.0, 0.005113547667860985, 0.0, 0.0, 0.0, 0.0, 0.0, 0.0, 0.0, 0.0, 0.0, 0.010002225637435913, 0.0, 0.0, 0.0, 0.0, 0.0, 0.0], [1.166947841644287, 0.9733785390853882, 0.36719614267349243, 0.6804540753364563, 1.0486315488815308, 1.0542021989822388, 0.3679806888103485, 0.9832736253738403, 1.0627492666244507, 1.0569417476654053, 0.19727888703346252, 0.7961938381195068, 0.5348740816116333, 1.113783836364746, 0.31310781836509705, 1.1688090562820435, 0.5866178870201111, 0.5920644402503967, 0.32149675488471985, 0.6580424308776855, 0.42196545004844666, 0.5566946268081665, 0.4146391451358795, 0.769237756729126, 0.320604145526886, 0.43856361508369446, 0.26095080375671387, 0.5277360081672668, 0.361606240272522, 0.6289074420928955, 0.28965064883232117, 0.8657859563827515, 1.1403231620788574, 1.4821813106536865, 5.7528767585754395, 1.1253784894943237, 1.3663984537124634, 1.3317458629608154, 5.031827926635742, 1.7376253604888916, 1.8121742010116577, 2.3436226844787598, 6.30819845199585, 1.529425024986267, 1.4990755319595337, 2.679375648498535, 3.395648717880249, 0.9962892532348633, 0.3448469340801239, 0.5765841603279114, 0.41537413001060486, 0.3560344874858856, 0.17525389790534973, 0.545163631439209, 0.7774810791015625, 0.539252758026123, 0.16627050936222076, 0.3659898340702057, 0.35611552000045776, 0.27818235754966736, 0.31821730732917786, 0.37432801723480225, 0.20599812269210815, 0.4235304892063141, 0.8176393508911133, 0.6430142521858215, 1.117408037185669, 0.9221545457839966, 0.43524348735809326, 0.889122486114502, 0.890666663646698, 0.9377971887588501, 1.2645574808120728, 0.5424424409866333, 0.5415711998939514, 0.7090925574302673, 0.676281213760376, 0.8242693543434143, 0.6846181750297546, 0.5091631412506104, 0.20528410375118256, 0.16439618170261383, 0.3040963113307953, 0.16838398575782776, 0.19289691746234894, 0.2370573878288269, 0.4970344007015228, 0.48157739639282227, 0.14334513247013092, 0.24006128311157227, 0.40081286430358887, 0.2743280827999115, 0.21317437291145325, 0.2990235984325409, 0.24750787019729614, 0.41066762804985046]]
Time 1983.764611005783
