Created graph
[-7.0, -5, -3.0]
[-6.0, -5, -4.0]
[-4.5, -4.0, -3.5]
[-4.25, -4.0, -3.75]
[-4.375, -4.25, -4.125]
[-4.1875, -4.125, -4.0625]
0.3 100000 3
Score: 126.300026
Signatures: [[0.0, 0.08231527358293533, 0.08018501102924347, 0.16181446611881256, 0.03173842281103134, 0.0, 0.0, 0.2983488440513611, 0.0, 0.0, 0.1484140008687973, 0.0, 4.769904613494873, 1.3978776931762695, 0.5870141983032227, 1.0238332748413086, 0.396706223487854, 0.3052999675273895, 0.44797584414482117, 0.0990198478102684, 0.8547559380531311, 0.0026033229660242796, 0.0, 0.7071002721786499, 0.09833092242479324, 0.10196108371019363, 0.0, 0.22043342888355255, 33.04427719116211, 10.535150527954102, 2.4358010292053223, 40.0217399597168, 0.4900915324687958, 0.0, 0.0, 0.12451037019491196, 1.457655906677246, 0.0, 0.0, 0.0, 0.15132249891757965, 0.0, 0.0, 0.6272010803222656, 42.47279739379883, 9.304811477661133, 10.205562591552734, 21.720609664916992, 0.0, 0.06513581424951553, 0.0, 0.0, 0.4835350513458252, 0.0, 0.0, 0.0, 0.04036914184689522, 0.024845708161592484, 0.0, 0.032516226172447205, 0.0, 0.004966477397829294, 0.10587006062269211, 0.0, 0.0026291371323168278, 0.0, 0.18431749939918518, 0.23358167707920074, 0.0, 0.2876199781894684, 0.0, 0.0, 0.0, 0.0, 0.0, 0.02276148833334446, 0.042039792984724045, 0.01773516647517681, 0.0, 0.0, 0.0, 0.0, 0.0, 0.12223436683416367, 0.0031256917864084244, 0.013248619623482227, 0.0, 0.3811556100845337, 0.0, 0.0, 0.0, 0.0, 0.05688720569014549, 0.0, 0.3588886857032776, 0.029040034860372543], [0.0, 0.0, 0.0, 0.0, 0.0, 0.0, 0.040928591042757034, 0.0, 0.0, 0.0, 0.13997706770896912, 0.0, 3.8882343769073486, 2.024794340133667, 1.008347988128662, 2.1556222438812256, 0.0, 0.0, 0.0, 0.0, 0.002001899993047118, 0.0, 0.0, 0.0, 0.0006097197765484452, 0.0, 0.0, 0.0, 10.520706176757812, 4.180064678192139, 0.516688883304596, 21.790313720703125, 0.5148455500602722, 0.0, 0.021636204794049263, 0.43448781967163086, 1.3665447235107422, 0.404546856880188, 0.20738039910793304, 0.936637818813324, 0.4345431923866272, 0.0, 0.0, 0.0, 48.770198822021484, 10.729990005493164, 13.374007225036621, 28.653173446655273, 0.0, 0.0, 0.3262708783149719, 0.0, 0.0016799992881715298, 0.0, 0.0, 0.0, 0.0, 0.07703674584627151, 0.008387276902794838, 0.0, 0.0, 0.0, 0.0, 0.0, 0.0, 0.0, 0.0, 0.0, 0.0, 0.0, 0.0, 0.0, 0.0, 0.0, 0.0, 0.0, 0.0, 0.0, 0.0, 0.058766137808561325, 0.0, 0.0, 0.0, 0.0, 0.0, 0.0, 0.0, 0.0, 0.0, 0.055716533213853836, 0.0, 0.0, 0.0, 0.05992836132645607, 0.0, 0.0], [3.84749174118042, 3.882150888442993, 1.3967031240463257, 2.564401865005493, 3.60799503326416, 4.002561092376709, 1.4564417600631714, 3.3900935649871826, 3.3825347423553467, 3.7025763988494873, 0.8641675114631653, 3.1324992179870605, 3.3000190258026123, 4.7611894607543945, 1.2099450826644897, 4.808994770050049, 2.659357786178589, 2.265352964401245, 1.5766462087631226, 2.807572841644287, 2.2158572673797607, 2.2489778995513916, 1.736688256263733, 3.4489710330963135, 1.1981282234191895, 1.974802851676941, 1.0163863897323608, 2.35844087600708, 4.26352596282959, 3.0335986614227295, 1.5715192556381226, 5.269646644592285, 4.343151092529297, 4.63611364364624, 18.876039505004883, 4.050304412841797, 5.562152862548828, 4.802351951599121, 16.156383514404297, 6.160109043121338, 5.911010265350342, 6.960500240325928, 19.109041213989258, 5.526244163513184, 6.405294418334961, 9.253527641296387, 11.949991226196289, 5.241541862487793, 1.016319990158081, 2.1483380794525146, 1.5376383066177368, 1.150532841682434, 0.608954668045044, 1.9512934684753418, 2.3722360134124756, 1.8944213390350342, 0.7181706428527832, 1.3431921005249023, 1.2432447671890259, 1.0094046592712402, 1.0241162776947021, 1.237886667251587, 0.833817720413208, 1.3346836566925049, 2.751096725463867, 2.1838395595550537, 3.8688395023345947, 3.54364013671875, 1.364343285560608, 2.8429746627807617, 3.001508951187134, 3.013735055923462, 3.611750602722168, 1.8002238273620605, 1.8529716730117798, 2.3282697200775146, 2.018440008163452, 2.600590944290161, 1.9964088201522827, 1.696797490119934, 0.61866694688797, 0.6158779263496399, 1.2081775665283203, 0.6929779052734375, 0.6625959277153015, 0.9038397669792175, 1.8978776931762695, 2.026543378829956, 0.5417678952217102, 0.8565750122070312, 1.4195141792297363, 0.9625077843666077, 0.7145485281944275, 0.9926585555076599, 1.0717788934707642, 1.6112760305404663]]
Time 1980.1121418476105
