Created graph
[-7.0, -5, -3.0]
[-6.0, -5, -4.0]
[-5.5, -5, -4.5]
[-4.75, -4.5, -4.25]
[-4.875, -4.75, -4.625]
[-4.9375, -4.875, -4.8125]
0.3 0 3
Score: 133.05263
Signatures: [[1.1299917697906494, 1.1322554349899292, 0.4056582450866699, 0.7642887830734253, 1.0572335720062256, 1.184960126876831, 0.4118589162826538, 1.0160726308822632, 1.0066394805908203, 1.1238799095153809, 0.25505906343460083, 0.9164572954177856, 1.1385914087295532, 1.514572262763977, 0.4472973048686981, 1.6490169763565063, 0.8072570562362671, 0.6426312923431396, 0.427118718624115, 0.7926599383354187, 0.6315702795982361, 0.635434091091156, 0.4713132381439209, 1.007140874862671, 0.34927573800086975, 0.5708572268486023, 0.28787559270858765, 0.6424772143363953, 1.2090705633163452, 0.9305738806724548, 0.41075634956359863, 2.0225939750671387, 1.3587089776992798, 1.3605186939239502, 5.408043384552002, 1.282172441482544, 1.7001638412475586, 1.421702265739441, 4.7245917320251465, 1.9151986837387085, 1.7841018438339233, 2.0938189029693604, 5.691277027130127, 1.6110612154006958, 4.293463230133057, 3.574932098388672, 4.19146203994751, 2.43904185295105, 0.2909502685070038, 0.6221112012863159, 0.4756138324737549, 0.34031346440315247, 0.14609509706497192, 0.5525469779968262, 0.699178159236908, 0.5588631629943848, 0.2119424045085907, 0.40615493059158325, 0.3712367117404938, 0.28896549344062805, 0.29588595032691956, 0.3583880364894867, 0.23839789628982544, 0.38499701023101807, 0.7949516177177429, 0.6115930676460266, 1.124315619468689, 1.005805492401123, 0.3876418173313141, 0.8605710864067078, 0.8729016780853271, 0.8579660058021545, 1.0922497510910034, 0.5342131853103638, 0.5260698795318604, 0.6749240756034851, 0.6324812769889832, 0.738159716129303, 0.5778735876083374, 0.5083605647087097, 0.17730987071990967, 0.172299325466156, 0.36065438389778137, 0.20083202421665192, 0.18862898647785187, 0.2484244406223297, 0.5441476702690125, 0.5329567790031433, 0.14425013959407806, 0.2480267584323883, 0.39898011088371277, 0.27187684178352356, 0.21524305641651154, 0.2978299558162689, 0.31045740842819214, 0.4284471273422241], [0.0, 0.0, 0.0022121290676295757, 0.003968922886997461, 0.0, 0.0, 0.0, 0.027338149026036263, 0.0, 0.0, 0.042615778744220734, 0.0, 1.4593759775161743, 0.5086992383003235, 0.18769416213035583, 0.17452380061149597, 0.02866082452237606, 0.049985215067863464, 0.10238181799650192, 0.0, 0.21232575178146362, 0.0, 0.0, 0.10368069261312485, 0.010095657780766487, 0.0035946336574852467, 0.0, 0.02993646077811718, 9.749161720275879, 2.8529915809631348, 0.752234697341919, 9.324275970458984, 0.10324553400278091, 0.0, 0.0, 0.007696982007473707, 0.4597598910331726, 0.0, 0.0, 0.0, 0.00033758458448573947, 0.0, 0.0, 0.054179754108190536, 7.111502170562744, 1.937248945236206, 2.5063090324401855, 3.5947177410125732, 0.0, 0.0, 0.0, 0.0, 0.14656591415405273, 0.0, 0.0, 0.0, 0.0011501513654366136, 0.0, 0.0, 1.4103087778494228e-05, 0.0, 0.0, 0.023383116349577904, 0.0, 0.0, 0.0, 0.02242003008723259, 0.011361455544829369, 0.0, 0.02819133549928665, 0.0, 0.0, 0.0, 0.0, 0.0, 0.0, 0.0, 0.0, 0.0, 0.0, 0.0, 0.0, 0.0, 0.022121146321296692, 0.0, 0.0, 0.0, 0.10533570498228073, 0.0, 0.0, 0.0, 0.0, 0.0, 0.0, 0.07622478902339935, 0.0025187237188220024], [0.0, 0.0, 0.0, 0.0, 0.0, 0.0, 0.0, 0.0, 0.0, 0.0, 0.0, 0.0, 0.3677982985973358, 0.0584561713039875, 0.08061208575963974, 0.2834279239177704, 0.0, 0.0, 0.0, 0.0, 0.0, 0.0, 0.0, 0.0, 0.0, 0.0, 0.0, 0.0, 0.5818591117858887, 0.5029408931732178, 0.0, 4.731321334838867, 0.0, 0.0, 0.0, 0.0, 0.012644996866583824, 0.0, 0.0, 0.0006894418620504439, 0.0, 0.0, 0.0, 0.0, 12.798230171203613, 2.03558349609375, 2.1932127475738525, 7.490399360656738, 0.0, 0.0, 0.018368585035204887, 0.0, 0.0, 0.0, 0.0, 0.0, 0.0, 0.0, 0.0, 0.0, 0.0, 0.0, 0.0, 0.0, 0.0, 0.0, 0.0, 0.0, 0.0, 0.0, 0.0, 0.0, 0.0, 0.0, 0.0, 0.0, 0.0, 0.0, 0.0, 0.0, 0.0, 0.0, 0.0, 0.0, 0.0, 0.0, 0.0, 0.0, 0.0, 0.0, 0.0, 0.0, 0.0, 0.0003228466375730932, 0.0, 0.0]]
Time 2855.689736366272
