Created graph
[-7.0, -5, -3.0]
[-6.0, -5, -4.0]
[-5.5, -5, -4.5]
[-4.75, -4.5, -4.25]
[-4.625, -4.5, -4.375]
[-4.6875, -4.625, -4.5625]
0.3 5000 4
Score: 126.92848
Signatures: [[0.0, 0.16756370663642883, 0.0, 0.0, 0.0, 0.0, 0.1088746190071106, 0.06851776689291, 0.029618095606565475, 0.0, 0.04669350013136864, 0.08368825167417526, 0.7599707841873169, 0.931583821773529, 0.10532546043395996, 0.5317138433456421, 0.0, 0.0, 0.0, 0.0, 0.0, 0.0, 0.0, 0.0, 0.040552739053964615, 0.0, 0.0, 0.0, 0.0, 0.15108650922775269, 0.0, 4.5876922607421875, 0.08597954362630844, 0.0, 0.2185407280921936, 0.2372807413339615, 0.08174385875463486, 0.4178406298160553, 0.32039594650268555, 0.8783473968505859, 0.4052467346191406, 0.23361839354038239, 0.04372048377990723, 0.04225596785545349, 14.362334251403809, 4.302243232727051, 3.234386920928955, 8.794849395751953, 0.0, 0.0, 0.08828208595514297, 0.012057928368449211, 0.0, 0.07198869436979294, 0.07177207618951797, 0.0, 0.004248675424605608, 0.0755932405591011, 0.06008630618453026, 0.03198450803756714, 0.0, 0.0, 0.0034905693028122187, 0.0, 0.0, 0.0, 0.019185418263077736, 0.07675540447235107, 0.0, 0.0, 0.027392150834202766, 0.0, 0.0, 0.05835914611816406, 0.0, 0.03438976779580116, 0.00659015541896224, 0.0, 0.0, 0.1236509308218956, 0.004831867758184671, 0.0, 0.0, 0.0, 0.0, 0.0, 0.0, 0.0, 0.0, 0.07470744103193283, 0.0, 0.0, 0.0030915297102183104, 0.07512814551591873, 0.014919503591954708, 0.0], [1.6120333671569824, 1.45940363407135, 0.5441434979438782, 0.9914828538894653, 1.4716366529464722, 1.6111012697219849, 0.5521014332771301, 1.3591153621673584, 1.4078717231750488, 1.5733636617660522, 0.3159044086933136, 1.2285327911376953, 1.1081218719482422, 1.6712939739227295, 0.4063238799571991, 1.8558253049850464, 1.012046456336975, 0.8617536425590515, 0.6118499040603638, 1.0869710445404053, 0.8242029547691345, 0.8840347528457642, 0.6867996454238892, 1.3107246160507202, 0.44959956407546997, 0.757167398929596, 0.4114118814468384, 0.9146942496299744, 0.9415791630744934, 0.9915745854377747, 0.5489083528518677, 0.8109287619590759, 1.6977237462997437, 1.8906630277633667, 7.585415363311768, 1.5818142890930176, 2.0923564434051514, 1.8043469190597534, 6.133337020874023, 2.272311210632324, 2.2700960636138916, 2.821498155593872, 7.814245223999023, 2.140545606613159, 0.13841092586517334, 3.1468496322631836, 3.8871538639068604, 0.8771328330039978, 0.4275796413421631, 0.8532449007034302, 0.5620969533920288, 0.4575580656528473, 0.22426997125148773, 0.7557423710823059, 0.9691790342330933, 0.7830097079277039, 0.2722315490245819, 0.5199688076972961, 0.4822520315647125, 0.3836725950241089, 0.42104992270469666, 0.5049987435340881, 0.31610578298568726, 0.5629339218139648, 1.0906049013137817, 0.9233852624893188, 1.4728127717971802, 1.347451090812683, 0.5606673359870911, 1.1448465585708618, 1.2294433116912842, 1.2146027088165283, 1.54763662815094, 0.7262582182884216, 0.7443747520446777, 0.9158861041069031, 0.8356910347938538, 1.0488969087600708, 0.8354272246360779, 0.648463785648346, 0.2515133023262024, 0.24894841015338898, 0.5025635957717896, 0.2541062533855438, 0.2695003151893616, 0.35189419984817505, 0.7618681192398071, 0.7830701470375061, 0.211714506149292, 0.31598177552223206, 0.5681638121604919, 0.39794597029685974, 0.29635539650917053, 0.39447298645973206, 0.3939565420150757, 0.615428626537323], [0.07202675938606262, 0.15148112177848816, 0.08817929774522781, 0.1682620644569397, 0.14680972695350647, 0.01600957103073597, 0.01065522525459528, 0.21882222592830658, 0.0, 0.0, 0.02548331394791603, 0.03198440745472908, 1.7194840908050537, 0.7596045732498169, 0.030887626111507416, 0.0, 0.2995498776435852, 0.23827886581420898, 0.2622720003128052, 0.17145812511444092, 0.5673126578330994, 0.09608852863311768, 0.010983841493725777, 0.46002310514450073, 0.0868961364030838, 0.1482076346874237, 0.028073696419596672, 0.22047875821590424, 11.553136825561523, 4.1805500984191895, 1.0251877307891846, 16.12179946899414, 0.10358516126871109, 0.06657364964485168, 0.0, 0.006217732559889555, 0.4136703312397003, 0.04787903651595116, 0.0, 0.0, 0.15069817006587982, 0.0, 0.0, 0.48741015791893005, 12.12716293334961, 3.344726800918579, 1.5884732007980347, 6.212706565856934, 0.0, 0.0, 0.0, 0.0, 0.2588311433792114, 0.01033329963684082, 0.0, 0.0, 0.037627559155225754, 0.03649083152413368, 0.008092687465250492, 0.03681681677699089, 0.009193317033350468, 0.013914262875914574, 0.028395701199769974, 0.0, 0.0548003688454628, 0.0, 0.2095145285129547, 0.18841885030269623, 0.0, 0.21664182841777802, 0.009872926399111748, 0.09534144401550293, 0.0, 0.0, 0.02343074604868889, 0.11891961097717285, 0.05041356384754181, 0.09970560669898987, 0.0, 0.0, 0.0, 0.009229140356183052, 0.004398596938699484, 0.07048951089382172, 0.023521216586232185, 0.02973794937133789, 0.02180815115571022, 0.2667900323867798, 0.020478807389736176, 0.00018110558448825032, 0.027422845363616943, 0.02419397607445717, 0.04465102776885033, 0.004236041568219662, 0.19211271405220032, 0.07690024375915527], [0.0, 0.0, 0.0, 0.0, 0.0, 0.0, 0.0, 0.0, 0.0, 0.0, 0.10461723804473877, 0.00870111770927906, 1.329900860786438, 0.09434197843074799, 0.7538340091705322, 1.1373941898345947, 0.0, 0.0, 0.0, 0.0, 0.0, 0.0, 0.0002046462905127555, 0.0, 0.0, 0.0, 0.0, 0.0, 7.663699626922607, 1.8267868757247925, 0.32222920656204224, 4.750281810760498, 0.4567036032676697, 0.0, 0.6876980066299438, 0.214793398976326, 0.9715102910995483, 0.0, 0.7596619129180908, 0.0, 0.0, 0.0, 0.0, 0.0, 14.0169038772583, 1.466813325881958, 6.892987251281738, 6.982913017272949, 0.0, 0.131339892745018, 0.16540281474590302, 0.0, 0.0, 0.0, 0.0, 0.0, 0.006619516760110855, 0.0, 0.0, 0.0, 0.0, 0.020989812910556793, 0.052900586277246475, 0.0, 0.00033053636434488, 0.0, 0.0, 0.0, 0.0, 0.0, 0.0, 0.0, 0.0, 0.0, 0.0, 0.0, 0.0, 0.0, 0.0, 0.0, 0.0, 0.0, 0.0, 0.00803452730178833, 0.0, 0.0, 0.0, 0.0, 0.0, 0.0, 0.0, 0.0, 0.0, 0.0, 0.0, 0.0]]
Time 1995.4384670257568
