Created graph
[-7.0, -5, -3.0]
[-6.0, -5, -4.0]
[-5.5, -5, -4.5]
[-4.75, -4.5, -4.25]
[-4.625, -4.5, -4.375]
[-4.6875, -4.625, -4.5625]
0.5 10 3
Score: 173.51071
Signatures: [[2.1139017917448655e-05, 0.14683061838150024, 0.02036271058022976, 0.11380943655967712, 0.1044764444231987, 0.07754895091056824, 0.0033047921024262905, 0.1747315227985382, 0.0, 0.0543547123670578, 0.03212970495223999, 0.13113707304000854, 1.8294659852981567, 0.8369241952896118, 0.20565032958984375, 0.37877845764160156, 0.12436586618423462, 0.18283994495868683, 0.09703892469406128, 0.14174817502498627, 0.25471973419189453, 0.12582217156887054, 0.02303265780210495, 0.284465491771698, 0.07669896632432938, 0.24594508111476898, 0.003537130542099476, 0.11767473816871643, 10.824347496032715, 2.7167398929595947, 0.98746258020401, 8.069931030273438, 0.3407151997089386, 0.050497036427259445, 0.28854793310165405, 0.12792038917541504, 0.3567579388618469, 0.08908528834581375, 0.0, 0.0, 0.0, 0.0, 0.0, 0.045467544347047806, 6.035717487335205, 2.3974037170410156, 1.813575029373169, 3.405441999435425, 0.0, 0.1125153973698616, 0.1495400071144104, 0.011389683932065964, 0.22385846078395844, 0.09225983917713165, 0.0, 0.0024621200282126665, 0.0, 0.0793021023273468, 0.040442969650030136, 0.001691389363259077, 0.0227705966681242, 0.026464246213436127, 0.0, 0.0, 0.006606247276067734, 0.025495249778032303, 0.20656555891036987, 0.1421419233083725, 0.0, 0.08586665242910385, 0.007887691259384155, 0.053915347903966904, 0.0, 0.02054021880030632, 0.0, 0.000504293420817703, 0.0, 0.0, 0.0, 0.0, 0.0, 0.003303517121821642, 0.0, 0.06317020952701569, 0.004728397820144892, 0.011628261767327785, 0.0, 0.1889404058456421, 0.0, 0.060939133167266846, 0.03039787895977497, 0.08656546473503113, 0.04790788143873215, 0.0, 0.15177537500858307, 0.08525004237890244], [0.0, 0.0, 0.0, 0.0, 0.0, 0.0, 0.08026188611984253, 0.0, 0.0, 0.0, 0.07222753763198853, 0.0, 0.4179646074771881, 0.04760078713297844, 0.20586204528808594, 0.30963465571403503, 0.0, 0.0, 0.0, 0.0, 0.0, 0.0, 0.0, 0.0, 0.04517018422484398, 0.0, 0.0, 0.0, 1.0897905826568604, 0.6444494724273682, 0.0, 5.418086528778076, 0.0, 0.0, 0.03169882297515869, 0.065351702272892, 0.4037463068962097, 0.15310098230838776, 0.4586239755153656, 0.3124163746833801, 0.2939734160900116, 0.0, 0.011465057730674744, 0.14607082307338715, 13.753449440002441, 2.296462297439575, 3.884528160095215, 7.793952941894531, 0.0, 0.0, 0.05235379561781883, 0.0, 0.0, 0.0, 0.0, 0.0, 0.0, 0.0, 0.0, 0.020519815385341644, 0.0, 0.01261661946773529, 0.04443676397204399, 0.0, 0.0, 0.0, 0.02146332338452339, 0.002215914661064744, 0.0, 0.0, 0.0, 0.0, 0.0, 0.0, 0.003058789763599634, 0.0, 0.014034516178071499, 0.0, 0.0, 0.020039621740579605, 0.0, 0.0, 0.0, 0.0, 0.0, 0.0, 0.0, 0.0, 0.0, 0.0, 0.0, 0.0, 0.0, 0.011756685562431812, 0.0, 0.0], [1.32368004322052, 1.2059581279754639, 0.644281804561615, 0.9902709722518921, 1.297997236251831, 1.2235485315322876, 0.4754912555217743, 0.9401523470878601, 1.0937527418136597, 1.2590657472610474, 0.28010639548301697, 0.7182875275611877, 0.8326062560081482, 1.2631499767303467, 0.29450780153274536, 1.6618801355361938, 1.0465893745422363, 0.8068856000900269, 0.44183507561683655, 0.6270872354507446, 0.7580896615982056, 0.5013782978057861, 0.4375554919242859, 0.8878527283668518, 0.25435197353363037, 0.5114054083824158, 0.274628221988678, 0.895851194858551, 0.580146849155426, 0.7293898463249207, 0.3612481653690338, 1.2218910455703735, 1.378021001815796, 1.6011537313461304, 6.483227729797363, 1.1616648435592651, 1.5743635892868042, 1.2225737571716309, 4.8940277099609375, 1.8494172096252441, 1.8102381229400635, 2.336573362350464, 6.095311164855957, 1.7681937217712402, 1.3971471786499023, 2.795405864715576, 3.1360206604003906, 1.1293325424194336, 0.3650437891483307, 0.6821609139442444, 0.3527096211910248, 0.3143990635871887, 0.19362913072109222, 0.6138860583305359, 0.7320876717567444, 0.5731776356697083, 0.3107185959815979, 0.4040301442146301, 0.37236273288726807, 0.2764793932437897, 0.2845343053340912, 0.4215563237667084, 0.28759607672691345, 0.46627920866012573, 0.8465508818626404, 0.7385140657424927, 1.2399626970291138, 1.1407594680786133, 0.4158431887626648, 1.0042580366134644, 1.0214468240737915, 0.9139788746833801, 1.4175808429718018, 0.6085754036903381, 0.6588514447212219, 0.7930952310562134, 0.7485477328300476, 0.9368825554847717, 0.8004500865936279, 0.505871593952179, 0.16702042520046234, 0.2228529155254364, 0.42841672897338867, 0.1865924745798111, 0.278685599565506, 0.33284375071525574, 0.7739053964614868, 0.6257311105728149, 0.19615891575813293, 0.2582051157951355, 0.4922095537185669, 0.2937130630016327, 0.26425305008888245, 0.3248044550418854, 0.22024725377559662, 0.3780285716056824]]
Time 1702.7366571426392
