Created graph
[-7.0, -5, -3.0]
[-6.0, -5, -4.0]
[-5.5, -5, -4.5]
[-4.75, -4.5, -4.25]
[-4.375, -4.25, -4.125]
[-4.4375, -4.375, -4.3125]
0.3 10000 3
Score: 132.03795
Signatures: [[0.08473633229732513, 0.23211614787578583, 0.13159163296222687, 0.201259046792984, 0.18972206115722656, 0.03949672728776932, 0.01837806962430477, 0.28281712532043457, 0.0, 0.0, 0.1590363085269928, 0.04770290106534958, 2.749662399291992, 1.23137366771698, 0.4185655415058136, 0.2851448953151703, 0.3529857397079468, 0.30749639868736267, 0.355262815952301, 0.21152202785015106, 0.6516434550285339, 0.12541401386260986, 0.018210601061582565, 0.6122696399688721, 0.11683783680200577, 0.18737944960594177, 0.027956875041127205, 0.26637041568756104, 19.71724510192871, 6.180042743682861, 1.5787724256515503, 20.08541488647461, 0.5141845941543579, 0.09003638476133347, 0.06705810129642487, 0.2684018015861511, 0.9132054448127747, 0.03183966130018234, 0.0, 0.00284196506254375, 0.23114630579948425, 0.0, 0.0, 0.6178621053695679, 17.2690486907959, 4.611741542816162, 5.300276756286621, 7.531701564788818, 0.0, 0.1117624044418335, 0.0, 0.0, 0.30453842878341675, 0.010409503243863583, 0.0, 0.0, 0.08835291117429733, 0.05936462804675102, 0.011525406502187252, 0.06364433467388153, 0.0030869755428284407, 0.04733065515756607, 0.11586084961891174, 0.0, 0.120404452085495, 0.0, 0.2464943826198578, 0.3087722659111023, 0.0, 0.2926045358181, 0.019515641033649445, 0.11071999371051788, 0.0, 0.005882085766643286, 0.03642918914556503, 0.09038978070020676, 0.07182544469833374, 0.13201028108596802, 0.0, 0.0, 0.0, 0.014506323263049126, 0.01505590882152319, 0.12107786536216736, 0.03609374538064003, 0.06945499032735825, 0.003489740425720811, 0.35945042967796326, 0.02573671005666256, 0.0, 0.012792053632438183, 0.031105468049645424, 0.04169575870037079, 0.0, 0.2526211142539978, 0.09938056766986847], [0.0, 0.00014580665447283536, 0.0, 0.0, 0.0, 0.0, 0.06499332934617996, 9.925362246576697e-05, 0.0, 0.0, 0.025807537138462067, 0.04034490883350372, 1.6945565938949585, 0.6533800959587097, 0.4017486870288849, 1.3489291667938232, 0.0, 0.0, 0.0, 0.0, 0.0, 0.0, 0.0, 0.0, 0.0, 0.0, 0.0, 0.0, 1.7371078729629517, 1.2210040092468262, 0.0, 10.716521263122559, 0.1253599226474762, 0.0, 0.5133451819419861, 0.13723276555538177, 0.7839817404747009, 0.3499932885169983, 0.7497972249984741, 0.683944582939148, 0.32111263275146484, 0.07924933731555939, 0.0, 0.0, 27.605398178100586, 5.697451591491699, 6.786776542663574, 16.3651180267334, 0.0, 0.0, 0.2467336654663086, 0.0, 0.0, 0.034891605377197266, 0.0, 0.0, 0.0, 0.03680001571774483, 0.04499424993991852, 0.0, 0.0, 0.0, 0.0, 0.0, 0.0, 0.0, 0.0, 0.0, 0.0, 0.0, 0.0, 0.0, 0.0, 0.0, 0.0, 0.0, 0.0, 0.0, 0.0, 0.07041610032320023, 0.0, 0.0, 0.0, 0.0, 0.0, 0.0, 0.0, 0.0, 0.0, 0.062246475368738174, 0.0, 0.0, 6.396543176379055e-05, 0.0639374703168869, 0.0, 0.0], [2.1380960941314697, 2.000520706176758, 0.71687251329422, 1.3288698196411133, 1.9515089988708496, 2.1653358936309814, 0.754518985748291, 1.83185613155365, 1.89582097530365, 2.1064655780792236, 0.42794227600097656, 1.6713874340057373, 1.4830455780029297, 2.3484957218170166, 0.5859461426734924, 2.572667121887207, 1.349419355392456, 1.142412543296814, 0.7905009388923645, 1.4482027292251587, 1.0838755369186401, 1.1741281747817993, 0.9200025200843811, 1.732025384902954, 0.6088177561759949, 1.0090677738189697, 0.5471251606941223, 1.1962288618087769, 1.2392277717590332, 1.1655009984970093, 0.7161267399787903, 0.6721936464309692, 2.313957691192627, 2.530196189880371, 10.336430549621582, 2.168137311935425, 2.7844114303588867, 2.4957618713378906, 8.434803009033203, 3.192445993423462, 3.102940320968628, 3.8607473373413086, 10.525127410888672, 2.8733184337615967, 0.7625992298126221, 4.3812360763549805, 5.520787715911865, 1.724136471748352, 0.5732882022857666, 1.156786322593689, 0.7761768102645874, 0.619255781173706, 0.2938903570175171, 1.032058596611023, 1.3255691528320312, 1.045465111732483, 0.357536643743515, 0.7095239758491516, 0.6594869494438171, 0.5222001671791077, 0.5638298392295837, 0.6733995676040649, 0.42266330122947693, 0.7459230422973633, 1.4557019472122192, 1.228415608406067, 1.9973098039627075, 1.8144829273223877, 0.7482650876045227, 1.5116257667541504, 1.6535240411758423, 1.6182743310928345, 2.0697600841522217, 0.9976896047592163, 0.9981128573417664, 1.246500849723816, 1.1184393167495728, 1.3850605487823486, 1.1208652257919312, 0.9049669504165649, 0.3417443037033081, 0.33071210980415344, 0.6667979955673218, 0.33248400688171387, 0.35400328040122986, 0.4612625241279602, 1.0257259607315063, 1.0204758644104004, 0.2802131474018097, 0.4381624758243561, 0.7657037377357483, 0.5284890532493591, 0.395868718624115, 0.5346532464027405, 0.5240234136581421, 0.8241807818412781]]
Time 1981.8974668979645
