Created graph
[-7.0, -5, -3.0]
[-6.0, -5, -4.0]
[-5.5, -5, -4.5]
[-4.75, -4.5, -4.25]
[-4.875, -4.75, -4.625]
[-4.9375, -4.875, -4.8125]
0.3 1 4
Score: 126.18194
Signatures: [[0.2935348451137543, 0.6097300052642822, 0.19428615272045135, 0.3452965021133423, 0.3521743416786194, 0.5537489056587219, 0.2007690817117691, 0.3749176561832428, 0.15776774287223816, 0.3944393992424011, 0.20068205893039703, 0.4687221646308899, 2.1662099361419678, 1.2536530494689941, 0.23757262527942657, 1.2838125228881836, 0.6258459687232971, 0.3316877782344818, 0.47957292199134827, 0.5200715661048889, 0.7516469359397888, 0.36814549565315247, 0.2530103921890259, 0.826317310333252, 0.15242943167686462, 0.44700855016708374, 0.1500193327665329, 0.4989956319332123, 5.1934404373168945, 1.6993532180786133, 0.7198363542556763, 4.615368843078613, 0.7729468941688538, 0.14333483576774597, 1.096943736076355, 0.5340800881385803, 1.360605001449585, 0.4817197322845459, 0.0, 0.6175401210784912, 0.20875686407089233, 0.0, 0.0, 0.6738058924674988, 3.5213828086853027, 1.7977722883224487, 1.5032249689102173, 3.357776403427124, 0.0019355270778760314, 0.2584231197834015, 0.16830138862133026, 0.03027760237455368, 0.06744551658630371, 0.16994094848632812, 0.06974763423204422, 0.17877276241779327, 0.14690235257148743, 0.17441391944885254, 0.10208453983068466, 0.09940914809703827, 0.049571692943573, 0.08248462527990341, 0.15229520201683044, 0.06157573312520981, 0.15427285432815552, 0.15069521963596344, 0.24725863337516785, 0.4540157914161682, 0.004918630234897137, 0.14130127429962158, 0.21442651748657227, 0.12050716578960419, 0.0, 0.11751200258731842, 0.11072336882352829, 0.11936064064502716, 0.003491603769361973, 0.021496720612049103, 0.0, 0.09197666496038437, 0.0011453451588749886, 0.07460416853427887, 0.20610632002353668, 0.12298576533794403, 0.0556667223572731, 0.09402770549058914, 0.24621713161468506, 0.4160890579223633, 0.05392153188586235, 0.06652067601680756, 0.1274365335702896, 0.09784924983978271, 0.07236839830875397, 0.07618695497512817, 0.2718447148799896, 0.18597610294818878], [0.0, 0.0, 0.0, 0.0, 0.0, 0.0, 0.0, 0.0, 0.0, 0.0, 0.0, 0.0, 0.22081048786640167, 0.0, 0.06561096012592316, 0.0, 0.0, 0.0, 0.0, 0.0, 0.0, 0.0, 0.0, 0.0, 0.0, 0.0, 0.0, 0.0, 7.831555366516113, 2.5231409072875977, 0.44586092233657837, 9.321288108825684, 0.0, 0.005276667419821024, 0.0, 0.0, 0.0, 0.0, 0.22853772342205048, 0.0, 0.07291258126497269, 0.0, 0.1913061887025833, 0.0, 8.08602523803711, 1.7037700414657593, 1.9327889680862427, 3.1851882934570312, 0.0, 0.0, 0.0, 0.0, 0.12090498208999634, 0.0, 0.0, 0.0, 0.0, 0.0, 0.0, 0.0, 0.0, 0.0, 0.0, 0.0, 0.0, 0.0, 0.04273640364408493, 0.0, 0.0, 0.07124459743499756, 0.0, 0.0, 4.332279786467552e-05, 0.0, 0.0, 0.012658234685659409, 0.05603057146072388, 0.05848003551363945, 0.010532482527196407, 0.0, 0.0, 0.0, 0.0, 0.0, 0.0, 0.0, 0.0, 0.0, 0.0, 0.0, 0.0, 0.0, 0.0, 0.0, 0.0, 0.0], [0.0, 0.0, 0.0, 0.0, 0.0, 0.0, 0.0, 0.0, 0.0, 0.0, 0.00254868739284575, 0.0, 0.7666684985160828, 0.2803410589694977, 0.22263500094413757, 0.34454286098480225, 0.0, 0.0, 0.0, 0.0, 0.0, 0.0, 0.0, 0.0, 0.0, 0.0, 0.0, 0.0, 0.22291940450668335, 0.1991151124238968, 0.0, 3.060426950454712, 0.0, 0.0, 0.0, 0.0, 0.1462816298007965, 0.026533786207437515, 0.20289701223373413, 0.07910748571157455, 0.10688477754592896, 0.042929600924253464, 0.0, 0.0, 12.377575874328613, 2.328141450881958, 3.305259943008423, 7.174432277679443, 0.0, 0.0, 0.04971647262573242, 0.0, 0.0, 0.0, 0.0, 0.0, 0.0, 0.0, 0.0, 0.0, 0.0, 0.0, 0.0, 0.0, 0.0, 0.0, 0.0, 0.0, 0.0, 0.0, 0.0, 0.0, 0.0, 0.0, 0.0, 0.0, 0.0, 0.0, 0.0, 0.005127813201397657, 0.0, 0.0, 0.0, 0.0, 0.0, 0.0, 0.0, 0.0, 0.0, 0.009998589754104614, 0.0, 0.0, 0.0, 0.0, 0.0, 0.0], [1.1667429208755493, 0.9731066226959229, 0.3670967221260071, 0.6802535057067871, 1.048424482345581, 1.0539133548736572, 0.3678849935531616, 0.9830867052078247, 1.0625169277191162, 1.0567620992660522, 0.19719716906547546, 0.7959543466567993, 0.5346046686172485, 1.1133760213851929, 0.3130336105823517, 1.168391466140747, 0.5864577889442444, 0.5918885469436646, 0.3214088976383209, 0.6578781008720398, 0.4218771457672119, 0.5565282702445984, 0.4145273268222809, 0.7690237164497375, 0.32049617171287537, 0.4384385049343109, 0.2608824670314789, 0.5275944471359253, 0.3616374135017395, 0.6287742853164673, 0.28952449560165405, 0.8657979965209961, 1.140015959739685, 1.4818633794784546, 5.751529693603516, 1.1250864267349243, 1.3658822774887085, 1.3312768936157227, 5.0299763679504395, 1.7370274066925049, 1.8116209506988525, 2.342881679534912, 6.306056022644043, 1.5289926528930664, 1.4981807470321655, 2.678758382797241, 3.3944802284240723, 0.9957619309425354, 0.3447533845901489, 0.5764623284339905, 0.41524264216423035, 0.3559100031852722, 0.17521589994430542, 0.5450084805488586, 0.7772537469863892, 0.5391109585762024, 0.16620546579360962, 0.36587053537368774, 0.3560366928577423, 0.27807921171188354, 0.3181411027908325, 0.374237596988678, 0.2059086263179779, 0.4234710931777954, 0.8174397945404053, 0.642918586730957, 1.1170574426651, 0.9218796491622925, 0.43510329723358154, 0.8889141082763672, 0.890468955039978, 0.937538206577301, 1.2641966342926025, 0.5423279404640198, 0.5414941310882568, 0.7089398503303528, 0.6761333346366882, 0.8240383267402649, 0.6844106316566467, 0.5090435743331909, 0.2052152454853058, 0.1643422544002533, 0.304061621427536, 0.1683298796415329, 0.19284656643867493, 0.2369958460330963, 0.4969026446342468, 0.48142513632774353, 0.14330680668354034, 0.2399757206439972, 0.4007028639316559, 0.27430567145347595, 0.2131495475769043, 0.2989337146282196, 0.2473936825990677, 0.41055524349212646]]
Time 2204.1901473999023
