Created graph
[-7.0, -5, -3.0]
[-6.0, -5, -4.0]
[-4.5, -4.0, -3.5]
[-4.75, -4.5, -4.25]
[-4.375, -4.25, -4.125]
[-4.3125, -4.25, -4.1875]
0.1 1000000 4
Score: 87.95099
Signatures: [[0.0, 0.07852412760257721, 0.0, 0.0, 0.0, 0.0, 0.0, 0.0, 0.0, 0.0, 0.0, 0.0, 5.092278957366943, 1.3339588642120361, 0.6587964296340942, 1.7376172542572021, 0.0, 0.0, 0.1327347308397293, 0.17095474898815155, 0.03535209596157074, 0.0, 0.0, 0.2257605791091919, 0.0, 0.0, 0.0999443531036377, 0.16374725103378296, 25.11334991455078, 8.213908195495605, 1.659346103668213, 34.63202667236328, 0.0, 0.0, 0.0, 0.0, 1.0201810598373413, 0.0, 0.0, 0.2635556757450104, 0.0, 0.0, 0.0, 0.0, 48.37528991699219, 10.599870681762695, 10.66426944732666, 23.142141342163086, 0.0, 0.0, 0.0, 0.0, 0.3608604073524475, 0.0, 0.0, 0.0, 0.0, 0.0, 0.0, 0.0, 0.0, 0.0, 0.0, 0.0, 0.0, 0.0, 0.0, 0.0, 0.0, 0.0, 0.0, 0.0, 0.0, 0.0, 0.0, 0.0, 0.0, 0.0, 0.0792243480682373, 0.1019151583313942, 0.0, 0.0, 0.0, 0.0, 0.0, 0.0, 0.0, 0.05858507379889488, 0.05587517097592354, 0.015508731827139854, 0.0, 0.018089886754751205, 0.06048606336116791, 0.0, 0.08028801530599594, 0.0], [3.5473172664642334, 4.684701442718506, 1.3431031703948975, 2.671609401702881, 3.415656805038452, 3.666537284851074, 1.4250590801239014, 3.250349521636963, 3.3454651832580566, 3.369631052017212, 0.9462370276451111, 3.0257492065429688, 3.973748207092285, 5.361935138702393, 1.4872030019760132, 5.061818599700928, 2.579390525817871, 2.2313778400421143, 1.4923914670944214, 2.6176469326019287, 2.1690726280212402, 2.5002293586730957, 1.868164300918579, 3.3795156478881836, 1.3561595678329468, 2.0918846130371094, 0.9283304810523987, 2.4670722484588623, 7.2102885246276855, 4.590603828430176, 1.8944945335388184, 10.09556770324707, 4.717334747314453, 4.396247863769531, 18.647275924682617, 3.916706085205078, 5.934332847595215, 4.973320960998535, 17.041244506835938, 6.226815700531006, 5.9859938621521, 5.930357456207275, 18.022354125976562, 5.446525573730469, 13.917798042297363, 10.570666313171387, 14.417760848999023, 10.22286319732666, 0.9970200061798096, 2.0061166286468506, 1.7302970886230469, 1.259515643119812, 0.6200318932533264, 2.1623263359069824, 2.4109811782836914, 1.7273964881896973, 0.6736314296722412, 1.2969591617584229, 1.2905147075653076, 1.0635985136032104, 0.9759753942489624, 1.1003656387329102, 0.9094882011413574, 1.1724772453308105, 2.59777569770813, 2.0611443519592285, 3.908886671066284, 3.7853479385375977, 1.2531152963638306, 2.4972407817840576, 2.954838991165161, 2.7883496284484863, 2.753613233566284, 1.6438249349594116, 2.49885892868042, 2.2415735721588135, 1.5654054880142212, 2.3470547199249268, 1.5449410676956177, 1.663967490196228, 0.6214521527290344, 0.5702165961265564, 1.0446670055389404, 0.9090938568115234, 0.5520166158676147, 1.1433086395263672, 1.8039709329605103, 2.0305068492889404, 0.627998411655426, 0.9088796973228455, 1.366048812866211, 0.8757639527320862, 0.7299301028251648, 0.9500095844268799, 1.1096076965332031, 1.6765481233596802], [0.0, 0.1357412040233612, 0.0, 0.0, 0.002593030221760273, 0.0, 0.0, 0.003530411282554269, 0.0, 0.0, 0.010622371919453144, 0.0, 5.73915958404541, 1.455257773399353, 0.5952320694923401, 1.9615039825439453, 0.0, 0.15348701179027557, 0.0, 0.0, 0.49059900641441345, 0.0, 0.0, 0.2064545750617981, 0.09715075045824051, 0.10461107641458511, 0.0, 0.0, 24.34906005859375, 8.480788230895996, 1.8683497905731201, 34.74107360839844, 0.25574183464050293, 0.0, 0.0, 0.13795752823352814, 1.1047884225845337, 0.07804878056049347, 0.0, 0.04423075541853905, 0.02064041793346405, 0.0, 0.0, 0.37632080912590027, 47.54093551635742, 10.72519302368164, 11.55565357208252, 23.269702911376953, 0.0, 0.0, 0.025927402079105377, 0.0, 0.1152142807841301, 0.0, 0.0, 0.0, 0.044404398649930954, 0.0, 0.07377713173627853, 0.0, 0.0, 0.0, 0.0, 0.0, 0.0, 0.0, 0.0, 0.0, 0.0, 0.0, 0.0, 0.0, 0.0, 0.0, 0.0, 0.0, 0.0, 0.0, 0.0, 0.0, 0.0, 0.0, 0.0, 0.0, 0.0, 0.0, 0.0, 0.0, 0.0, 0.0, 0.0, 0.0, 0.0, 0.0, 0.0937056615948677, 0.0], [0.2665131390094757, 0.737738311290741, 0.0, 0.09886922687292099, 0.10452196002006531, 0.0, 0.12178695201873779, 0.8463442325592041, 0.0, 0.0, 0.21661803126335144, 0.2713937759399414, 4.814560890197754, 2.151484966278076, 1.112334966659546, 3.080291271209717, 0.8453088998794556, 0.15907879173755646, 0.4021187722682953, 0.15895797312259674, 0.4794819951057434, 0.0092407101765275, 0.0, 0.9030210375785828, 0.2743546962738037, 0.17368647456169128, 0.02665826492011547, 0.25990191102027893, 21.75172233581543, 7.7520060539245605, 1.8242993354797363, 30.528888702392578, 1.0265625715255737, 0.2067316174507141, 1.4304330348968506, 0.8248969316482544, 2.759605646133423, 0.4933171570301056, 1.7739205360412598, 0.9225942492485046, 0.9830597639083862, 0.6160236597061157, 0.4921291470527649, 1.0627763271331787, 42.476497650146484, 10.565800666809082, 12.165902137756348, 21.731985092163086, 0.0, 0.29090723395347595, 0.6575117707252502, 0.0, 0.1578499972820282, 0.13599862158298492, 0.3334956467151642, 0.2761145830154419, 0.2831164598464966, 0.33243250846862793, 0.0, 0.06786956638097763, 0.0, 0.17528590559959412, 0.2479230761528015, 0.14557288587093353, 0.20431046187877655, 0.2365444302558899, 0.5418642163276672, 0.5487186312675476, 0.18541941046714783, 0.48458680510520935, 0.03580427169799805, 0.18174462020397186, 0.25227275490760803, 0.35163614153862, 0.0, 0.4928763508796692, 0.6645714044570923, 0.11086194962263107, 0.0, 0.0, 0.0, 0.0, 0.008087513037025928, 0.11048808693885803, 0.032184671610593796, 0.0, 0.0, 0.0, 0.0, 0.07583097368478775, 0.034548766911029816, 0.0, 0.03240504860877991, 0.3000286817550659, 0.33641570806503296, 0.0]]
Time 3198.585228204727
