Created graph
[-7.0, -5, -3.0]
[-6.0, -5, -4.0]
[-5.5, -5, -4.5]
[-4.75, -4.5, -4.25]
[-4.875, -4.75, -4.625]
[-4.9375, -4.875, -4.8125]
0.3 100 3
Score: 132.95224
Signatures: [[1.1350698471069336, 1.13773775100708, 0.4076719284057617, 0.768013060092926, 1.0621798038482666, 1.1905614137649536, 0.41401511430740356, 1.0201040506362915, 1.011277675628662, 1.128775954246521, 0.25640177726745605, 0.9210461974143982, 1.1441173553466797, 1.5220321416854858, 0.44958919286727905, 1.6543737649917603, 0.8111997246742249, 0.6459072232246399, 0.42934513092041016, 0.7967133522033691, 0.6346760988235474, 0.6387568116188049, 0.4738454222679138, 1.0120314359664917, 0.35108765959739685, 0.5736119747161865, 0.28933852910995483, 0.6457768678665161, 1.220486044883728, 0.9365792274475098, 0.4135018587112427, 2.041635274887085, 1.3649803400039673, 1.3668757677078247, 5.434131622314453, 1.2879894971847534, 1.7084742784500122, 1.428717851638794, 4.748606204986572, 1.9247756004333496, 1.7929377555847168, 2.1038565635681152, 5.718465328216553, 1.6190465688705444, 4.327727794647217, 3.5890262126922607, 4.212329864501953, 2.4578731060028076, 0.2923191785812378, 0.6250717043876648, 0.4778757393360138, 0.34197935461997986, 0.14701570570468903, 0.5554345846176147, 0.7025302648544312, 0.5615242123603821, 0.21301023662090302, 0.40815284848213196, 0.37307143211364746, 0.2904156744480133, 0.2973878085613251, 0.3601038455963135, 0.23952628672122955, 0.38689446449279785, 0.7988786101341248, 0.614441990852356, 1.1297600269317627, 1.0108157396316528, 0.3895134925842285, 0.8645098209381104, 0.8771762847900391, 0.862187922000885, 1.0972362756729126, 0.5367628931999207, 0.5285460948944092, 0.6782942414283752, 0.6351532936096191, 0.7419158220291138, 0.5806657075881958, 0.5107876062393188, 0.17820242047309875, 0.1731889247894287, 0.3622731566429138, 0.20180965960025787, 0.18955470621585846, 0.2497418373823166, 0.5468374490737915, 0.535646378993988, 0.14503490924835205, 0.2492583990097046, 0.40097686648368835, 0.2731408178806305, 0.21618963778018951, 0.29914388060569763, 0.31204870343208313, 0.4307463467121124], [0.0, 0.0, 0.002389086177572608, 0.004240693524479866, 0.0, 0.0, 0.0, 0.02833956852555275, 0.0, 0.0, 0.04296249896287918, 0.0, 1.4674172401428223, 0.512399435043335, 0.1886746734380722, 0.17721731960773468, 0.029297012835741043, 0.05056791380047798, 0.10336373746395111, 0.0, 0.21423999965190887, 0.0, 0.0, 0.10508017241954803, 0.010191022418439388, 0.003753489814698696, 0.0, 0.030397452414035797, 9.804010391235352, 2.8694908618927, 0.7578560709953308, 9.3907470703125, 0.10493600368499756, 0.0, 0.0, 0.008352053351700306, 0.46429356932640076, 0.0, 0.0, 0.0, 0.0005144885508343577, 0.0, 0.0, 0.055340226739645004, 7.181002140045166, 1.9540003538131714, 2.526811361312866, 3.631835699081421, 0.0, 0.0, 0.0, 0.0, 0.14772072434425354, 0.0, 0.0, 0.0, 0.0011915970826521516, 0.0, 0.0, 2.6618230549502186e-05, 0.0, 0.0, 0.023732397705316544, 0.0, 0.0, 0.0, 0.02289835549890995, 0.011855080723762512, 0.0, 0.028930220752954483, 0.0, 0.0, 0.0, 0.0, 0.0, 0.0, 0.0, 0.0, 0.0, 0.0, 0.0, 0.0, 0.0, 0.02243262343108654, 0.0, 0.0, 0.0, 0.10646358132362366, 0.0, 0.0, 0.0, 0.0, 0.0, 0.0, 0.07686715573072433, 0.0026669951621443033], [0.0, 0.0, 0.0, 0.0, 0.0, 0.0, 0.0, 0.0, 0.0, 0.0, 0.0, 0.0, 0.37545350193977356, 0.06021689996123314, 0.08211801946163177, 0.2871739864349365, 0.0, 0.0, 0.0, 0.0, 0.0, 0.0, 0.0, 0.0, 0.0, 0.0, 0.0, 0.0, 0.6078625321388245, 0.5138348937034607, 0.0, 4.775716781616211, 0.0, 0.0, 0.0, 0.0, 0.013204114511609077, 0.0, 0.0, 0.0009371578344143927, 0.0, 0.0, 0.0, 0.0, 12.871927261352539, 2.053992748260498, 2.213134765625, 7.533926486968994, 0.0, 0.0, 0.01878335140645504, 0.0, 0.0, 0.0, 0.0, 0.0, 0.0, 0.0, 0.0, 0.0, 0.0, 0.0, 0.0, 0.0, 0.0, 0.0, 0.0, 0.0, 0.0, 0.0, 0.0, 0.0, 0.0, 0.0, 0.0, 0.0, 0.0, 0.0, 0.0, 0.0, 0.0, 0.0, 0.0, 0.0, 0.0, 0.0, 0.0, 0.0, 0.0, 0.0, 0.0, 0.0, 0.0, 0.0003728895680978894, 0.0, 0.0]]
Time 1966.9688482284546
