Created graph
[-7.0, -5, -3.0]
[-6.0, -5, -4.0]
[-5.5, -5, -4.5]
[-4.75, -4.5, -4.25]
[-4.625, -4.5, -4.375]
[-4.6875, -4.625, -4.5625]
0.5 1 3
Score: 173.51204
Signatures: [[2.211680475738831e-05, 0.14671535789966583, 0.02035357803106308, 0.11371998488903046, 0.1044149100780487, 0.07752391695976257, 0.0032996281515806913, 0.17456459999084473, 0.0, 0.0543820820748806, 0.03205040469765663, 0.13104330003261566, 1.8274109363555908, 0.8362893462181091, 0.20545710623264313, 0.3780425190925598, 0.12424647808074951, 0.18264099955558777, 0.09695444256067276, 0.14163507521152496, 0.25441715121269226, 0.12568944692611694, 0.02304593101143837, 0.28415602445602417, 0.07662732154130936, 0.24571184813976288, 0.0035557199735194445, 0.11755185574293137, 10.813470840454102, 2.7137131690979004, 0.9863690733909607, 8.060298919677734, 0.3402983546257019, 0.05055251345038414, 0.28839385509490967, 0.12782280147075653, 0.3558180630207062, 0.08897978812456131, 0.0, 0.0, 0.0, 0.0, 0.0, 0.045341286808252335, 6.026505947113037, 2.3943326473236084, 1.8092002868652344, 3.3996024131774902, 0.0, 0.11240265518426895, 0.14938661456108093, 0.01140561792999506, 0.22355593740940094, 0.09221836924552917, 0.0, 0.0024980450980365276, 0.0, 0.07926297932863235, 0.040446095168590546, 0.0016872138949111104, 0.022765403613448143, 0.02643672190606594, 0.0, 0.0, 0.00665590213611722, 0.025488581508398056, 0.20633922517299652, 0.14202187955379486, 0.0, 0.08587303757667542, 0.007908578030765057, 0.053882550448179245, 0.0, 0.02053314447402954, 0.0, 0.0005088087636977434, 0.0, 0.0, 0.0, 0.0, 0.0, 0.003300547366961837, 0.0, 0.06311581283807755, 0.004733456298708916, 0.011634912341833115, 0.0, 0.1887422651052475, 0.0, 0.060897938907146454, 0.030401822179555893, 0.0864739939570427, 0.047856930643320084, 0.0, 0.15164750814437866, 0.08522290736436844], [0.0, 0.0, 0.0, 0.0, 0.0, 0.0, 0.08018060773611069, 0.0, 0.0, 0.0, 0.07217816263437271, 0.0, 0.4170447587966919, 0.0471566878259182, 0.20545534789562225, 0.309438556432724, 0.0, 0.0, 0.0, 0.0, 0.0, 0.0, 0.0, 0.0, 0.045101068913936615, 0.0, 0.0, 0.0, 1.0864323377609253, 0.6431357264518738, 0.0, 5.409079551696777, 0.0, 0.0, 0.031734488904476166, 0.06523316353559494, 0.40368402004241943, 0.1529546082019806, 0.4583398103713989, 0.31206539273262024, 0.29371026158332825, 0.0, 0.011820103973150253, 0.1460077166557312, 13.737488746643066, 2.293092966079712, 3.8801028728485107, 7.784243583679199, 0.0, 0.0, 0.05227433890104294, 0.0, 0.0, 0.0, 0.0, 0.0, 0.0, 0.0, 0.0, 0.02051212079823017, 0.0, 0.012622269801795483, 0.044414859265089035, 0.0, 0.0, 0.0, 0.02148914337158203, 0.0022429190576076508, 0.0, 0.0, 0.0, 0.0, 0.0, 0.0, 0.003075285814702511, 0.0, 0.01406471524387598, 0.0, 0.0, 0.020017731934785843, 0.0, 0.0, 0.0, 0.0, 0.0, 0.0, 0.0, 0.0, 0.0, 0.0, 0.0, 0.0, 0.0, 0.011755479499697685, 0.0, 0.0], [1.3228951692581177, 1.205230474472046, 0.6439105272293091, 0.9896838068962097, 1.297202229499817, 1.2226840257644653, 0.4751478433609009, 0.939582884311676, 1.093114972114563, 1.2583032846450806, 0.2799210250377655, 0.7177193760871887, 0.8320293426513672, 1.262209415435791, 0.2943267524242401, 1.6609641313552856, 1.0459460020065308, 0.8063845634460449, 0.4415154755115509, 0.6266144514083862, 0.7576174139976501, 0.50099116563797, 0.4371989369392395, 0.8871661424636841, 0.2541598081588745, 0.5110146999359131, 0.2744416296482086, 0.895317554473877, 0.5797375440597534, 0.7288404107093811, 0.360880583524704, 1.2215317487716675, 1.37717866897583, 1.600135326385498, 6.479586124420166, 1.160949945449829, 1.5732003450393677, 1.221635341644287, 4.890687465667725, 1.848049521446228, 1.808975100517273, 2.3351094722747803, 6.091095447540283, 1.7671027183532715, 1.3958179950714111, 2.793858528137207, 3.134124755859375, 1.1290415525436401, 0.3648223876953125, 0.6817326545715332, 0.3524402379989624, 0.3141556680202484, 0.19351452589035034, 0.6134206652641296, 0.731644332408905, 0.5727931261062622, 0.31053417921066284, 0.40372952818870544, 0.3720870912075043, 0.2762708067893982, 0.2843548357486725, 0.4212741553783417, 0.28740498423576355, 0.466040700674057, 0.8459582924842834, 0.7380608916282654, 1.2391514778137207, 1.13999605178833, 0.4155588746070862, 1.003591775894165, 1.0208251476287842, 0.9133665561676025, 1.4167531728744507, 0.6081811189651489, 0.6584131717681885, 0.792596697807312, 0.7480847835540771, 0.9362558722496033, 0.7999342679977417, 0.5055603384971619, 0.16691164672374725, 0.2227284461259842, 0.4281783103942871, 0.18643596768379211, 0.2785400152206421, 0.33262303471565247, 0.7734975218772888, 0.625273585319519, 0.19604434072971344, 0.25800174474716187, 0.491922527551651, 0.2935379147529602, 0.264094740152359, 0.32460108399391174, 0.22006192803382874, 0.3777139186859131]]
Time 1692.384162902832
