Created graph
[-11.0, -9, -7.0]
[-8.0, -7.0, -6.0]
[-6.5, -6.0, -5.5]
[-6.25, -6.0, -5.75]
[-5.875, -5.75, -5.625]
[-5.8125, -5.75, -5.6875]
0.1 100000000 3
Score: 178.41232
Signatures: [[0.25831034779548645, 0.5388820767402649, 0.0, 0.02814214676618576, 0.026827558875083923, 0.10101166367530823, 0.19161434471607208, 0.2914949059486389, 0.0, 0.24358798563480377, 0.0, 0.3773561418056488, 0.6624175906181335, 0.22043921053409576, 0.07389309257268906, 0.22959189116954803, 0.1665472686290741, 0.00019476894522085786, 0.028428509831428528, 0.2552468776702881, 0.19132791459560394, 0.0, 0.28198790550231934, 0.2799842655658722, 0.0, 0.0, 0.0, 0.10139157623052597, 0.6774751543998718, 0.17517375946044922, 0.12929275631904602, 1.3611128330230713, 0.36215445399284363, 0.228992760181427, 0.9002178311347961, 0.19553926587104797, 0.1720467209815979, 0.19490322470664978, 0.4210410416126251, 0.1526022106409073, 0.1518910676240921, 0.5323429703712463, 0.7333855032920837, 0.17907539010047913, 1.4754141569137573, 0.6309306025505066, 0.7952263951301575, 0.8351632356643677, 0.0, 0.07919786870479584, 0.3132910430431366, 0.016940414905548096, 0.048888906836509705, 0.08317863941192627, 0.06812705844640732, 0.0, 0.0, 0.0, 0.13080716133117676, 0.026237906888127327, 0.0, 0.13859030604362488, 0.0, 0.0, 0.20439200103282928, 0.1473550945520401, 0.07552900910377502, 0.46861374378204346, 0.09495209902524948, 0.045550644397735596, 0.08887293934822083, 0.0, 0.0, 0.0, 0.27189239859580994, 0.0, 0.24782156944274902, 0.03406868129968643, 0.043239839375019073, 0.27958422899246216, 0.0, 0.04883155599236488, 0.2273811399936676, 0.0007933276356197894, 0.0, 0.05598581209778786, 0.21831299364566803, 0.14719492197036743, 0.123028963804245, 0.023928217589855194, 0.0, 0.11638987064361572, 0.0, 0.03530636429786682, 0.04403817653656006, 0.2564408779144287], [0.142112597823143, 0.06750373542308807, 0.20794884860515594, 0.0116344653069973, 0.12699806690216064, 0.08276987075805664, 0.0, 0.13948701322078705, 0.11489148437976837, 0.0, 0.08098136633634567, 0.01784556359052658, 0.0, 0.08766444027423859, 0.0, 0.185959130525589, 0.0, 0.14479777216911316, 0.0657845214009285, 0.09977223724126816, 0.0104732196778059, 0.007853735238313675, 0.0, 0.11456050723791122, 0.03250530734658241, 0.15880614519119263, 0.1697443127632141, 0.19977563619613647, 0.8027130365371704, 0.6057880520820618, 0.19519369304180145, 1.2247653007507324, 0.14442813396453857, 0.21867752075195312, 0.9705619215965271, 0.2081994116306305, 0.4598950743675232, 0.2468574196100235, 0.9939950704574585, 0.2882499694824219, 0.21327757835388184, 0.1572250872850418, 0.8186200857162476, 0.13419999182224274, 1.834211826324463, 0.8687973022460938, 0.8927894234657288, 1.2290962934494019, 0.0, 0.0674910917878151, 0.0, 0.06592881679534912, 0.0075599318370223045, 0.18362188339233398, 0.27711817622184753, 0.26264438033103943, 0.0018310283776372671, 0.0730532705783844, 0.04597344994544983, 0.0, 0.0, 0.005257781129330397, 0.12611660361289978, 0.2131872922182083, 0.09252119064331055, 0.14367906749248505, 0.1175876259803772, 0.03421584889292717, 0.03102125972509384, 0.081028513610363, 0.0, 0.14558163285255432, 0.3272770345211029, 0.0, 0.0, 0.16432182490825653, 0.0, 0.2786559760570526, 0.11770539730787277, 0.0, 0.10860659927129745, 0.00130426452960819, 0.0, 0.1395987570285797, 0.0030187470838427544, 0.05712483823299408, 0.0, 0.10113062709569931, 0.0, 0.05951158329844475, 0.034553926438093185, 0.0170866921544075, 0.10765480995178223, 0.08926175534725189, 0.12498471140861511, 0.0], [0.07562407851219177, 0.032000862061977386, 0.0, 0.3093663156032562, 0.30120962858200073, 0.29584476351737976, 0.014636054635047913, 0.0, 0.35425689816474915, 0.22127005457878113, 0.0659673884510994, 0.012350238859653473, 0.24208500981330872, 0.5500614047050476, 0.19238783419132233, 0.39354702830314636, 0.20530512928962708, 0.16200080513954163, 0.11353979259729385, 0.0, 0.10904444009065628, 0.3255451023578644, 0.0, 0.08325062692165375, 0.16396094858646393, 0.12393375486135483, 0.0, 0.031142454594373703, 0.9874390363693237, 0.33338186144828796, 0.037688981741666794, 1.0271170139312744, 0.15409085154533386, 0.170028418302536, 0.7080844640731812, 0.13566821813583374, 0.28172582387924194, 0.2490481734275818, 0.9014286994934082, 0.41297170519828796, 0.45303773880004883, 0.07328092306852341, 0.8885546326637268, 0.4373242259025574, 1.472625494003296, 0.6698423027992249, 0.9937013387680054, 0.756792426109314, 0.17637009918689728, 0.13728739321231842, 0.0, 0.08772167563438416, 0.039037156850099564, 0.018406188115477562, 0.0, 0.0, 0.10391615331172943, 0.1013384535908699, 0.0, 0.13206303119659424, 0.17853491008281708, 0.01520641427487135, 0.005613259039819241, 0.0, 0.054446231573820114, 0.0, 0.36651843786239624, 0.03157062456011772, 0.04160807281732559, 0.19587813317775726, 0.337049275636673, 0.2223789095878601, 0.0, 0.26596614718437195, 0.06449510902166367, 0.16111353039741516, 0.0, 0.0, 0.032494716346263885, 0.0, 0.0, 0.024949509650468826, 0.0, 0.0, 0.07502850145101547, 0.0430055670440197, 0.031247496604919434, 0.02182013727724552, 0.0, 0.04147940129041672, 0.15610678493976593, 0.0, 0.0, 0.012171560898423195, 0.0, 0.0]]
Time 3195.2715384960175
