Created graph
[-7.0, -5, -3.0]
[-6.0, -5, -4.0]
[-5.5, -5, -4.5]
[-4.75, -4.5, -4.25]
[-4.875, -4.75, -4.625]
[-4.9375, -4.875, -4.8125]
0.3 100 4
Score: 126.11776
Signatures: [[0.29816704988479614, 0.6155663132667542, 0.19605828821659088, 0.34834325313568115, 0.35659530758857727, 0.5586555004119873, 0.20284342765808105, 0.379109650850296, 0.16040363907814026, 0.398967981338501, 0.20179545879364014, 0.4724768400192261, 2.1716058254241943, 1.2601923942565918, 0.23991933465003967, 1.2881271839141846, 0.6308200359344482, 0.33473286032676697, 0.4833739995956421, 0.5248051285743713, 0.757473349571228, 0.3712718188762665, 0.25564268231391907, 0.8332169055938721, 0.15357008576393127, 0.4502275884151459, 0.1513894647359848, 0.5034535527229309, 5.228947639465332, 1.7122069597244263, 0.7238233685493469, 4.663145065307617, 0.7792170643806458, 0.14760105311870575, 1.1125479936599731, 0.5385217666625977, 1.3671276569366455, 0.4846852123737335, 0.0, 0.6218898296356201, 0.21316002309322357, 0.0, 0.0, 0.6803472638130188, 3.5562033653259277, 1.8150204420089722, 1.5206400156021118, 3.371904134750366, 0.002128575462847948, 0.26114606857299805, 0.17033447325229645, 0.030531112104654312, 0.06886441260576248, 0.1717795580625534, 0.070310078561306, 0.18065112829208374, 0.14778020977973938, 0.17566120624542236, 0.10359759628772736, 0.09998628497123718, 0.05029752850532532, 0.08348290622234344, 0.1528952717781067, 0.06324099749326706, 0.15722161531448364, 0.1537306308746338, 0.2513613700866699, 0.4585529565811157, 0.0051494864746928215, 0.14457455277442932, 0.21731412410736084, 0.12257716059684753, 0.0, 0.11913731694221497, 0.1136702224612236, 0.12226342409849167, 0.005304028745740652, 0.02330033667385578, 0.0, 0.0937945768237114, 0.0011697578011080623, 0.07519454509019852, 0.20853979885578156, 0.12403687834739685, 0.05634735897183418, 0.09536521136760712, 0.24864499270915985, 0.41928645968437195, 0.05458582192659378, 0.06716102361679077, 0.1288064569234848, 0.09951983392238617, 0.07352077215909958, 0.07680632919073105, 0.2731529176235199, 0.18812118470668793], [0.0, 0.0, 0.0, 0.0, 0.0, 0.0, 0.0, 0.0, 0.0, 0.0, 0.0, 0.0, 0.22842766344547272, 0.0, 0.06573318690061569, 0.0, 0.0, 0.0, 0.0, 0.0, 0.0, 0.0, 0.0, 0.0, 0.0, 0.0, 0.0, 0.0, 7.874134540557861, 2.5378074645996094, 0.4504924714565277, 9.380916595458984, 0.0, 0.004327748902142048, 0.0, 0.0, 0.0, 0.0, 0.2303742617368698, 0.0, 0.07289688289165497, 0.0, 0.1925332099199295, 0.0, 8.168047904968262, 1.7190759181976318, 1.9535338878631592, 3.232388973236084, 0.0, 0.0, 0.0, 0.0, 0.12140518426895142, 0.0, 0.0, 0.0, 0.0, 0.0, 0.0, 0.0, 0.0, 0.0, 0.0, 0.0, 0.0, 0.0, 0.04175654798746109, 0.0, 0.0, 0.07078343629837036, 0.0, 0.0, 7.816469587851316e-05, 0.0, 0.0, 0.011834684759378433, 0.055556364357471466, 0.05815692991018295, 0.010691863484680653, 0.0, 0.0, 0.0, 0.0, 0.0, 0.0, 0.0, 0.0, 0.0, 0.0, 0.0, 0.0, 0.0, 0.0, 0.0, 0.0, 0.0], [0.0, 0.0, 0.0, 0.0, 0.0, 0.0, 0.0, 0.0, 0.0, 0.0, 0.0028661973774433136, 0.0, 0.7756601572036743, 0.28599271178245544, 0.22501643002033234, 0.3505208492279053, 0.0, 0.0, 0.0, 0.0, 0.0, 0.0, 0.0, 0.0, 0.0, 0.0, 0.0, 0.0, 0.2555292248725891, 0.2098625749349594, 0.0, 3.105698347091675, 0.0, 0.0, 0.0, 0.0, 0.1502111554145813, 0.02715948410332203, 0.20194679498672485, 0.08035502582788467, 0.10693202912807465, 0.04285836219787598, 0.0, 0.0, 12.456799507141113, 2.346498966217041, 3.3246850967407227, 7.223258018493652, 0.0, 0.0, 0.04971008375287056, 0.0, 0.0, 0.0, 0.0, 0.0, 0.0, 0.0, 0.0, 0.0, 0.0, 0.0, 0.0, 0.0, 0.0, 0.0, 0.0, 0.0, 0.0, 0.0, 0.0, 0.0, 0.0, 0.0, 0.0, 0.0, 0.0, 0.0, 0.0, 0.004966346547007561, 0.0, 0.0, 0.0, 0.0, 0.0, 0.0, 0.0, 0.0, 0.0, 0.010042940266430378, 0.0, 0.0, 0.0, 0.0, 0.0, 0.0], [1.1689735651016235, 0.9760793447494507, 0.36820337176322937, 0.6824367642402649, 1.0507434606552124, 1.0570474863052368, 0.3689326047897339, 0.9851440191268921, 1.065057396888733, 1.058704137802124, 0.19809028506278992, 0.7985793352127075, 0.5375844836235046, 1.117822289466858, 0.31384411454200745, 1.1729704141616821, 0.5882267951965332, 0.5938284397125244, 0.3223930597305298, 0.6596639752388, 0.42286112904548645, 0.5583456754684448, 0.4157682955265045, 0.7713825702667236, 0.3216760754585266, 0.4398045539855957, 0.26161932945251465, 0.5291634798049927, 0.3613429069519043, 0.6302512884140015, 0.29092174768447876, 0.8658212423324585, 1.143403172492981, 1.4853477478027344, 5.766196250915527, 1.128301978111267, 1.3715242147445679, 1.336387276649475, 5.050146579742432, 1.7435224056243896, 1.8176747560501099, 2.350966215133667, 6.329297065734863, 1.533630132675171, 1.5079015493392944, 2.685668468475342, 3.4071435928344727, 1.0015058517456055, 0.34577280282974243, 0.5778024196624756, 0.4166686534881592, 0.3572640120983124, 0.17565062642097473, 0.5467056035995483, 0.7797383069992065, 0.5406641960144043, 0.1669129878282547, 0.3671703338623047, 0.35687950253486633, 0.2792024314403534, 0.31898826360702515, 0.3752020597457886, 0.2069006860256195, 0.42411288619041443, 0.819588840007782, 0.6439623832702637, 1.120859980583191, 0.9248802065849304, 0.43663644790649414, 0.8911915421485901, 0.8926334977149963, 0.9403693079948425, 1.2681105136871338, 0.5435889959335327, 0.542326807975769, 0.7105963826179504, 0.6777459383010864, 0.8265550136566162, 0.6866748929023743, 0.510322630405426, 0.20596499741077423, 0.16492502391338348, 0.3044443428516388, 0.16892297565937042, 0.193386510014534, 0.23765572905540466, 0.4983426332473755, 0.48312172293663025, 0.14372539520263672, 0.24091234803199768, 0.40191808342933655, 0.2745489776134491, 0.21340517699718475, 0.2999185025691986, 0.24864637851715088, 0.4117793142795563]]
Time 1983.6964836120605
