Created graph
[-7.0, -5, -3.0]
[-6.0, -5, -4.0]
[-5.5, -5, -4.5]
[-5.25, -5, -4.75]
[-5.125, -5, -4.875]
[-4.9375, -4.875, -4.8125]
0.1 10 3
Score: 76.83889
Signatures: [[0.11622009426355362, 0.22976833581924438, 0.05878177657723427, 0.07997515052556992, 0.10840608179569244, 0.0, 0.05224987119436264, 0.11413781344890594, 0.0, 0.02650216594338417, 0.06425068527460098, 0.10387855023145676, 1.4352909326553345, 0.6752820611000061, 0.10261700302362442, 0.7356697916984558, 0.1736253947019577, 0.1632324457168579, 0.1574895679950714, 0.14998389780521393, 0.24793578684329987, 0.04925030097365379, 0.0, 0.373271644115448, 0.09096631407737732, 0.06505173444747925, 0.05856456980109215, 0.2290315479040146, 9.413115501403809, 3.2540926933288574, 0.8189836740493774, 10.084870338439941, 0.2760167717933655, 0.058007966727018356, 0.04006172716617584, 0.09574191272258759, 0.46160688996315, 0.06515736877918243, 0.0, 0.21543507277965546, 0.18311069905757904, 0.0, 0.0, 0.2941243350505829, 5.485288143157959, 1.798009991645813, 0.7455058097839355, 1.4134454727172852, 0.0, 0.02564939297735691, 0.06393110752105713, 0.0, 0.14325889945030212, 0.001119808992370963, 0.036318957805633545, 0.10337568074464798, 0.039076391607522964, 0.02654673531651497, 0.03086315095424652, 0.037527211010456085, 0.0, 0.03777721896767616, 0.036667756736278534, 0.028697332367300987, 0.06699813902378082, 0.060923848301172256, 0.15418529510498047, 0.10639755427837372, 0.0, 0.14406132698059082, 0.01202381495386362, 0.1017904207110405, 0.0, 0.013653342612087727, 0.0, 0.1369011253118515, 0.02272632345557213, 0.07418990880250931, 0.011493587866425514, 0.0, 0.0, 0.011001757346093655, 0.03814568370580673, 0.02718362957239151, 0.021175801753997803, 0.04332252964377403, 0.004353428725153208, 0.10260435938835144, 0.028704335913062096, 0.0, 0.01972665823996067, 0.07154771685600281, 0.012247530743479729, 0.0, 0.12281985580921173, 0.0635676383972168], [0.0, 0.0, 0.0, 0.0, 0.0, 0.0, 0.0, 0.0, 0.0, 0.0, 0.0, 0.0, 0.8670383095741272, 0.1793888658285141, 0.2552202343940735, 0.32693737745285034, 0.0, 0.0, 0.0, 0.0, 0.0, 0.0, 0.0, 0.0, 0.0, 0.0, 0.0, 0.0, 2.0412518978118896, 0.5391980409622192, 0.08619765192270279, 4.589898586273193, 0.006953067146241665, 0.0, 0.1268879771232605, 0.023871295154094696, 0.3595181107521057, 0.05739026889204979, 0.21222633123397827, 0.0566195547580719, 0.012560330331325531, 0.008338610641658306, 0.0, 0.0, 14.355382919311523, 2.7635929584503174, 4.190157890319824, 8.02074909210205, 0.0, 0.0, 0.055356577038764954, 0.0, 0.0, 0.0, 0.0, 0.0, 0.0, 0.0, 0.0, 0.0, 0.0, 0.0, 0.0, 0.0, 0.0, 0.0, 0.0, 0.0, 0.0, 0.0, 0.0, 0.0, 0.0, 0.0, 0.0, 0.0, 0.0, 0.0, 0.0, 0.028642691671848297, 0.0, 0.0, 0.0, 0.0, 0.0, 0.0, 0.0, 0.0, 0.0, 0.016528496518731117, 0.0, 0.0, 0.0, 0.003663357114419341, 0.0, 0.0], [1.0763331651687622, 1.4436087608337402, 0.41012701392173767, 0.8314110040664673, 1.0642729997634888, 1.214041829109192, 0.42128387093544006, 1.0744034051895142, 1.1594853401184082, 1.085641860961914, 0.24678415060043335, 0.9504700303077698, 0.9457810521125793, 1.4480671882629395, 0.40341949462890625, 1.4265828132629395, 0.7927623391151428, 0.6460275650024414, 0.44169777631759644, 0.8047623038291931, 0.6715539693832397, 0.7926409244537354, 0.5473368167877197, 0.9732460379600525, 0.408815860748291, 0.6683892011642456, 0.29621240496635437, 0.6973928213119507, 0.5733432173728943, 0.8943597078323364, 0.42194443941116333, 1.0824320316314697, 1.399717926979065, 1.3191567659378052, 5.98209810256958, 1.3204824924468994, 1.6404998302459717, 1.4868680238723755, 5.186913013458252, 1.8974475860595703, 1.8747212886810303, 2.0855765342712402, 5.6645097732543945, 1.6779146194458008, 1.4815645217895508, 2.5911426544189453, 3.8587145805358887, 2.0837366580963135, 0.3438278138637543, 0.6190216541290283, 0.49095991253852844, 0.37400975823402405, 0.1688377410173416, 0.7037726640701294, 0.753707230091095, 0.5538440346717834, 0.20568251609802246, 0.43473681807518005, 0.40373122692108154, 0.29686325788497925, 0.3313068449497223, 0.3195280134677887, 0.2720120847225189, 0.3917997181415558, 0.8145319223403931, 0.6622605919837952, 1.1227262020111084, 1.1135659217834473, 0.41930049657821655, 0.8447937369346619, 0.9447261095046997, 0.9187068939208984, 1.056269645690918, 0.5520610809326172, 0.8810649514198303, 0.6822357177734375, 0.6012169122695923, 0.7753131985664368, 0.5659377574920654, 0.5175323486328125, 0.17629709839820862, 0.17836393415927887, 0.3029908239841461, 0.2529621422290802, 0.17437314987182617, 0.32000336050987244, 0.5931435227394104, 0.6070387959480286, 0.18297937512397766, 0.27064159512519836, 0.43152275681495667, 0.22945056855678558, 0.2377973347902298, 0.3190595805644989, 0.2957497537136078, 0.46062788367271423]]
Time 3362.412865638733
