Created graph
[-7.0, -5, -3.0]
[-6.0, -5, -4.0]
[-5.5, -5, -4.5]
[-5.25, -5, -4.75]
[-5.125, -5, -4.875]
[-4.9375, -4.875, -4.8125]
0.1 1 3
Score: 76.84363
Signatures: [[0.11614879220724106, 0.22962968051433563, 0.05873936042189598, 0.07992961257696152, 0.10835302621126175, 0.0, 0.052226994186639786, 0.11408358812332153, 0.0, 0.026499193161725998, 0.06421293318271637, 0.1038302406668663, 1.4343820810317993, 0.6748778223991394, 0.10251323878765106, 0.7351294159889221, 0.17352813482284546, 0.16312865912914276, 0.1573808640241623, 0.14989668130874634, 0.24777214229106903, 0.04921872541308403, 0.0, 0.373034805059433, 0.09091790020465851, 0.06501923501491547, 0.0585285946726799, 0.22888252139091492, 9.408296585083008, 3.252347946166992, 0.8185755014419556, 10.078960418701172, 0.2758668065071106, 0.057996444404125214, 0.0399368554353714, 0.0956939160823822, 0.4611814618110657, 0.06511198729276657, 0.0, 0.21531221270561218, 0.1830228567123413, 0.0, 0.0, 0.2939547002315521, 5.479276657104492, 1.7964290380477905, 0.7438662052154541, 1.4106920957565308, 0.0, 0.02564593032002449, 0.06387174129486084, 0.0, 0.1431611329317093, 0.0011217753635719419, 0.03631371259689331, 0.10329855233430862, 0.03905682638287544, 0.026544634252786636, 0.030849279835820198, 0.037507105618715286, 0.0, 0.03776029124855995, 0.03664861619472504, 0.02867746166884899, 0.06695687025785446, 0.060887522995471954, 0.15409404039382935, 0.10636259615421295, 0.0, 0.1439627856016159, 0.012020677328109741, 0.10171191394329071, 0.0, 0.01364197488874197, 0.0, 0.13682308793067932, 0.02271650917828083, 0.07413676381111145, 0.01148905884474516, 0.0, 0.0, 0.010994955897331238, 0.03812451660633087, 0.02716973051428795, 0.021162036806344986, 0.04329686984419823, 0.004355346783995628, 0.10253360122442245, 0.02868642471730709, 0.0, 0.019716277718544006, 0.07149594277143478, 0.01224484108388424, 0.0, 0.12274228036403656, 0.06352858245372772], [0.0, 0.0, 0.0, 0.0, 0.0, 0.0, 0.0, 0.0, 0.0, 0.0, 0.0, 0.0, 0.8662520051002502, 0.17921195924282074, 0.2550598382949829, 0.3267139792442322, 0.0, 0.0, 0.0, 0.0, 0.0, 0.0, 0.0, 0.0, 0.0, 0.0, 0.0, 0.0, 2.038024663925171, 0.5382358431816101, 0.08599294722080231, 4.585013389587402, 0.006946002133190632, 0.0, 0.12702275812625885, 0.023865826427936554, 0.35935959219932556, 0.057394251227378845, 0.21224446594715118, 0.056603845208883286, 0.01256523746997118, 0.008364202454686165, 0.0, 0.0, 14.346088409423828, 2.7617037296295166, 4.187994003295898, 8.015974998474121, 0.0, 0.0, 0.055340737104415894, 0.0, 0.0, 0.0, 0.0, 0.0, 0.0, 0.0, 0.0, 0.0, 0.0, 0.0, 0.0, 0.0, 0.0, 0.0, 0.0, 0.0, 0.0, 0.0, 0.0, 0.0, 0.0, 0.0, 0.0, 0.0, 0.0, 0.0, 0.0, 0.028635846450924873, 0.0, 0.0, 0.0, 0.0, 0.0, 0.0, 0.0, 0.0, 0.0, 0.016523590311408043, 0.0, 0.0, 0.0, 0.00366839487105608, 0.0, 0.0], [1.0759440660476685, 1.4430906772613525, 0.40998461842536926, 0.8311132788658142, 1.0638904571533203, 1.2136296033859253, 0.4211263656616211, 1.0740182399749756, 1.1591167449951172, 1.0852588415145874, 0.24668481945991516, 0.9501255750656128, 0.9454132914543152, 1.447502613067627, 0.4032699167728424, 1.4260504245758057, 0.7924695014953613, 0.6457937955856323, 0.4415406882762909, 0.804472029209137, 0.6713223457336426, 0.7923617959022522, 0.5471368432044983, 0.9728858470916748, 0.4086620807647705, 0.6681481599807739, 0.29610851407051086, 0.6971412301063538, 0.5728915929794312, 0.8939676284790039, 0.42175546288490295, 1.0818003416061401, 1.3991888761520386, 1.31866455078125, 5.980005264282227, 1.3200232982635498, 1.6398760080337524, 1.48630952835083, 5.184967041015625, 1.8967392444610596, 1.874032735824585, 2.084871530532837, 5.66248893737793, 1.677297592163086, 1.4809331893920898, 2.590158700942993, 3.857311487197876, 2.0830702781677246, 0.3437179625034332, 0.6187914609909058, 0.49076929688453674, 0.37387344241142273, 0.1687772423028946, 0.703525960445404, 0.7534279227256775, 0.5536574125289917, 0.20560461282730103, 0.43457838892936707, 0.4035853445529938, 0.296750545501709, 0.33119821548461914, 0.31940609216690063, 0.271912157535553, 0.39167118072509766, 0.8142420649528503, 0.6620325446128845, 1.1223069429397583, 1.1131428480148315, 0.4191553294658661, 0.8445129990577698, 0.9444027543067932, 0.9183995127677917, 1.0559337139129639, 0.5518761873245239, 0.8807703256607056, 0.6819952130317688, 0.60101717710495, 0.7750532031059265, 0.5657534003257751, 0.517343282699585, 0.17623160779476166, 0.1783006638288498, 0.3028806746006012, 0.25286513566970825, 0.17431293427944183, 0.319886177778244, 0.5929405093193054, 0.6068248748779297, 0.18291246891021729, 0.2705398499965668, 0.43137064576148987, 0.22936752438545227, 0.23771080374717712, 0.3189481794834137, 0.2956353425979614, 0.46045535802841187]]
Time 3294.6903347969055
