Created graph
[-7.0, -5, -3.0]
[-4.0, -3.0, -2.0]
[-4.5, -4.0, -3.5]
[-4.75, -4.5, -4.25]
[-4.625, -4.5, -4.375]
[-4.4375, -4.375, -4.3125]
1000 4 1
Score: 73.73825
Signatures: [[1.2446669340133667, 1.6111836433410645, 0.48734262585639954, 0.8949456214904785, 1.1357063055038452, 1.182968020439148, 0.40088000893592834, 0.947460949420929, 0.6477165222167969, 1.0086212158203125, 0.243682861328125, 1.1352561712265015, 1.0516481399536133, 2.175922155380249, 0.3051300048828125, 2.0076940059661865, 1.0617523193359375, 0.9217860102653503, 0.7814796566963196, 1.255547046661377, 1.1192445755004883, 1.0031388998031616, 0.40492042899131775, 1.6915514469146729, 0.5385006070137024, 0.9176289439201355, 0.4436120092868805, 1.242844820022583, 3.1959991455078125, 2.6139819622039795, 0.5945029854774475, 5.066213130950928, 1.2967764139175415, 0.945021390914917, 0.7100462913513184, 0.8946250081062317, 1.4151434898376465, 0.9062193632125854, 0.22276470065116882, 1.5684294700622559, 0.9668149948120117, 0.2756187319755554, 0.0, 1.3733326196670532, 1.683988094329834, 2.9683518409729004, 1.2005293369293213, 0.6872392296791077, 0.22740821540355682, 0.43835097551345825, 0.3527238965034485, 0.1644916832447052, 0.30864670872688293, 0.6812634468078613, 0.7762141823768616, 0.8206764459609985, 0.25808897614479065, 0.34404975175857544, 0.367744505405426, 0.3235810101032257, 0.21358931064605713, 0.29538288712501526, 0.27491629123687744, 0.4257202446460724, 0.5423812866210938, 0.5668042898178101, 0.6533033847808838, 0.9269296526908875, 0.2565321922302246, 0.5778471827507019, 0.7286717295646667, 0.8344060182571411, 0.1409408003091812, 0.40000003576278687, 0.0, 0.7108399271965027, 0.19856643676757812, 0.4637342095375061, 0.09548281133174896, 0.25600823760032654, 0.09529025107622147, 0.23610609769821167, 0.42306604981422424, 0.2649424076080322, 0.16920106112957, 0.36184239387512207, 0.600726306438446, 0.6883307695388794, 0.1984238177537918, 0.3007678687572479, 0.41015803813934326, 0.3202609121799469, 0.2421640157699585, 0.20177173614501953, 0.45438891649246216, 0.4425526559352875], [0.5758563280105591, 0.817966103553772, 0.21233752369880676, 0.4815925657749176, 0.6313401460647583, 0.7115551233291626, 0.2728816866874695, 0.7378832697868347, 0.9574110507965088, 0.677931010723114, 0.16706009209156036, 0.4915209114551544, 0.6874735951423645, 0.6683831214904785, 0.30146312713623047, 0.6873627305030823, 0.38150259852409363, 0.3152720630168915, 0.1368449181318283, 0.290863960981369, 0.21458426117897034, 0.3517213761806488, 0.39435049891471863, 0.332943856716156, 0.20500269532203674, 0.2640892267227173, 0.1150396317243576, 0.21546991169452667, 0.007064015604555607, 0.06889291107654572, 0.2606811225414276, 0.0, 0.9607695937156677, 0.9840766191482544, 6.461099147796631, 1.0353927612304688, 1.1991641521453857, 1.2115793228149414, 5.686565399169922, 1.3619933128356934, 1.6641287803649902, 2.209855794906616, 6.417204856872559, 1.2762742042541504, 1.093401312828064, 1.579450011253357, 3.613468647003174, 1.9424108266830444, 0.2562245726585388, 0.46830520033836365, 0.378822386264801, 0.33276721835136414, 0.05835361406207085, 0.41664451360702515, 0.4274609088897705, 0.2278093844652176, 0.10578479617834091, 0.313770592212677, 0.2584168016910553, 0.17193295061588287, 0.25162652134895325, 0.21438920497894287, 0.17058216035366058, 0.20598752796649933, 0.6539536118507385, 0.448026180267334, 0.9726830720901489, 0.8005661368370056, 0.34013479948043823, 0.7176283597946167, 0.6464127898216248, 0.6236093640327454, 1.1447970867156982, 0.4025152623653412, 1.0099294185638428, 0.4256700277328491, 0.5906795263290405, 0.6736626625061035, 0.6003212928771973, 0.44879743456840515, 0.14682595431804657, 0.07393479347229004, 0.13023492693901062, 0.15216803550720215, 0.11498134583234787, 0.17983156442642212, 0.34652552008628845, 0.3486349582672119, 0.11226440221071243, 0.15070182085037231, 0.27046024799346924, 0.11414644122123718, 0.13964693248271942, 0.24273543059825897, 0.14764566719532013, 0.3071577548980713], [0.0, 0.0, 0.0, 0.0, 0.0, 0.0, 0.0, 0.0, 0.0, 0.0, 0.013497788459062576, 0.0, 0.9482704401016235, 0.43854066729545593, 0.2838950455188751, 0.5809863209724426, 0.0, 0.0, 0.0, 0.0, 0.0, 0.0, 0.0, 0.0, 0.0018320523668080568, 0.0, 0.0, 0.0, 1.9955617189407349, 0.8709465265274048, 0.08084529638290405, 5.122621059417725, 0.07069452106952667, 0.0, 0.0, 0.02049785852432251, 0.5182979106903076, 0.06307940185070038, 0.11709105968475342, 0.09591490030288696, 0.06807225942611694, 0.027914755046367645, 0.0, 0.01871092990040779, 15.139214515686035, 3.4114601612091064, 4.423761367797852, 8.062854766845703, 0.0, 0.0, 0.07845183461904526, 0.0, 0.0, 0.0, 0.0, 0.0, 0.0, 0.0, 0.0, 0.0, 0.0, 0.0, 0.0, 0.0, 0.0, 0.0, 0.0, 0.0, 0.0, 0.0, 0.0, 0.0, 0.0, 0.0, 0.0, 0.0, 0.0, 0.0, 0.0, 0.020931338891386986, 0.0, 0.0, 0.0, 0.0, 0.0, 0.0, 0.0, 0.0, 0.0, 0.0, 0.0, 0.0, 0.0, 0.0, 0.0, 0.0], [0.0, 0.0, 0.0, 0.0, 0.0, 0.0, 0.0, 0.0, 0.0, 0.0, 0.0, 0.0, 1.370498538017273, 0.0, 0.05750837177038193, 0.07368111610412598, 0.0, 0.0, 0.0, 0.0, 0.0, 0.0, 0.0, 0.0, 0.0, 0.0, 0.0, 0.0, 9.702343940734863, 2.5512568950653076, 0.7773352265357971, 9.60014533996582, 0.0, 0.0, 0.4585508704185486, 0.0, 0.09072978794574738, 0.0, 0.40965545177459717, 0.0, 0.0, 0.0, 0.44915154576301575, 0.0, 6.648972511291504, 0.9418321251869202, 1.1088201999664307, 2.605921983718872, 0.0, 0.0, 0.0, 0.0, 0.061361175030469894, 0.0, 0.0, 0.0, 0.0, 0.0, 0.0, 0.0, 0.0, 0.0, 0.0, 0.0, 0.0, 0.0, 0.04285714775323868, 0.0, 0.0, 0.024666713550686836, 0.0, 0.0, 0.0, 0.0, 0.032498329877853394, 0.0, 0.009192834608256817, 0.0, 0.022271810099482536, 0.0, 0.0, 0.0, 0.0, 0.0, 0.0, 0.0, 0.0, 0.0, 0.0, 0.0, 0.0, 0.0, 0.0, 0.0, 0.0, 0.0]]
Time 1317.2913184165955
