Created graph
[-7.0, -5, -3.0]
[-6.0, -5, -4.0]
[-4.5, -4.0, -3.5]
[-4.75, -4.5, -4.25]
[-4.625, -4.5, -4.375]
[-4.4375, -4.375, -4.3125]
10 3 1
Score: 77.224304
Signatures: [[0.12437695264816284, 0.23680895566940308, 0.06094801798462868, 0.08573713898658752, 0.11498194187879562, 0.0, 0.05553489923477173, 0.12077272683382034, 0.0, 0.03411661833524704, 0.06547395139932632, 0.11142347753047943, 1.4380836486816406, 0.6754631996154785, 0.10047212243080139, 0.7266461849212646, 0.17997834086418152, 0.16729947924613953, 0.159292533993721, 0.1571306586265564, 0.25103363394737244, 0.05610964819788933, 0.0, 0.37975025177001953, 0.09381332993507385, 0.07128185033798218, 0.060920827090740204, 0.23294593393802643, 9.483664512634277, 3.2554233074188232, 0.8227248191833496, 10.151826858520508, 0.28241559863090515, 0.06614416837692261, 0.036129504442214966, 0.10172553360462189, 0.4524061977863312, 0.06763114780187607, 0.0, 0.21490566432476044, 0.19028940796852112, 0.0, 0.0, 0.30370038747787476, 5.466452598571777, 1.7698009014129639, 0.6709273457527161, 1.3868180513381958, 0.0, 0.029985664412379265, 0.06162915751338005, 0.0, 0.1434081792831421, 0.004060028586536646, 0.04259117320179939, 0.10710770636796951, 0.04038215056061745, 0.03076714649796486, 0.03364073112607002, 0.039279814809560776, 0.0, 0.040021687746047974, 0.03936702013015747, 0.030811309814453125, 0.07081740349531174, 0.0644150972366333, 0.15795016288757324, 0.11610369384288788, 0.0, 0.14691516757011414, 0.016330590471625328, 0.10656082630157471, 0.0, 0.015901239588856697, 0.0, 0.14202247560024261, 0.025396214798092842, 0.07699450850486755, 0.01417988259345293, 0.0, 0.0, 0.012570168823003769, 0.040463127195835114, 0.029290787875652313, 0.02203083597123623, 0.04484664648771286, 0.007895800285041332, 0.10576609522104263, 0.03020457737147808, 0.0, 0.02277689427137375, 0.07200226932764053, 0.014518823474645615, 0.0, 0.12456297874450684, 0.06601906567811966], [0.0, 0.0, 0.0, 0.0, 0.0, 0.0, 0.0, 0.0, 0.0, 0.0, 0.0, 0.0, 0.8661828637123108, 0.18903745710849762, 0.2602545917034149, 0.34437447786331177, 0.0, 0.0, 0.0, 0.0, 0.0, 0.0, 0.0, 0.0, 0.0, 0.0, 0.0, 0.0, 1.9605262279510498, 0.5309090614318848, 0.08476199954748154, 4.506508827209473, 0.011944605968892574, 0.0, 0.17072053253650665, 0.02809349074959755, 0.3801412880420685, 0.06830985844135284, 0.25159066915512085, 0.07116565108299255, 0.020293107256293297, 0.018893834203481674, 0.0, 0.0, 14.37843132019043, 2.8032171726226807, 4.293807506561279, 8.056530952453613, 0.0, 0.0, 0.060987796634435654, 0.0, 0.0, 0.0, 0.0, 0.0, 0.0, 0.0, 0.0, 0.0, 0.0, 0.0, 0.0, 0.0, 0.0, 0.0, 0.0, 0.0, 0.0, 0.0, 0.0, 0.0, 0.0, 0.0, 0.0, 0.0, 0.0, 0.0, 0.0, 0.03250608220696449, 0.0, 0.0, 0.0, 0.0, 0.0, 0.0, 0.0, 0.0, 0.0, 0.01871260069310665, 0.0, 0.0, 0.0, 0.005832895636558533, 0.0, 0.0], [1.0757726430892944, 1.4426926374435425, 0.4104509949684143, 0.8311057686805725, 1.0644668340682983, 1.2202141284942627, 0.42070654034614563, 1.074445366859436, 1.1675212383270264, 1.0867533683776855, 0.24652574956417084, 0.9490746855735779, 0.9317659139633179, 1.4414050579071045, 0.40022772550582886, 1.417999267578125, 0.7911784648895264, 0.6465967893600464, 0.44189196825027466, 0.8041017651557922, 0.6719804406166077, 0.7929542064666748, 0.549243152141571, 0.9725154638290405, 0.4080287516117096, 0.666766881942749, 0.29584938287734985, 0.6973978877067566, 0.516925036907196, 0.8763288855552673, 0.4158882796764374, 0.9847427606582642, 1.3960859775543213, 1.3193141222000122, 5.994776725769043, 1.320851445198059, 1.6337182521820068, 1.484484076499939, 5.186840057373047, 1.894657015800476, 1.8747191429138184, 2.092622756958008, 5.691306114196777, 1.677627444267273, 1.310250163078308, 2.555748224258423, 3.811681032180786, 2.005993127822876, 0.34637168049812317, 0.6192780137062073, 0.4896366596221924, 0.37533578276634216, 0.16887272894382477, 0.7055034041404724, 0.7534705400466919, 0.5550709962844849, 0.20504671335220337, 0.4342501163482666, 0.40327706933021545, 0.2967609763145447, 0.3330628275871277, 0.31920289993286133, 0.27155861258506775, 0.39298373460769653, 0.8160445690155029, 0.6641754508018494, 1.1252559423446655, 1.1134843826293945, 0.421636164188385, 0.8475455641746521, 0.9471680521965027, 0.9207146763801575, 1.063178539276123, 0.5534764528274536, 0.8868725299835205, 0.6825076341629028, 0.6034847497940063, 0.7785906791687012, 0.5689705610275269, 0.517358124256134, 0.17694590985774994, 0.1784118413925171, 0.30279287695884705, 0.25292134284973145, 0.1745116114616394, 0.32060545682907104, 0.5950005650520325, 0.6082711219787598, 0.18311895430088043, 0.2700902819633484, 0.431723028421402, 0.22982555627822876, 0.23784177005290985, 0.3196045160293579, 0.2952861189842224, 0.46132227778434753]]
Time 1335.5487592220306
