Created graph
[-7.0, -5, -3.0]
[-6.0, -5, -4.0]
[-4.5, -4.0, -3.5]
[-4.75, -4.5, -4.25]
[-4.625, -4.5, -4.375]
[-4.4375, -4.375, -4.3125]
1 3 1
Score: 77.22977
Signatures: [[0.12429354339838028, 0.23665288090705872, 0.060899924486875534, 0.08568237721920013, 0.11491905897855759, 0.0, 0.05550725385546684, 0.12070728838443756, 0.0, 0.034109506756067276, 0.06543195247650146, 0.1113651767373085, 1.4370890855789185, 0.6750216484069824, 0.10035766661167145, 0.7260789275169373, 0.1798660010099411, 0.16718149185180664, 0.15917238593101501, 0.15702775120735168, 0.25085151195526123, 0.056067805737257004, 0.0, 0.37948599457740784, 0.09375841170549393, 0.07124108821153641, 0.0608794130384922, 0.2327791005373001, 9.478245735168457, 3.253490686416626, 0.8222657442092896, 10.145273208618164, 0.28224486112594604, 0.06612876057624817, 0.035956207662820816, 0.10166265070438385, 0.4519621431827545, 0.0675746351480484, 0.0, 0.2147640585899353, 0.19017855823040009, 0.0, 0.0, 0.3035111129283905, 5.459955215454102, 1.7680970430374146, 0.6692249178886414, 1.3839010000228882, 0.0, 0.02997996285557747, 0.061566293239593506, 0.0, 0.14330095052719116, 0.004063962493091822, 0.0425812266767025, 0.10701872408390045, 0.04036026820540428, 0.030762875452637672, 0.03362436592578888, 0.03925671428442001, 0.0, 0.04000160098075867, 0.0393461212515831, 0.030787454918026924, 0.07077004015445709, 0.06437300890684128, 0.1578522026538849, 0.11605840921401978, 0.0, 0.1468043327331543, 0.016326500102877617, 0.10647211223840714, 0.0, 0.015887901186943054, 0.0, 0.14193370938301086, 0.02538442797958851, 0.07693495601415634, 0.014172928407788277, 0.0, 0.0, 0.01256127841770649, 0.04043823480606079, 0.029272979125380516, 0.02201518788933754, 0.044818222522735596, 0.007898051291704178, 0.10568635165691376, 0.030183738097548485, 0.0, 0.022763771936297417, 0.07194576412439346, 0.014514829032123089, 0.0, 0.12447723001241684, 0.06597438454627991], [0.0, 0.0, 0.0, 0.0, 0.0, 0.0, 0.0, 0.0, 0.0, 0.0, 0.0, 0.0, 0.8653306365013123, 0.18883857131004333, 0.2600772976875305, 0.34411105513572693, 0.0, 0.0, 0.0, 0.0, 0.0, 0.0, 0.0, 0.0, 0.0, 0.0, 0.0, 0.0, 1.9571467638015747, 0.5298981070518494, 0.08454816788434982, 4.501301288604736, 0.011937634088099003, 0.0, 0.1708754003047943, 0.028090350329875946, 0.37994077801704407, 0.0683116465806961, 0.25158190727233887, 0.07114490866661072, 0.020301712676882744, 0.018927862867712975, 0.0, 0.0, 14.368182182312012, 2.801116943359375, 4.291330814361572, 8.051199913024902, 0.0, 0.0, 0.06096667796373367, 0.0, 0.0, 0.0, 0.0, 0.0, 0.0, 0.0, 0.0, 0.0, 0.0, 0.0, 0.0, 0.0, 0.0, 0.0, 0.0, 0.0, 0.0, 0.0, 0.0, 0.0, 0.0, 0.0, 0.0, 0.0, 0.0, 0.0, 0.0, 0.03249644860625267, 0.0, 0.0, 0.0, 0.0, 0.0, 0.0, 0.0, 0.0, 0.0, 0.018706336617469788, 0.0, 0.0, 0.0, 0.005838144104927778, 0.0, 0.0], [1.075347900390625, 1.4421253204345703, 0.41029611229896545, 0.8307826519012451, 1.0640510320663452, 1.2197632789611816, 0.42053520679473877, 1.0740277767181396, 1.167117714881897, 1.0863324403762817, 0.24641843140125275, 0.9486990571022034, 0.9313783645629883, 1.440798282623291, 0.40006837248802185, 1.4174221754074097, 0.7908622026443481, 0.6463435888290405, 0.4417223632335663, 0.8037875294685364, 0.6717311143875122, 0.7926521897315979, 0.5490236878395081, 0.9721266031265259, 0.4078616797924042, 0.6665045619010925, 0.2957369387149811, 0.697124183177948, 0.5165127515792847, 0.8759254217147827, 0.4156893789768219, 0.9841687679290771, 1.3955100774765015, 1.3187763690948486, 5.992488384246826, 1.3203550577163696, 1.6330466270446777, 1.4838776588439941, 5.184719562530518, 1.8938895463943481, 1.873970866203308, 2.0918474197387695, 5.689099311828613, 1.6769555807113647, 1.3097590208053589, 2.554718017578125, 3.8101916313171387, 2.0053482055664062, 0.346250981092453, 0.6190270781517029, 0.4894300401210785, 0.3751869797706604, 0.16880902647972107, 0.705233097076416, 0.753165066242218, 0.5548692941665649, 0.20496171712875366, 0.4340761601924896, 0.4031180739402771, 0.29663872718811035, 0.33294448256492615, 0.3190701901912689, 0.27144843339920044, 0.39284512400627136, 0.8157303929328918, 0.6639280915260315, 1.1247978210449219, 1.1130236387252808, 0.42147764563560486, 0.8472426533699036, 0.9468160271644592, 0.9203809499740601, 1.0628106594085693, 0.5532745718955994, 0.8865516185760498, 0.6822466254234314, 0.6032668352127075, 0.7783086895942688, 0.568770170211792, 0.5171521306037903, 0.17687419056892395, 0.17834344506263733, 0.30267274379730225, 0.25281670689582825, 0.17444603145122528, 0.3204768896102905, 0.5947763919830322, 0.6080386638641357, 0.1830463707447052, 0.2699795365333557, 0.43155598640441895, 0.2297363579273224, 0.23774780333042145, 0.3194819390773773, 0.29516202211380005, 0.4611343443393707]]
Time 1339.0404226779938
