Created graph
[-7.0, -5, -3.0]
[-4.0, -3.0, -2.0]
[-4.5, -4.0, -3.5]
[-4.75, -4.5, -4.25]
[-4.375, -4.25, -4.125]
[-4.4375, -4.375, -4.3125]
5000 4 1
Score: 72.85258
Signatures: [[1.345013976097107, 1.735137701034546, 0.5424830317497253, 0.9537712931632996, 1.2319263219833374, 1.2790981531143188, 0.4476279616355896, 1.0317518711090088, 0.7099400162696838, 1.0998125076293945, 0.281603068113327, 1.2646257877349854, 1.306792974472046, 2.410033941268921, 0.31870242953300476, 2.174743890762329, 1.1685415506362915, 0.9744987487792969, 0.8649184703826904, 1.3676915168762207, 1.2078441381454468, 1.085800051689148, 0.4428415596485138, 1.8426672220230103, 0.564341127872467, 1.0182609558105469, 0.487347275018692, 1.340776801109314, 4.269998073577881, 3.0277273654937744, 0.687450647354126, 6.1373186111450195, 1.4540159702301025, 1.0475798845291138, 1.244504451751709, 1.00458824634552, 1.5947388410568237, 1.0038702487945557, 0.4835352599620819, 1.7549952268600464, 1.1016697883605957, 0.31399962306022644, 0.15628349781036377, 1.5181941986083984, 2.4480018615722656, 3.341806411743164, 1.5861774682998657, 1.0209379196166992, 0.25803306698799133, 0.4744320511817932, 0.40401846170425415, 0.182054340839386, 0.3257863223552704, 0.7173082232475281, 0.8287174105644226, 0.8873041868209839, 0.2786683738231659, 0.36218196153640747, 0.38987162709236145, 0.3650195598602295, 0.24449501931667328, 0.3226701021194458, 0.29045501351356506, 0.4775284230709076, 0.6171159148216248, 0.6065783500671387, 0.7080371975898743, 1.0164973735809326, 0.28652697801589966, 0.6482719779014587, 0.8125463128089905, 0.9376440644264221, 0.17937372624874115, 0.47835734486579895, 0.0, 0.7990215420722961, 0.23251274228096008, 0.47197166085243225, 0.08706249296665192, 0.27155259251594543, 0.10762546211481094, 0.25939667224884033, 0.4623681306838989, 0.2966524362564087, 0.1821196973323822, 0.4111093580722809, 0.6286165118217468, 0.7535301446914673, 0.2097851186990738, 0.3130665719509125, 0.4421127438545227, 0.35637354850769043, 0.27512243390083313, 0.25013411045074463, 0.4678736627101898, 0.5047483444213867], [0.7088980078697205, 1.0059669017791748, 0.2545689642429352, 0.5882748961448669, 0.7546446323394775, 0.8459099531173706, 0.31938841938972473, 0.8651953935623169, 1.0716229677200317, 0.7973878383636475, 0.19571004807949066, 0.5838398337364197, 0.7572146058082581, 0.8516623973846436, 0.36325231194496155, 0.8796916007995605, 0.4707089960575104, 0.4065301716327667, 0.1856565773487091, 0.38039207458496094, 0.30992671847343445, 0.4457125961780548, 0.459860622882843, 0.46151795983314514, 0.2669278085231781, 0.32986751198768616, 0.14587312936782837, 0.3088546395301819, 0.0, 0.1418561041355133, 0.31251710653305054, 0.0, 1.1269952058792114, 1.1361209154129028, 6.941811561584473, 1.1720249652862549, 1.4017857313156128, 1.3966116905212402, 6.275585174560547, 1.5832005739212036, 1.8797345161437988, 2.4418387413024902, 7.0416693687438965, 1.4759243726730347, 1.2228374481201172, 1.908968210220337, 4.053214073181152, 2.1607611179351807, 0.2839418053627014, 0.5444473028182983, 0.44005537033081055, 0.3767957091331482, 0.08256285637617111, 0.5071006417274475, 0.5257928371429443, 0.29197874665260315, 0.13283489644527435, 0.3708036541938782, 0.3124569356441498, 0.2024916708469391, 0.2796117663383484, 0.25391605496406555, 0.20979152619838715, 0.24027134478092194, 0.7379131317138672, 0.5323054194450378, 1.1179622411727905, 0.9367201328277588, 0.38344526290893555, 0.8015692234039307, 0.7423321604728699, 0.7110921144485474, 1.23929762840271, 0.4391929805278778, 1.1090658903121948, 0.4941630959510803, 0.6478123664855957, 0.7685863971710205, 0.6661942005157471, 0.5170296430587769, 0.16707034409046173, 0.09281107783317566, 0.1633749008178711, 0.17977085709571838, 0.13581687211990356, 0.21128259599208832, 0.4228471517562866, 0.42103368043899536, 0.1378558874130249, 0.19017313420772552, 0.3216609060764313, 0.14073272049427032, 0.1602099984884262, 0.25974205136299133, 0.19748936593532562, 0.35398516058921814], [0.0, 0.0, 0.0, 0.0, 0.0, 0.0, 0.0, 0.0, 0.0, 0.0, 0.011486576870083809, 0.0, 1.2717113494873047, 0.539758563041687, 0.3152941167354584, 0.6439029574394226, 0.0, 0.0, 0.0, 0.0, 0.0, 0.0, 0.0, 0.0, 0.004744410049170256, 0.0, 0.0, 0.0, 3.2223892211914062, 1.2105305194854736, 0.13603325188159943, 6.925124645233154, 0.06980933248996735, 0.0, 0.0, 0.012125169858336449, 0.5472323894500732, 0.052140865474939346, 0.11029757559299469, 0.0892665833234787, 0.047888949513435364, 0.0010273242369294167, 0.0, 0.004945834167301655, 18.486276626586914, 4.021446704864502, 5.1744914054870605, 9.667139053344727, 0.0, 0.0, 0.08416376262903214, 0.0, 0.0, 0.0, 0.0, 0.0, 0.0, 0.0, 0.0, 0.0, 0.0, 0.0, 0.0, 0.0, 0.0, 0.0, 0.0, 0.0, 0.0, 0.0, 0.0, 0.0, 0.0, 0.0, 0.0, 0.0, 0.0, 0.0, 0.0, 0.019352015107870102, 0.0, 0.0, 0.0, 0.0, 0.0, 0.0, 0.0, 0.0, 0.0, 0.0005758518818765879, 0.0, 0.0, 0.0, 0.0, 0.0, 0.0], [0.0, 0.0, 0.0, 0.0, 0.0, 0.0, 0.0, 0.0, 0.0, 0.0, 0.0, 0.0, 1.5914944410324097, 0.0, 0.12369430065155029, 0.22259743511676788, 0.0, 0.0, 0.0, 0.0, 0.0, 0.0, 0.0, 0.0, 0.0, 0.0, 0.0, 0.0, 11.070481300354004, 3.077399492263794, 0.9246145486831665, 11.498148918151855, 0.0, 0.0, 0.3293531537055969, 0.0, 0.2152824103832245, 0.0, 0.34702011942863464, 0.0, 0.005781398620456457, 0.0, 0.3726663887500763, 0.003242256585508585, 8.792577743530273, 1.5044217109680176, 1.6612499952316284, 3.7475528717041016, 0.0, 0.0, 0.0, 0.0, 0.08879898488521576, 0.0, 0.0, 0.0, 0.0, 0.0, 0.0, 0.0, 0.0, 0.0, 0.0, 0.0, 0.0, 0.0, 0.05740920826792717, 0.0, 0.0, 0.03001856990158558, 0.0, 0.0, 0.0, 0.0, 0.03697634115815163, 0.0, 0.0062925731763243675, 0.008171295747160912, 0.03196605667471886, 0.0, 0.0, 0.0, 0.0, 0.0, 0.0, 0.0, 0.0, 0.0, 0.0, 0.0, 0.0, 0.0, 0.0, 0.0, 0.007524043787270784, 0.0]]
Time 1327.5116746425629
