Created graph
[-7.0, -5, -3.0]
[-4.0, -3.0, -2.0]
[-4.5, -4.0, -3.5]
[-4.75, -4.5, -4.25]
[-4.375, -4.25, -4.125]
[-4.4375, -4.375, -4.3125]
5000 3 1
Score: 74.97907
Signatures: [[0.13589534163475037, 0.2735137641429901, 0.07269870489835739, 0.09112544357776642, 0.12104541063308716, 0.0, 0.058775730431079865, 0.12864971160888672, 0.0, 0.019246114417910576, 0.07887756824493408, 0.11672636866569519, 1.8520474433898926, 0.8377653956413269, 0.14562678337097168, 0.9710627198219299, 0.20982804894447327, 0.2003455013036728, 0.19987396895885468, 0.17926208674907684, 0.3142961859703064, 0.053108103573322296, 0.0, 0.4676602780818939, 0.10980134457349777, 0.07134226709604263, 0.0711664929986, 0.28512683510780334, 11.663951873779297, 4.05894660949707, 1.0024518966674805, 12.888657569885254, 0.3324800431728363, 0.05343747138977051, 0.050438012927770615, 0.11217863857746124, 0.6398457884788513, 0.07351479679346085, 0.0, 0.2536819875240326, 0.21542038023471832, 0.0, 0.0, 0.3576541841030121, 8.332448959350586, 2.5002503395080566, 1.474997878074646, 2.697432518005371, 0.0, 0.022743692621588707, 0.08686401695013046, 0.0, 0.1843063086271286, 0.0, 0.031621940433979034, 0.12965519726276398, 0.04499703273177147, 0.025247404351830482, 0.033108439296483994, 0.042607489973306656, 0.0, 0.04216361045837402, 0.04312726855278015, 0.03263324499130249, 0.08000588417053223, 0.07072450965642929, 0.18697577714920044, 0.11572717875242233, 0.0, 0.18079613149166107, 0.006963202264159918, 0.1259154975414276, 0.0, 0.013715142384171486, 0.0, 0.1679600030183792, 0.025265241041779518, 0.08985011279582977, 0.010487457737326622, 0.0, 0.0, 0.011631524190306664, 0.042247552424669266, 0.02986132726073265, 0.024917341768741608, 0.050700683146715164, 0.0004203716234769672, 0.12598645687103271, 0.034544918686151505, 0.0, 0.020528553053736687, 0.09014537185430527, 0.011809680610895157, 0.0, 0.1546430140733719, 0.07559426128864288], [0.0, 0.0, 0.0, 0.0, 0.0, 0.0, 0.0, 0.0, 0.0, 0.0, 0.0, 0.0, 1.2240458726882935, 0.26824596524238586, 0.3323615491390228, 0.4270275831222534, 0.0, 0.0, 0.0, 0.0, 0.0, 0.0, 0.0, 0.0, 0.0, 0.0, 0.0, 0.0, 3.440434694290161, 0.9618425369262695, 0.1767520308494568, 6.741776466369629, 0.01078779436647892, 0.0, 0.07955656945705414, 0.0245575662702322, 0.4365190863609314, 0.060168422758579254, 0.185906782746315, 0.06819255650043488, 0.007466224953532219, 5.619606235995889e-05, 0.0, 0.0, 18.591341018676758, 3.6531858444213867, 5.198803901672363, 10.241056442260742, 0.0, 0.0, 0.06293999403715134, 0.0, 0.0, 0.0, 0.0, 0.0, 0.0, 0.0, 0.0, 0.0, 0.0, 0.0, 0.0, 0.0, 0.0, 0.0, 0.0, 0.0, 0.0, 0.0, 0.0, 0.0, 0.0, 0.0, 0.0, 0.0, 0.0, 0.0, 0.0, 0.030407533049583435, 0.0, 0.0, 0.0, 0.0, 0.0, 0.0, 0.0, 0.0, 0.0, 0.01890164613723755, 0.0, 0.0, 0.0, 0.0014643971808254719, 0.0, 0.0], [1.2687259912490845, 1.7002971172332764, 0.4811500012874603, 0.9779543876647949, 1.25218665599823, 1.4132275581359863, 0.4981327950954437, 1.26315176486969, 1.3376948833465576, 1.2724990844726562, 0.2953793406486511, 1.1190478801727295, 1.1346989870071411, 1.7279387712478638, 0.4757683277130127, 1.6922613382339478, 0.9361926317214966, 0.7632752060890198, 0.5212984085083008, 0.9494118690490723, 0.7879520058631897, 0.92936110496521, 0.6437730193138123, 1.1531720161437988, 0.48357585072517395, 0.7868031859397888, 0.34764885902404785, 0.8244025707244873, 0.8639898300170898, 1.1106982231140137, 0.5195479989051819, 1.4694795608520508, 1.6571049690246582, 1.5576372146606445, 6.987917900085449, 1.5420500040054321, 1.9465056657791138, 1.7546305656433105, 6.11817741394043, 2.2400741577148438, 2.2076854705810547, 2.4214320182800293, 6.634316921234131, 1.9788668155670166, 1.8363655805587769, 3.0806992053985596, 4.541967868804932, 2.4201409816741943, 0.39686983823776245, 0.7308160662651062, 0.5833102464675903, 0.4396341145038605, 0.20059052109718323, 0.8224934339523315, 0.8898734450340271, 0.6485100388526917, 0.2438897043466568, 0.5111203789710999, 0.47487348318099976, 0.3524206876754761, 0.3837072551250458, 0.37912896275520325, 0.3205202519893646, 0.4560300409793854, 0.9552472829818726, 0.7749574184417725, 1.3273558616638184, 1.319032907485962, 0.48924049735069275, 0.9834743738174438, 1.101759910583496, 1.0715712308883667, 1.2177865505218506, 0.6425756812095642, 1.022305965423584, 0.7999086976051331, 0.6974805593490601, 0.9039856195449829, 0.6555744409561157, 0.607849657535553, 0.20798012614250183, 0.20940332114696503, 0.35806596279144287, 0.301495224237442, 0.20443135499954224, 0.37826699018478394, 0.6916916370391846, 0.7143636345863342, 0.21629570424556732, 0.3192986249923706, 0.5057095289230347, 0.2716366648674011, 0.2799294590950012, 0.3723069429397583, 0.352679967880249, 0.5461710095405579]]
Time 1316.7573041915894
