Created graph
[-7.0, -5, -3.0]
[-4.0, -3.0, -2.0]
[-4.5, -4.0, -3.5]
[-4.75, -4.5, -4.25]
[-4.625, -4.5, -4.375]
[-4.4375, -4.375, -4.3125]
100 3 1
Score: 77.16154
Signatures: [[0.12525789439678192, 0.23843146860599518, 0.06143700331449509, 0.08631342649459839, 0.11565426737070084, 0.0, 0.05581292882561684, 0.12144549190998077, 0.0, 0.03422889485955238, 0.06589974462985992, 0.1120479628443718, 1.4479798078536987, 0.6799050569534302, 0.10160035640001297, 0.7325531244277954, 0.181123286485672, 0.1684885025024414, 0.1605142503976822, 0.1581786870956421, 0.25286561250686646, 0.056553203612565994, 0.0, 0.38241326808929443, 0.0943826362490654, 0.07171430438756943, 0.06134094297885895, 0.23463580012321472, 9.536736488342285, 3.274695634841919, 0.8272622227668762, 10.216445922851562, 0.28416284918785095, 0.06635484099388123, 0.03790430724620819, 0.10234823077917099, 0.45695361495018005, 0.06824512779712677, 0.0, 0.21641196310520172, 0.19141095876693726, 0.0, 0.0, 0.30563056468963623, 5.529809474945068, 1.7865501642227173, 0.6877623200416565, 1.4154318571090698, 0.0, 0.030063118785619736, 0.06230079382658005, 0.0, 0.1444859504699707, 0.004045289009809494, 0.042725153267383575, 0.10800410807132721, 0.04061485081911087, 0.03082267753779888, 0.03381802514195442, 0.03951859101653099, 0.0, 0.04022957384586334, 0.0395871102809906, 0.031049760058522224, 0.0712999552488327, 0.06484489887952805, 0.15897242724895477, 0.11659764498472214, 0.0, 0.1480102688074112, 0.0163943599909544, 0.10747644305229187, 0.0, 0.01603926718235016, 0.0, 0.1429269164800644, 0.02551449090242386, 0.0775870755314827, 0.01424136571586132, 0.0, 0.0, 0.01266829390078783, 0.040720339864492416, 0.02946867235004902, 0.02218790538609028, 0.04513949155807495, 0.007892146706581116, 0.10657087713479996, 0.030414210632443428, 0.0, 0.022927192971110344, 0.07257407158613205, 0.014564663171768188, 0.0, 0.12542296946048737, 0.06647995859384537], [0.0, 0.0, 0.0, 0.0, 0.0, 0.0, 0.0, 0.0, 0.0, 0.0, 0.0, 0.0, 0.8745297193527222, 0.19095486402511597, 0.2619791626930237, 0.34677499532699585, 0.0, 0.0, 0.0, 0.0, 0.0, 0.0, 0.0, 0.0, 0.0, 0.0, 0.0, 0.0, 1.9938410520553589, 0.5407757759094238, 0.08686622977256775, 4.55777645111084, 0.012006448581814766, 0.0, 0.169186532497406, 0.02812817133963108, 0.3819904327392578, 0.06828426569700241, 0.2517128586769104, 0.07131486386060715, 0.020206328481435776, 0.01857670769095421, 0.0, 0.0, 14.478316307067871, 2.8238611221313477, 4.317768096923828, 8.108525276184082, 0.0, 0.0, 0.06116544082760811, 0.0, 0.0, 0.0, 0.0, 0.0, 0.0, 0.0, 0.0, 0.0, 0.0, 0.0, 0.0, 0.0, 0.0, 0.0, 0.0, 0.0, 0.0, 0.0, 0.0, 0.0, 0.0, 0.0, 0.0, 0.0, 0.0, 0.0, 0.0, 0.032603293657302856, 0.0, 0.0, 0.0, 0.0, 0.0, 0.0, 0.0, 0.0, 0.0, 0.018781663849949837, 0.0, 0.0, 0.0, 0.005783860571682453, 0.0, 0.0], [1.0798237323760986, 1.4481147527694702, 0.411932110786438, 0.8342041969299316, 1.0684691667556763, 1.224569320678711, 0.4223615527153015, 1.0785020589828491, 1.171450138092041, 1.0907865762710571, 0.2475568950176239, 0.9526684880256653, 0.935457170009613, 1.447222113609314, 0.40178239345550537, 1.4234944581985474, 0.794205367565155, 0.6490190625190735, 0.4435110092163086, 0.8071033954620361, 0.6743944883346558, 0.7958486080169678, 0.5513477325439453, 0.9762341380119324, 0.40962669253349304, 0.6692812442779541, 0.2969226837158203, 0.7000024914741516, 0.5209832191467285, 0.8801708221435547, 0.4178009629249573, 0.9901058077812195, 1.4016114473342896, 1.3244636058807373, 6.01707124710083, 1.3257027864456177, 1.6401745080947876, 1.490327000617981, 5.207355499267578, 1.9020671844482422, 1.881989598274231, 2.1001901626586914, 5.712772846221924, 1.6841044425964355, 1.3153784275054932, 2.565642833709717, 3.8260855674743652, 2.0123331546783447, 0.3475450575351715, 0.6217045187950134, 0.4916228652000427, 0.3767698109149933, 0.16948269307613373, 0.7081106901168823, 0.756393313407898, 0.5570172071456909, 0.20585232973098755, 0.4359179735183716, 0.40480053424835205, 0.2979314625263214, 0.3342180550098419, 0.32047683000564575, 0.2726118266582489, 0.39433765411376953, 0.8190962672233582, 0.6665859818458557, 1.129673719406128, 1.1179256439208984, 0.423177033662796, 0.8505110740661621, 0.9506043791770935, 0.9239348769187927, 1.0668014287948608, 0.5554385185241699, 0.8900305032730103, 0.6850403547286987, 0.6056258082389832, 0.7813419103622437, 0.5709505081176758, 0.5193559527397156, 0.17763382196426392, 0.17906323075294495, 0.3039427697658539, 0.2539293169975281, 0.17514239251613617, 0.32183757424354553, 0.5971565246582031, 0.610518217086792, 0.18381589651107788, 0.2711545526981354, 0.43332380056381226, 0.23068280518054962, 0.23875047266483307, 0.32079628109931946, 0.29647591710090637, 0.4631195366382599]]
Time 1313.2036836147308
