Created graph
[-7.0, -5, -3.0]
[-4.0, -3.0, -2.0]
[-4.5, -4.0, -3.5]
[-4.75, -4.5, -4.25]
[-4.625, -4.5, -4.375]
[-4.4375, -4.375, -4.3125]
1000 3 1
Score: 76.68324
Signatures: [[0.13241036236286163, 0.25247812271118164, 0.0656343325972557, 0.09086879342794418, 0.12080879509449005, 0.0, 0.05804475024342537, 0.1267472803592682, 0.0, 0.03418665751814842, 0.06968080997467041, 0.11678680032491684, 1.541962742805481, 0.7207146883010864, 0.11220399290323257, 0.7880381345748901, 0.19103369116783142, 0.17893531918525696, 0.1714925467967987, 0.16703200340270996, 0.2695256769657135, 0.05965808033943176, 0.0, 0.40632912516593933, 0.09935459494590759, 0.07492440193891525, 0.06496286392211914, 0.24954377114772797, 10.03498649597168, 3.4567453861236572, 0.8696824908256531, 10.829737663269043, 0.2993716895580292, 0.06728879362344742, 0.051576219499111176, 0.10754425823688507, 0.4993242621421814, 0.07308924943208694, 0.0, 0.2299363762140274, 0.2009151130914688, 0.0, 0.0, 0.32242652773857117, 6.140792369842529, 1.9467346668243408, 0.852066159248352, 1.6913533210754395, 0.0, 0.030159058049321175, 0.06839410215616226, 0.0, 0.15447576344013214, 0.0035305791534483433, 0.04313506558537483, 0.11577147245407104, 0.04256962984800339, 0.030856797471642494, 0.035116154700517654, 0.04151994735002518, 0.0, 0.04193650558590889, 0.041328247636556625, 0.03289278596639633, 0.07530128955841064, 0.06839551031589508, 0.16785918176174164, 0.12000082433223724, 0.0, 0.15774285793304443, 0.01637502759695053, 0.11523175984621048, 0.0, 0.01692642644047737, 0.0, 0.15068162977695465, 0.026321273297071457, 0.08255510032176971, 0.014584195800125599, 0.0, 0.0, 0.013351847417652607, 0.042754266411066055, 0.03077189438045025, 0.02346741035580635, 0.04758654907345772, 0.007392771542072296, 0.11349182575941086, 0.03215925022959709, 0.0, 0.023891136050224304, 0.07773217558860779, 0.0147624546661973, 0.0, 0.13319723308086395, 0.07033515721559525], [0.0, 0.0, 0.0, 0.0, 0.0, 0.0, 0.0, 0.0, 0.0, 0.0, 0.0, 0.0, 0.9527230858802795, 0.20913398265838623, 0.27828356623649597, 0.368705153465271, 0.0, 0.0, 0.0, 0.0, 0.0, 0.0, 0.0, 0.0, 0.0, 0.0, 0.0, 0.0, 2.311756134033203, 0.6343117356300354, 0.10675690323114395, 5.043053150177002, 0.012512436136603355, 0.0, 0.15359798073768616, 0.028164586052298546, 0.39859238266944885, 0.06754999607801437, 0.24938833713531494, 0.0718916580080986, 0.018996408209204674, 0.014860006980597973, 0.0, 0.0, 15.423141479492188, 3.0169677734375, 4.5403571128845215, 8.598973274230957, 0.0, 0.0, 0.06266593933105469, 0.0, 0.0, 0.0, 0.0, 0.0, 0.0, 0.0, 0.0, 0.0, 0.0, 0.0, 0.0, 0.0, 0.0, 0.0, 0.0, 0.0, 0.0, 0.0, 0.0, 0.0, 0.0, 0.0, 0.0, 0.0, 0.0, 0.0, 0.0, 0.03316766396164894, 0.0, 0.0, 0.0, 0.0, 0.0, 0.0, 0.0, 0.0, 0.0, 0.019292300567030907, 0.0, 0.0, 0.0, 0.005107917357236147, 0.0, 0.0], [1.1189082860946655, 1.5002787113189697, 0.4262503683567047, 0.8641721606254578, 1.1071587800979614, 1.2658430337905884, 0.4382427930831909, 1.117445945739746, 1.2085524797439575, 1.1293433904647827, 0.2574896216392517, 0.9874013066291809, 0.9730184078216553, 1.503788709640503, 0.4169445037841797, 1.4773629903793335, 0.8235480189323425, 0.6724517941474915, 0.45928287506103516, 0.8361839652061462, 0.6978515386581421, 0.823745608329773, 0.5714247822761536, 1.0123775005340576, 0.42499208450317383, 0.6935679316520691, 0.3073394298553467, 0.725369930267334, 0.5692815184593201, 0.9201411008834839, 0.43690648674964905, 1.0560929775238037, 1.4550458192825317, 1.3739737272262573, 6.229463577270508, 1.372149109840393, 1.7028838396072388, 1.5464537143707275, 5.40354585647583, 1.9734169244766235, 1.9515223503112793, 2.1720614433288574, 5.916261196136475, 1.746448040008545, 1.3795698881149292, 2.664264678955078, 3.9672560691833496, 2.0797696113586426, 0.35866424441337585, 0.6450498700141907, 0.5107870697975159, 0.39045703411102295, 0.17551249265670776, 0.732932448387146, 0.7845343947410583, 0.5758334398269653, 0.21363432705402374, 0.45195287466049194, 0.4194912910461426, 0.30920514464378357, 0.3451668620109558, 0.3326818645000458, 0.2827819883823395, 0.40729397535324097, 0.8482570052146912, 0.6897127032279968, 1.1720976829528809, 1.1606273651123047, 0.4377950131893158, 0.8790346384048462, 0.9834161996841431, 0.9549543857574463, 1.1009855270385742, 0.5742466449737549, 0.919958233833313, 0.709506094455719, 0.6260614991188049, 0.807831346988678, 0.5897358655929565, 0.5384749174118042, 0.1841576099395752, 0.18536700308322906, 0.31502583622932434, 0.263674795627594, 0.18119476735591888, 0.33369961380958557, 0.6176557540893555, 0.6321326494216919, 0.19052749872207642, 0.2813372015953064, 0.44872158765792847, 0.23898468911647797, 0.24742361903190613, 0.33217653632164, 0.3080176115036011, 0.48038047552108765]]
Time 1318.180989742279
