Created graph
[-7.0, -5, -3.0]
[-6.0, -5, -4.0]
[-4.5, -4.0, -3.5]
[-4.75, -4.5, -4.25]
[-4.625, -4.5, -4.375]
[-4.4375, -4.375, -4.3125]
0.1 10 3
Score: 77.22427
Signatures: [[0.12438409775495529, 0.23682129383087158, 0.06095115840435028, 0.08574266731739044, 0.11498843133449554, 0.0, 0.0555364228785038, 0.12077692151069641, 0.0, 0.03412093222141266, 0.06547598540782928, 0.11142924427986145, 1.4380977153778076, 0.675481379032135, 0.1004750058054924, 0.7266722917556763, 0.17998425662517548, 0.16730566322803497, 0.15929779410362244, 0.15713685750961304, 0.2510392963886261, 0.056113433092832565, 0.0, 0.3797609806060791, 0.09381669014692307, 0.07128671556711197, 0.060922812670469284, 0.23295365273952484, 9.483704566955566, 3.2554619312286377, 0.8227306008338928, 10.151886940002441, 0.2824234366416931, 0.06614911556243896, 0.03612561151385307, 0.10172823071479797, 0.4524228870868683, 0.06763692945241928, 0.0, 0.2149180769920349, 0.1902952641248703, 0.0, 0.0, 0.3037082254886627, 5.466451644897461, 1.769822120666504, 0.670932412147522, 1.3868156671524048, 0.0, 0.02998867817223072, 0.06163153424859047, 0.0, 0.14341124892234802, 0.004062362015247345, 0.042595185339450836, 0.10711207240819931, 0.040383849292993546, 0.030768616124987602, 0.033642690628767014, 0.03928138315677643, 0.0, 0.040023427456617355, 0.03936899080872536, 0.030813071876764297, 0.07081925868988037, 0.06441785395145416, 0.1579558402299881, 0.1161084845662117, 0.0, 0.14691706001758575, 0.016332974657416344, 0.10656721144914627, 0.0, 0.015902632847428322, 0.0, 0.14202675223350525, 0.02539634518325329, 0.0769965723156929, 0.014178916811943054, 0.0, 0.0, 0.012571449391543865, 0.04046589508652687, 0.029292048886418343, 0.02203145995736122, 0.044848982244729996, 0.007898779585957527, 0.10577037185430527, 0.03020632453262806, 0.0, 0.022779254242777824, 0.07200481742620468, 0.014519856311380863, 0.0, 0.12456570565700531, 0.06602198630571365], [0.0, 0.0, 0.0, 0.0, 0.0, 0.0, 0.0, 0.0, 0.0, 0.0, 0.0, 0.0, 0.8661901354789734, 0.18903376162052155, 0.26025325059890747, 0.3443690538406372, 0.0, 0.0, 0.0, 0.0, 0.0, 0.0, 0.0, 0.0, 0.0, 0.0, 0.0, 0.0, 1.9605854749679565, 0.530916690826416, 0.08476734906435013, 4.506572723388672, 0.011945093050599098, 0.0, 0.17072643339633942, 0.028093570843338966, 0.380135178565979, 0.0683099702000618, 0.25159451365470886, 0.07116124033927917, 0.020292043685913086, 0.018894726410508156, 0.0, 0.0, 14.378461837768555, 2.803219795227051, 4.2938079833984375, 8.056534767150879, 0.0, 0.0, 0.06098819896578789, 0.0, 0.0, 0.0, 0.0, 0.0, 0.0, 0.0, 0.0, 0.0, 0.0, 0.0, 0.0, 0.0, 0.0, 0.0, 0.0, 0.0, 0.0, 0.0, 0.0, 0.0, 0.0, 0.0, 0.0, 0.0, 0.0, 0.0, 0.0, 0.03250637650489807, 0.0, 0.0, 0.0, 0.0, 0.0, 0.0, 0.0, 0.0, 0.0, 0.01871342584490776, 0.0, 0.0, 0.0, 0.005833245813846588, 0.0, 0.0], [1.0757602453231812, 1.4426748752593994, 0.41044560074806213, 0.8310969471931458, 1.0644571781158447, 1.220206379890442, 0.42070263624191284, 1.0744379758834839, 1.1675193309783936, 1.0867422819137573, 0.24652306735515594, 0.9490634202957153, 0.9317499399185181, 1.4413866996765137, 0.4002251625061035, 1.4179787635803223, 0.7911690473556519, 0.6465886831283569, 0.4418865144252777, 0.8040918111801147, 0.6719761490821838, 0.792945921421051, 0.5492379069328308, 0.9725029468536377, 0.4080238938331604, 0.6667594313621521, 0.29584619402885437, 0.6973885297775269, 0.516888439655304, 0.8763062953948975, 0.41587990522384644, 0.9846861362457275, 1.3960727453231812, 1.319303035736084, 5.994758129119873, 1.3208470344543457, 1.6337029933929443, 1.4844706058502197, 5.18681001663208, 1.8946425914764404, 1.8747090101242065, 2.0926172733306885, 5.6912841796875, 1.677614688873291, 1.3102349042892456, 2.5557215213775635, 3.8116507530212402, 2.005979537963867, 0.34637048840522766, 0.6192726492881775, 0.4896313548088074, 0.37533265352249146, 0.16887076199054718, 0.7054970264434814, 0.7534624338150024, 0.5550656318664551, 0.20504406094551086, 0.4342460036277771, 0.40327274799346924, 0.29675760865211487, 0.3330621123313904, 0.3191992938518524, 0.27155566215515137, 0.3929815888404846, 0.8160405158996582, 0.6641722321510315, 1.1252468824386597, 1.1134750843048096, 0.4216345250606537, 0.8475438952445984, 0.9471644163131714, 0.9207078814506531, 1.063179850578308, 0.5534738302230835, 0.8868725895881653, 0.6825040578842163, 0.6034852266311646, 0.7785877585411072, 0.5689715147018433, 0.5173553228378296, 0.17694440484046936, 0.17840994894504547, 0.3027885854244232, 0.25291845202445984, 0.1745099574327469, 0.32060202956199646, 0.5949945449829102, 0.6082655787467957, 0.18311646580696106, 0.27008768916130066, 0.4317185878753662, 0.22982320189476013, 0.23784008622169495, 0.31960299611091614, 0.2952824532985687, 0.4613167643547058]]
Time 1347.0738418102264
