Created graph
[-7.0, -5, -3.0]
[-4.0, -3.0, -2.0]
[-4.5, -4.0, -3.5]
[-4.75, -4.5, -4.25]
[-4.625, -4.5, -4.375]
[-4.4375, -4.375, -4.3125]
0.1 100 3
Score: 77.1757
Signatures: [[0.125253364443779, 0.23844225704669952, 0.061440255492925644, 0.08631211519241333, 0.11564290523529053, 0.0, 0.055817555636167526, 0.12144580483436584, 0.0, 0.03421769291162491, 0.06589885801076889, 0.11203583329916, 1.4480093717575073, 0.6799419522285461, 0.10161840915679932, 0.7324388027191162, 0.1811254620552063, 0.16850146651268005, 0.16051127016544342, 0.158186137676239, 0.2528647482395172, 0.056554462760686874, 0.0, 0.38242897391319275, 0.09437831491231918, 0.07172068953514099, 0.06134549900889397, 0.23463666439056396, 9.537044525146484, 3.274745464324951, 0.8273022770881653, 10.216830253601074, 0.28416237235069275, 0.06634003669023514, 0.03780466318130493, 0.10236333310604095, 0.45690980553627014, 0.06825466454029083, 0.0, 0.21642005443572998, 0.19142985343933105, 0.0, 0.0, 0.3056200444698334, 5.530275344848633, 1.7868199348449707, 0.6878324151039124, 1.4155083894729614, 0.0, 0.030060088261961937, 0.062277283519506454, 0.0, 0.14448536932468414, 0.004044746048748493, 0.04272151365876198, 0.10800842940807343, 0.040608685463666916, 0.030821511521935463, 0.03382067382335663, 0.039519838988780975, 0.0, 0.04022999480366707, 0.03958781436085701, 0.03105565346777439, 0.07129549235105515, 0.06484739482402802, 0.15895429253578186, 0.11658742278814316, 0.0, 0.1480141580104828, 0.016384676098823547, 0.10747117549180984, 0.0, 0.016034910455346107, 0.0, 0.14291925728321075, 0.025508763268589973, 0.07758668065071106, 0.014238842763006687, 0.0, 0.0, 0.012668607756495476, 0.040727097541093826, 0.02947136200964451, 0.02218843623995781, 0.04514149948954582, 0.00789536815136671, 0.10657303035259247, 0.03042059950530529, 0.0, 0.02292657643556595, 0.07257655262947083, 0.014568328857421875, 0.0, 0.12542667984962463, 0.06647508591413498], [0.0, 0.0, 0.0, 0.0, 0.0, 0.0, 0.0, 0.0, 0.0, 0.0, 0.0, 0.0, 0.8745377659797668, 0.19094359874725342, 0.26197969913482666, 0.3469075560569763, 0.0, 0.0, 0.0, 0.0, 0.0, 0.0, 0.0, 0.0, 0.0, 0.0, 0.0, 0.0, 1.9940956830978394, 0.5408470034599304, 0.08686824887990952, 4.557897090911865, 0.011999748647212982, 0.0, 0.16922034323215485, 0.02810816839337349, 0.3820343315601349, 0.0682624951004982, 0.251644104719162, 0.07130015641450882, 0.020184552296996117, 0.018547916784882545, 0.0, 0.0, 14.479109764099121, 2.8236758708953857, 4.317961692810059, 8.108675956726074, 0.0, 0.0, 0.06118454411625862, 0.0, 0.0, 0.0, 0.0, 0.0, 0.0, 0.0, 0.0, 0.0, 0.0, 0.0, 0.0, 0.0, 0.0, 0.0, 0.0, 0.0, 0.0, 0.0, 0.0, 0.0, 0.0, 0.0, 0.0, 0.0, 0.0, 0.0, 0.0, 0.03259512782096863, 0.0, 0.0, 0.0, 0.0, 0.0, 0.0, 0.0, 0.0, 0.0, 0.018775030970573425, 0.0, 0.0, 0.0, 0.005778300575911999, 0.0, 0.0], [1.0798574686050415, 1.4481420516967773, 0.411941260099411, 0.8342289328575134, 1.068496584892273, 1.2245854139328003, 0.4223673343658447, 1.0785152912139893, 1.171494960784912, 1.0908007621765137, 0.24756768345832825, 0.9526865482330322, 0.9354973435401917, 1.4472615718841553, 0.4017881155014038, 1.4235055446624756, 0.7942147254943848, 0.6490269303321838, 0.4435202181339264, 0.8071151971817017, 0.6744111776351929, 0.7958526611328125, 0.5513683557510376, 0.976245641708374, 0.4096325933933258, 0.6692845821380615, 0.29692795872688293, 0.7000151872634888, 0.5209276080131531, 0.8801818490028381, 0.4177994132041931, 0.9901511073112488, 1.4016592502593994, 1.3245137929916382, 6.017312526702881, 1.3257442712783813, 1.6402325630187988, 1.4903711080551147, 5.207597732543945, 1.9021244049072266, 1.8820359706878662, 2.1002635955810547, 5.712991237640381, 1.6841578483581543, 1.3152389526367188, 2.5657522678375244, 3.826197624206543, 2.012380838394165, 0.34755739569664, 0.6217144131660461, 0.4916350245475769, 0.376785010099411, 0.1694892793893814, 0.708113431930542, 0.7564117908477783, 0.5570200085639954, 0.20586331188678741, 0.4359302222728729, 0.40480300784111023, 0.29794183373451233, 0.33422860503196716, 0.3204836845397949, 0.27262184023857117, 0.39433553814888, 0.8191190958023071, 0.6665958762168884, 1.1297271251678467, 1.1179633140563965, 0.4231872856616974, 0.8505353927612305, 0.9506309032440186, 0.923965334892273, 1.0668317079544067, 0.555458664894104, 0.8900619149208069, 0.6850563287734985, 0.6056495904922485, 0.781368613243103, 0.5709685683250427, 0.5193743705749512, 0.177639439702034, 0.17906668782234192, 0.3039436340332031, 0.25393185019493103, 0.17514292895793915, 0.3218455910682678, 0.5971570611000061, 0.6105263233184814, 0.18381737172603607, 0.2711649239063263, 0.43332454562187195, 0.23068936169147491, 0.23875311017036438, 0.320810467004776, 0.2964836657047272, 0.4631347954273224]]
Time 1327.804597377777
