Created graph
[-7.0, -5, -3.0]
[-4.0, -3.0, -2.0]
[-4.5, -4.0, -3.5]
[-4.75, -4.5, -4.25]
[-4.625, -4.5, -4.375]
[-4.4375, -4.375, -4.3125]
0.1 1000 4
Score: 73.74263
Signatures: [[1.2437618970870972, 1.6102783679962158, 0.4870074987411499, 0.8945943117141724, 1.1345583200454712, 1.182487964630127, 0.4003639817237854, 0.9465354084968567, 0.6464371681213379, 1.0084443092346191, 0.2437995821237564, 1.1344343423843384, 1.0506250858306885, 2.176259994506836, 0.3048192858695984, 2.005889415740967, 1.0615272521972656, 0.921403169631958, 0.7807102799415588, 1.2546061277389526, 1.1183421611785889, 1.0024094581604004, 0.4044584035873413, 1.6906673908233643, 0.5382715463638306, 0.9170759320259094, 0.44307664036750793, 1.24165678024292, 3.193791627883911, 2.6131842136383057, 0.594299852848053, 5.0654778480529785, 1.2965785264968872, 0.94473797082901, 0.7034388780593872, 0.8943294882774353, 1.4146777391433716, 0.905085027217865, 0.22059735655784607, 1.5672930479049683, 0.9651667475700378, 0.27435699105262756, 0.0, 1.3728700876235962, 1.6837148666381836, 2.9679737091064453, 1.2010815143585205, 0.6863909363746643, 0.22690729796886444, 0.43766453862190247, 0.35238581895828247, 0.16413754224777222, 0.30857348442077637, 0.6810135245323181, 0.7758943438529968, 0.8203176259994507, 0.25822582840919495, 0.34387338161468506, 0.3676060736179352, 0.3232589662075043, 0.2132185846567154, 0.2949927747249603, 0.274711936712265, 0.4251636564731598, 0.5417549014091492, 0.5660914182662964, 0.6526163220405579, 0.9261783957481384, 0.2560020387172699, 0.5768471360206604, 0.7275665998458862, 0.8326065540313721, 0.1399221420288086, 0.3997565507888794, 0.0, 0.7104800939559937, 0.19789192080497742, 0.46218958497047424, 0.09463099390268326, 0.25547584891319275, 0.0951218232512474, 0.235952690243721, 0.4227527379989624, 0.26466795802116394, 0.1690356731414795, 0.36148396134376526, 0.6002172827720642, 0.6874972581863403, 0.19817878305912018, 0.3006613254547119, 0.4095999598503113, 0.31986674666404724, 0.24184617400169373, 0.20137378573417664, 0.4540489912033081, 0.44225361943244934], [0.5757439732551575, 0.8175516128540039, 0.2123109996318817, 0.48139557242393494, 0.6315400004386902, 0.7113029360771179, 0.27296701073646545, 0.7377967834472656, 0.9577910304069519, 0.6773762106895447, 0.16687099635601044, 0.4915410876274109, 0.6871907711029053, 0.6678110361099243, 0.3014797568321228, 0.6875510215759277, 0.3811805844306946, 0.3150678873062134, 0.13708584010601044, 0.29098349809646606, 0.21488165855407715, 0.35182151198387146, 0.39407122135162354, 0.33292344212532043, 0.20486409962177277, 0.26402950286865234, 0.11518729478120804, 0.2157094031572342, 0.006823881529271603, 0.06906396895647049, 0.26038193702697754, 0.0, 0.9602506756782532, 0.9834345579147339, 6.461014747619629, 1.034970760345459, 1.1982851028442383, 1.2113145589828491, 5.683804512023926, 1.361760139465332, 1.6639200448989868, 2.209900140762329, 6.414397239685059, 1.2756946086883545, 1.0915061235427856, 1.5777959823608398, 3.610356092453003, 1.940556526184082, 0.256415456533432, 0.4683557152748108, 0.37875401973724365, 0.33274221420288086, 0.05830251798033714, 0.41646745800971985, 0.4272295832633972, 0.22773131728172302, 0.10558159649372101, 0.313683420419693, 0.2583265006542206, 0.1718580275774002, 0.2516712546348572, 0.2143361121416092, 0.1704953908920288, 0.20615850389003754, 0.6538946032524109, 0.44818633794784546, 0.9722631573677063, 0.8002890348434448, 0.34020665287971497, 0.7179009914398193, 0.6466856002807617, 0.6241778135299683, 1.1449952125549316, 0.4023498296737671, 1.0098544359207153, 0.4256456792354584, 0.5907906293869019, 0.6741183996200562, 0.6005470752716064, 0.44883260130882263, 0.14681141078472137, 0.07394445687532425, 0.13018767535686493, 0.15216921269893646, 0.11498349905014038, 0.17978718876838684, 0.34641700983047485, 0.3487345576286316, 0.1122731938958168, 0.15060606598854065, 0.27053597569465637, 0.11412597447633743, 0.13967622816562653, 0.24282404780387878, 0.14763332903385162, 0.3069089353084564], [0.0, 0.0, 0.0, 0.0, 0.0, 0.0, 0.0, 0.0, 0.0, 0.0, 0.013410386629402637, 0.0, 0.9489405155181885, 0.4377211630344391, 0.28370344638824463, 0.580419659614563, 0.0, 0.0, 0.0, 0.0, 0.0, 0.0, 0.0, 0.0, 0.001770091475918889, 0.0, 0.0, 0.0, 1.9968563318252563, 0.8705067038536072, 0.08115047216415405, 5.124192714691162, 0.07039304077625275, 0.0, 0.0, 0.0202659722417593, 0.5184188485145569, 0.06298644840717316, 0.11804734915494919, 0.0956043004989624, 0.06796295195817947, 0.027767427265644073, 0.0, 0.01847672462463379, 15.14606761932373, 3.412247896194458, 4.426833152770996, 8.06867504119873, 0.0, 0.0, 0.07844310998916626, 0.0, 0.0, 0.0, 0.0, 0.0, 0.0, 0.0, 0.0, 0.0, 0.0, 0.0, 0.0, 0.0, 0.0, 0.0, 0.0, 0.0, 0.0, 0.0, 0.0, 0.0, 0.0, 0.0, 0.0, 0.0, 0.0, 0.0, 0.0, 0.020894095301628113, 0.0, 0.0, 0.0, 0.0, 0.0, 0.0, 0.0, 0.0, 0.0, 0.0, 0.0, 0.0, 0.0, 0.0, 0.0, 0.0], [0.0, 0.0, 0.0, 0.0, 0.0, 0.0, 0.0, 0.0, 0.0, 0.0, 0.0, 0.0, 1.3698575496673584, 0.0, 0.05778201296925545, 0.07448496669530869, 0.0, 0.0, 0.0, 0.0, 0.0, 0.0, 0.0, 0.0, 0.0, 0.0, 0.0, 0.0, 9.701733589172363, 2.5511202812194824, 0.7768979668617249, 9.597908020019531, 0.0, 0.0, 0.45992299914360046, 0.0, 0.09037267416715622, 0.0, 0.40903523564338684, 0.0, 1.911873823701171e-06, 0.0, 0.4491432011127472, 0.0, 6.645780563354492, 0.9408706426620483, 1.1055986881256104, 2.6021060943603516, 0.0, 0.0, 0.0, 0.0, 0.06129273399710655, 0.0, 0.0, 0.0, 0.0, 0.0, 0.0, 0.0, 0.0, 0.0, 0.0, 0.0, 0.0, 0.0, 0.04291209951043129, 0.0, 0.0, 0.02482704073190689, 0.0, 0.0, 0.0, 0.0, 0.032277487218379974, 0.0, 0.009356401860713959, 0.0, 0.02242943085730076, 0.0, 0.0, 0.0, 0.0, 0.0, 0.0, 0.0, 0.0, 0.0, 0.0, 0.0, 0.0, 0.0, 0.0, 0.0, 0.0, 0.0]]
Time 1316.9220743179321
