Created graph
[-7.0, -5, -3.0]
[-4.0, -3.0, -2.0]
[-4.5, -4.0, -3.5]
[-4.75, -4.5, -4.25]
[-4.375, -4.25, -4.125]
[-4.4375, -4.375, -4.3125]
0.1 5000 4
Score: 72.86697
Signatures: [[1.3475912809371948, 1.737119436264038, 0.5453132390975952, 0.9561660885810852, 1.2352064847946167, 1.284045696258545, 0.4489821493625641, 1.0376522541046143, 0.7168643474578857, 1.1027737855911255, 0.2814311385154724, 1.267520785331726, 1.3079272508621216, 2.406050205230713, 0.3190241754055023, 2.1784746646881104, 1.1734497547149658, 0.9766635894775391, 0.8669606447219849, 1.370159387588501, 1.2071031332015991, 1.0891631841659546, 0.44534263014793396, 1.8479158878326416, 0.5645570755004883, 1.0200365781784058, 0.4886149764060974, 1.3467353582382202, 4.283773422241211, 3.0322506427764893, 0.6893651485443115, 6.153126239776611, 1.4516541957855225, 1.0500235557556152, 1.2704641819000244, 1.0098698139190674, 1.5990406274795532, 1.0055804252624512, 0.4945264756679535, 1.757865071296692, 1.1097805500030518, 0.3216191530227661, 0.17756454646587372, 1.5222843885421753, 2.4265379905700684, 3.324937582015991, 1.5689395666122437, 1.0016155242919922, 0.2592615783214569, 0.47581160068511963, 0.40469682216644287, 0.183452308177948, 0.3252900242805481, 0.7169521450996399, 0.8312667012214661, 0.8885090351104736, 0.2780347168445587, 0.3633115291595459, 0.39093899726867676, 0.36595553159713745, 0.2466035932302475, 0.3236750066280365, 0.2903027832508087, 0.47944533824920654, 0.6189363598823547, 0.6106142997741699, 0.711275041103363, 1.0180684328079224, 0.2903119921684265, 0.654409646987915, 0.8141774535179138, 0.9416263699531555, 0.18652670085430145, 0.4807469844818115, 0.0, 0.8000207543373108, 0.23749668896198273, 0.4778273403644562, 0.0911443755030632, 0.27386558055877686, 0.10866674780845642, 0.2594936192035675, 0.4624427855014801, 0.29780784249305725, 0.18269766867160797, 0.41221919655799866, 0.6317469477653503, 0.756850004196167, 0.21047022938728333, 0.31310516595840454, 0.44342395663261414, 0.3552118241786957, 0.2760240435600281, 0.2501296103000641, 0.468058317899704, 0.5061392784118652], [0.7104421854019165, 1.0093109607696533, 0.2542772591114044, 0.5897315740585327, 0.7559726238250732, 0.8464779257774353, 0.320230096578598, 0.8649383187294006, 1.0708097219467163, 0.7993664741516113, 0.19680950045585632, 0.5853058099746704, 0.7606513500213623, 0.8563277721405029, 0.36468347907066345, 0.8822413682937622, 0.4702877700328827, 0.407893568277359, 0.18543890118598938, 0.3809356391429901, 0.3114258050918579, 0.4462209939956665, 0.46035856008529663, 0.46134325861930847, 0.26761093735694885, 0.33050623536109924, 0.145956888794899, 0.3076533079147339, 0.0, 0.1424020677804947, 0.3129417896270752, 0.0, 1.1315754652023315, 1.139497995376587, 6.947094917297363, 1.171839952468872, 1.404932975769043, 1.4011354446411133, 6.292537689208984, 1.5870962142944336, 1.8827069997787476, 2.4442832469940186, 7.0545973777771, 1.4794652462005615, 1.2563958168029785, 1.9279056787490845, 4.079568386077881, 2.185314178466797, 0.2840520441532135, 0.545868456363678, 0.4415423274040222, 0.3775331676006317, 0.08317671716213226, 0.5094521045684814, 0.5268599390983582, 0.29246172308921814, 0.13373728096485138, 0.37160226702690125, 0.31324654817581177, 0.2030334174633026, 0.2794106602668762, 0.254419207572937, 0.21080945432186127, 0.24008683860301971, 0.7391543388366699, 0.5317600965499878, 1.1210070848464966, 0.9388461112976074, 0.3826729655265808, 0.8011499047279358, 0.743638277053833, 0.7116162776947021, 1.2383062839508057, 0.4395620822906494, 1.1107492446899414, 0.49547410011291504, 0.6469170451164246, 0.7683576345443726, 0.6659448146820068, 0.5176482200622559, 0.16727221012115479, 0.09319891780614853, 0.16424138844013214, 0.18016253411769867, 0.1362403780221939, 0.21164709329605103, 0.4228295683860779, 0.4210892617702484, 0.13824239373207092, 0.190853551030159, 0.3222053349018097, 0.14194972813129425, 0.16049166023731232, 0.260532021522522, 0.1981774866580963, 0.354785293340683], [0.0, 0.0, 0.0, 0.0, 0.0, 0.0, 0.0, 0.0, 0.0, 0.0, 0.01162752229720354, 0.0, 1.2667988538742065, 0.5435910820960999, 0.3138589560985565, 0.6449491381645203, 0.0, 0.0, 0.0, 0.0, 0.0, 0.0, 0.0, 0.0, 0.005450038239359856, 0.0, 0.0, 0.0, 3.2087249755859375, 1.2116742134094238, 0.13510803878307343, 6.9228835105896, 0.07162822782993317, 0.0, 0.0, 0.012591413222253323, 0.5486199855804443, 0.05299625173211098, 0.10317666083574295, 0.09076306968927383, 0.04858703166246414, 0.001132198958657682, 0.0, 0.005778886843472719, 18.461545944213867, 4.018401622772217, 5.152442932128906, 9.639006614685059, 0.0, 0.0, 0.08428428322076797, 0.0, 0.0, 0.0, 0.0, 0.0, 0.0, 0.0, 0.0, 0.0, 0.0, 0.0, 0.0, 0.0, 0.0, 0.0, 0.0, 0.0, 0.0, 0.0, 0.0, 0.0, 0.0, 0.0, 0.0, 0.0, 0.0, 0.0, 0.0, 0.019434917718172073, 0.0, 0.0, 0.0, 0.0, 0.0, 0.0, 0.0, 0.0, 0.0, 0.0009044123580679297, 0.0, 0.0, 0.0, 0.0, 0.0, 0.0], [0.0, 0.0, 0.0, 0.0, 0.0, 0.0, 0.0, 0.0, 0.0, 0.0, 0.0, 0.0, 1.5922644138336182, 0.0, 0.12463227659463882, 0.22203421592712402, 0.0, 0.0, 0.0, 0.0, 0.0, 0.0, 0.0, 0.0, 0.0, 0.0, 0.0, 0.0, 11.053431510925293, 3.0681257247924805, 0.9237446188926697, 11.45818042755127, 0.0, 0.0, 0.32579678297042847, 0.0, 0.21346256136894226, 0.0, 0.350724458694458, 0.0, 0.004181767348200083, 0.0, 0.36563748121261597, 0.002738344017416239, 8.761652946472168, 1.5046896934509277, 1.6752983331680298, 3.7508938312530518, 0.0, 0.0, 0.0, 0.0, 0.08869275450706482, 0.0, 0.0, 0.0, 0.0, 0.0, 0.0, 0.0, 0.0, 0.0, 0.0, 0.0, 0.0, 0.0, 0.056220121681690216, 0.0, 0.0, 0.02778862603008747, 0.0, 0.0, 0.0, 0.0, 0.036782003939151764, 0.0, 0.0048711784183979034, 0.005987648386508226, 0.030450239777565002, 0.0, 0.0, 0.0, 0.0, 0.0, 0.0, 0.0, 0.0, 0.0, 0.0, 0.0, 0.0, 0.0, 0.0, 0.0, 0.007869981229305267, 0.0]]
Time 1328.8069021701813
