Created graph
[-7.0, -5, -3.0]
[-4.0, -3.0, -2.0]
[-4.5, -4.0, -3.5]
[-4.75, -4.5, -4.25]
[-4.375, -4.25, -4.125]
[-4.4375, -4.375, -4.3125]
0.1 5000 3
Score: 74.94944
Signatures: [[0.13750284910202026, 0.27654287219047546, 0.0730544701218605, 0.09240050613880157, 0.12257424741983414, 0.0, 0.0590057335793972, 0.1302037537097931, 0.0, 0.02082737162709236, 0.07914850860834122, 0.11829816550016403, 1.8564095497131348, 0.8404795527458191, 0.1464749574661255, 0.9751400947570801, 0.21035243570804596, 0.2011851668357849, 0.20023776590824127, 0.1807211935520172, 0.3148113787174225, 0.05433008074760437, 0.0, 0.46858495473861694, 0.1100960299372673, 0.07250917702913284, 0.0714988261461258, 0.2855060398578644, 11.66244125366211, 4.059226989746094, 1.0032129287719727, 12.877473831176758, 0.3352150321006775, 0.05484822392463684, 0.05555722117424011, 0.11477368324995041, 0.6413110494613647, 0.07591071724891663, 0.0, 0.25781530141830444, 0.21730691194534302, 0.0, 0.0, 0.3596203923225403, 8.322904586791992, 2.5050272941589355, 1.4835880994796753, 2.697054386138916, 0.0, 0.0237846989184618, 0.0878877341747284, 0.0, 0.1844155639410019, 0.0, 0.032698243856430054, 0.1309005618095398, 0.045119065791368484, 0.026217112317681313, 0.03354258090257645, 0.042992088943719864, 0.0, 0.04276854917407036, 0.043457336723804474, 0.03309635818004608, 0.08099861443042755, 0.07154694944620132, 0.1877765953540802, 0.11779442429542542, 0.0, 0.18134532868862152, 0.007821667939424515, 0.1270919293165207, 0.0, 0.01453342754393816, 0.0, 0.16857846081256866, 0.025869721546769142, 0.0901029109954834, 0.010969049297273159, 0.0, 0.0, 0.011946406215429306, 0.04273195564746857, 0.030277583748102188, 0.025188982486724854, 0.051232628524303436, 0.0006114455172792077, 0.12687812745571136, 0.034520626068115234, 0.0, 0.02103450894355774, 0.0902022048830986, 0.012264193966984749, 0.0, 0.15498216450214386, 0.0760083794593811], [0.0, 0.0, 0.0, 0.0, 0.0, 0.0, 0.0, 0.0, 0.0, 0.0, 0.0, 0.0, 1.2209299802780151, 0.2673245966434479, 0.33198487758636475, 0.42496219277381897, 0.0, 0.0, 0.0, 0.0, 0.0, 0.0, 0.0, 0.0, 0.0, 0.0, 0.0, 0.0, 3.4392340183258057, 0.9605412483215332, 0.17599497735500336, 6.75065279006958, 0.009173572063446045, 0.0, 0.0775863528251648, 0.023299794644117355, 0.4367257356643677, 0.05905625596642494, 0.18991662561893463, 0.06601876765489578, 0.007352874148637056, 6.292659236351028e-05, 0.0, 0.0, 18.611854553222656, 3.652961492538452, 5.198585510253906, 10.250224113464355, 0.0, 0.0, 0.06232001259922981, 0.0, 0.0, 0.0, 0.0, 0.0, 0.0, 0.0, 0.0, 0.0, 0.0, 0.0, 0.0, 0.0, 0.0, 0.0, 0.0, 0.0, 0.0, 0.0, 0.0, 0.0, 0.0, 0.0, 0.0, 0.0, 0.0, 0.0, 0.0, 0.03049245849251747, 0.0, 0.0, 0.0, 0.0, 0.0, 0.0, 0.0, 0.0, 0.0, 0.018758708611130714, 0.0, 0.0, 0.0, 0.001572011155076325, 0.0, 0.0], [1.2664997577667236, 1.6975171566009521, 0.4807765781879425, 0.9767512083053589, 1.2509806156158447, 1.4121108055114746, 0.49770277738571167, 1.2624155282974243, 1.3375951051712036, 1.2708735466003418, 0.2949391305446625, 1.1177164316177368, 1.13356614112854, 1.7250105142593384, 0.4757951498031616, 1.6903918981552124, 0.9357438087463379, 0.7621038556098938, 0.5206907391548157, 0.9478926062583923, 0.7873377203941345, 0.9281935095787048, 0.643505871295929, 1.1515997648239136, 0.48327699303627014, 0.7858378887176514, 0.3471246659755707, 0.8233371376991272, 0.8631945848464966, 1.1096751689910889, 0.5188925862312317, 1.468729019165039, 1.656359076499939, 1.5562025308609009, 6.988461494445801, 1.5411244630813599, 1.9445629119873047, 1.753031849861145, 6.1146345138549805, 2.2381880283355713, 2.2060205936431885, 2.421525478363037, 6.63205623626709, 1.9768904447555542, 1.8378239870071411, 3.078152894973755, 4.5394978523254395, 2.421534776687622, 0.3968847095966339, 0.7301782369613647, 0.5830574035644531, 0.4392780065536499, 0.20032550394535065, 0.8217747211456299, 0.8886638283729553, 0.6474846005439758, 0.24361668527126312, 0.5103687047958374, 0.47467032074928284, 0.3518083095550537, 0.3837050497531891, 0.37841513752937317, 0.3201730251312256, 0.4556330144405365, 0.9542798399925232, 0.7743264436721802, 1.3266429901123047, 1.3174101114273071, 0.48942482471466064, 0.9834186434745789, 1.1011415719985962, 1.0703729391098022, 1.2185636758804321, 0.642174482345581, 1.0227105617523193, 0.7994054555892944, 0.6975587010383606, 0.9037308692932129, 0.655689537525177, 0.6077240109443665, 0.20786228775978088, 0.20911890268325806, 0.3572719991207123, 0.30089959502220154, 0.20392657816410065, 0.3776248097419739, 0.6912453174591064, 0.713641881942749, 0.2159843146800995, 0.31899818778038025, 0.5054516792297363, 0.271363228559494, 0.2793683111667633, 0.3721090257167816, 0.3520940840244293, 0.5457037687301636]]
Time 1336.1676032543182
