Created graph
[-7.0, -5, -3.0]
[-4.0, -3.0, -2.0]
[-4.5, -4.0, -3.5]
[-4.75, -4.5, -4.25]
[-4.625, -4.5, -4.375]
[-4.4375, -4.375, -4.3125]
0.1 1000 3
Score: 76.62118
Signatures: [[0.1322767287492752, 0.25215694308280945, 0.06565827131271362, 0.09080435335636139, 0.12076207250356674, 0.0, 0.05808073282241821, 0.12683191895484924, 0.0, 0.034148894250392914, 0.06966739892959595, 0.11673598736524582, 1.5413224697113037, 0.720350980758667, 0.11233013868331909, 0.7866966128349304, 0.19101178646087646, 0.17895039916038513, 0.17149853706359863, 0.1670614778995514, 0.2694655656814575, 0.05971355363726616, 0.0, 0.4062829613685608, 0.0992826297879219, 0.07487209886312485, 0.06497376412153244, 0.24960562586784363, 10.038657188415527, 3.4561524391174316, 0.8698343634605408, 10.828974723815918, 0.29941120743751526, 0.0671258345246315, 0.05200778320431709, 0.10766236484050751, 0.49893733859062195, 0.07267149537801743, 0.0, 0.22928690910339355, 0.20122314989566803, 0.0, 0.0, 0.32243481278419495, 6.144809722900391, 1.9468958377838135, 0.8535823225975037, 1.6936551332473755, 0.0, 0.030180366709828377, 0.06831029802560806, 0.0, 0.1544230431318283, 0.0034520437475293875, 0.043116044253110886, 0.11585110425949097, 0.04248274490237236, 0.030868476256728172, 0.03513692319393158, 0.04145088419318199, 0.0, 0.041881393641233444, 0.04135867580771446, 0.033030103892087936, 0.07540374249219894, 0.06841280311346054, 0.16773733496665955, 0.11993516236543655, 0.0, 0.15795093774795532, 0.016400841996073723, 0.1151433140039444, 0.0, 0.01698150485754013, 0.0, 0.1507815271615982, 0.026421774178743362, 0.08273335546255112, 0.01465020701289177, 0.0, 0.0, 0.013311914168298244, 0.04274846985936165, 0.03083965927362442, 0.023491831496357918, 0.047581396996974945, 0.007380211725831032, 0.11350035667419434, 0.03222436457872391, 0.0, 0.02385227382183075, 0.07772829383611679, 0.014722646214067936, 0.0, 0.13319888710975647, 0.07029975950717926], [0.0, 0.0, 0.0, 0.0, 0.0, 0.0, 0.0, 0.0, 0.0, 0.0, 0.0, 0.0, 0.9548168182373047, 0.20968841016292572, 0.2784560024738312, 0.37006282806396484, 0.0, 0.0, 0.0, 0.0, 0.0, 0.0, 0.0, 0.0, 0.0, 0.0, 0.0, 0.0, 2.316901206970215, 0.6364117860794067, 0.10711923986673355, 5.052988052368164, 0.012429902330040932, 0.0, 0.15286920964717865, 0.02811800315976143, 0.39939358830451965, 0.06775788217782974, 0.24910323321819305, 0.07236924022436142, 0.018780291080474854, 0.014804818667471409, 0.0, 0.0, 15.437956809997559, 3.0208005905151367, 4.543078422546387, 8.60768985748291, 0.0, 0.0, 0.06278333067893982, 0.0, 0.0, 0.0, 0.0, 0.0, 0.0, 0.0, 0.0, 0.0, 0.0, 0.0, 0.0, 0.0, 0.0, 0.0, 0.0, 0.0, 0.0, 0.0, 0.0, 0.0, 0.0, 0.0, 0.0, 0.0, 0.0, 0.0, 0.0, 0.03321341425180435, 0.0, 0.0, 0.0, 0.0, 0.0, 0.0, 0.0, 0.0, 0.0, 0.01925569213926792, 0.0, 0.0, 0.0, 0.005100625101476908, 0.0, 0.0], [1.11978280544281, 1.5014917850494385, 0.42652571201324463, 0.8646864295005798, 1.1076934337615967, 1.266591191291809, 0.43853604793548584, 1.118018627166748, 1.2091916799545288, 1.1302028894424438, 0.2577511966228485, 0.9879892468452454, 0.9738283753395081, 1.5050537586212158, 0.4171355664730072, 1.478570580482483, 0.8240931034088135, 0.67293781042099, 0.45961761474609375, 0.8367758989334106, 0.698226809501648, 0.8242769837379456, 0.5717750191688538, 1.0132290124893188, 0.42538705468177795, 0.6940734386444092, 0.3075741231441498, 0.7258919477462769, 0.5699469447135925, 0.9213311076164246, 0.4373852014541626, 1.058374285697937, 1.4560081958770752, 1.3749289512634277, 6.232958793640137, 1.372744083404541, 1.704249620437622, 1.5475966930389404, 5.4070844650268555, 1.9747098684310913, 1.9526317119598389, 2.172992467880249, 5.919718265533447, 1.7476422786712646, 1.3811447620391846, 2.6665966510772705, 3.970561981201172, 2.0812184810638428, 0.35880690813064575, 0.6453428864479065, 0.5110851526260376, 0.3906637132167816, 0.175677090883255, 0.7334012389183044, 0.7850053906440735, 0.5760526061058044, 0.21388936042785645, 0.4522329866886139, 0.41969841718673706, 0.3094943165779114, 0.3453085422515869, 0.3329871892929077, 0.282959908246994, 0.40744417905807495, 0.8486883044242859, 0.6899570822715759, 1.1728911399841309, 1.1613541841506958, 0.4380105435848236, 0.8793120980262756, 0.983783483505249, 0.9554827213287354, 1.1014149188995361, 0.574454128742218, 0.9201780557632446, 0.7097659707069397, 0.6261784434318542, 0.8079943656921387, 0.5898629426956177, 0.5387393832206726, 0.18433739244937897, 0.18550068140029907, 0.31528526544570923, 0.263871431350708, 0.1813514530658722, 0.3339254558086395, 0.6181011199951172, 0.6325393915176392, 0.1906457394361496, 0.2815724015235901, 0.44901007413864136, 0.23918473720550537, 0.24762314558029175, 0.33237752318382263, 0.30826911330223083, 0.4808429479598999]]
Time 1326.2210726737976
