Created graph
[-7.0, -5, -3.0]
[-4.0, -3.0, -2.0]
[-4.5, -4.0, -3.5]
[-4.25, -4.0, -3.75]
[-4.375, -4.25, -4.125]
[-4.4375, -4.375, -4.3125]
0.1 10000 3
Score: 73.64561
Signatures: [[0.11944428086280823, 0.27125099301338196, 0.07022496312856674, 0.07754410058259964, 0.10588552802801132, 0.0, 0.05289348214864731, 0.11562182009220123, 0.0, 0.0027918312698602676, 0.08153936266899109, 0.10366436094045639, 2.099375009536743, 0.9125385284423828, 0.16668671369552612, 1.1193082332611084, 0.20917969942092896, 0.20291781425476074, 0.21165700256824493, 0.1710745245218277, 0.3379466235637665, 0.03315277770161629, 0.0, 0.4978862702846527, 0.11268768459558487, 0.05467887595295906, 0.07018502056598663, 0.296464741230011, 12.81503677368164, 4.502047538757324, 1.0931377410888672, 14.463176727294922, 0.34227144718170166, 0.030551638454198837, 0.01693716272711754, 0.10475797206163406, 0.7659858465194702, 0.06570270657539368, 0.0, 0.2623724937438965, 0.20701882243156433, 0.0, 0.0, 0.3680586516857147, 10.32451057434082, 2.9788622856140137, 2.097944736480713, 3.688020706176758, 0.0, 0.011592654511332512, 0.1030644029378891, 0.0, 0.2045251876115799, 0.0, 0.014400513842701912, 0.12943623960018158, 0.04222721606492996, 0.017900856211781502, 0.026573829352855682, 0.03758466616272926, 0.0, 0.037904489785432816, 0.044699348509311676, 0.025367390364408493, 0.07618950307369232, 0.06325406581163406, 0.19608968496322632, 0.09945648163557053, 0.0, 0.1880626231431961, 0.0, 0.11815036833286285, 0.0, 0.0067114694975316525, 0.0, 0.17309416830539703, 0.022311899811029434, 0.085228830575943, 0.003946150187402964, 0.0, 0.0, 0.007201881613582373, 0.03454748913645744, 0.023657744750380516, 0.02304670959711075, 0.04958784952759743, 0.0, 0.1250467598438263, 0.03257078304886818, 0.0, 0.011839541606605053, 0.09480172395706177, 0.007310124114155769, 0.0, 0.16843979060649872, 0.0710536390542984], [0.0, 0.0, 0.0, 0.0, 0.0, 0.0, 0.0, 0.0, 0.0, 0.0, 0.0, 0.0, 1.4547698497772217, 0.3174103796482086, 0.37883925437927246, 0.4539046585559845, 0.0, 0.0, 0.0, 0.0, 0.0, 0.0, 0.0, 0.0, 0.0, 0.0, 0.0, 0.0, 4.522374153137207, 1.278037667274475, 0.24209129810333252, 8.285411834716797, 0.006127031520009041, 0.0, 0.012721626088023186, 0.018292946740984917, 0.43656060099601746, 0.04553335905075073, 0.10028968006372452, 0.05233769863843918, 3.093230407102965e-05, 0.0, 0.0, 0.0, 21.10117530822754, 4.146524906158447, 5.60970401763916, 11.483638763427734, 0.0, 0.0, 0.05620464310050011, 0.0, 0.0, 0.0, 0.0, 0.0, 0.0, 0.0, 0.0, 0.0, 0.0, 0.0, 0.0, 0.0, 0.0, 0.0, 0.0, 0.0, 0.0, 0.0, 0.0, 0.0, 0.0, 0.0, 0.0, 0.0, 0.0, 0.0, 0.0, 0.024171900004148483, 0.0, 0.0, 0.0, 0.0, 0.0, 0.0, 0.0, 0.0, 0.0, 0.016828207299113274, 0.0, 0.0, 0.0, 0.0, 0.0, 0.0], [1.4036881923675537, 1.8795413970947266, 0.5316078066825867, 1.0801926851272583, 1.382325291633606, 1.538273811340332, 0.5521609783172607, 1.3944984674453735, 1.4464441537857056, 1.3937374353408813, 0.33088359236717224, 1.235390305519104, 1.3024191856384277, 1.9374089241027832, 0.5326665043830872, 1.900830864906311, 1.040693998336792, 0.847535252571106, 0.5808807611465454, 1.0537388324737549, 0.8732255697250366, 1.0228685140609741, 0.706978976726532, 1.2849019765853882, 0.5369961261749268, 0.8715105652809143, 0.38403627276420593, 0.918197512626648, 1.2444989681243896, 1.3228000402450562, 0.6046597361564636, 2.0138041973114014, 1.8406449556350708, 1.717545509338379, 7.625938892364502, 1.6907918453216553, 2.1759541034698486, 1.9379262924194336, 6.737338542938232, 2.477917194366455, 2.430471420288086, 2.629761219024658, 7.246962070465088, 2.187039613723755, 2.5126240253448486, 3.5119452476501465, 5.113877773284912, 2.845304489135742, 0.42866119742393494, 0.8047928214073181, 0.6491713523864746, 0.481473445892334, 0.2261316478252411, 0.8994054198265076, 0.9805272221565247, 0.7141566872596741, 0.27193644642829895, 0.5616037845611572, 0.5239487290382385, 0.3918670117855072, 0.4166255593299866, 0.4205317199230194, 0.3524571359157562, 0.5003003478050232, 1.0492711067199707, 0.8504007458686829, 1.4636120796203613, 1.4596081972122192, 0.5340420007705688, 1.0777629613876343, 1.2020738124847412, 1.1766788959503174, 1.316715121269226, 0.701716423034668, 1.1085525751113892, 0.8812043070793152, 0.7577540278434753, 0.9900661110877991, 0.7113953828811646, 0.668343186378479, 0.22876955568790436, 0.23075900971889496, 0.3973178267478943, 0.3359706997871399, 0.22529372572898865, 0.41763007640838623, 0.7543182969093323, 0.7898332476615906, 0.23944731056690216, 0.3530837893486023, 0.5564488768577576, 0.30308517813682556, 0.30779755115509033, 0.4061077833175659, 0.393278032541275, 0.6067482829093933]]
Time 1336.3748292922974
