Created graph
[-7.0, -5, -3.0]
[-6.0, -5, -4.0]
[-4.5, -4.0, -3.5]
[-4.25, -4.0, -3.75]
[-4.125, -4.0, -3.875]
[-4.1875, -4.125, -4.0625]
0.1 1000000 3
Score: 101.12827
Signatures: [[0.4197274148464203, 1.1348508596420288, 0.08466697484254837, 0.4075067639350891, 0.33655205368995667, 0.1638239622116089, 0.2685500979423523, 0.7783299684524536, 0.3279838263988495, 0.3302026391029358, 0.3017738461494446, 0.4661175608634949, 4.567350387573242, 2.028719186782837, 0.8255757093429565, 2.150346040725708, 0.9812617301940918, 0.11137652397155762, 0.3433283567428589, 0.31511563062667847, 0.27032479643821716, 0.42003607749938965, 0.19940224289894104, 0.6201592087745667, 0.5129901766777039, 0.27890506386756897, 0.1592262089252472, 0.14307092130184174, 18.953369140625, 6.688142776489258, 1.488814115524292, 27.049055099487305, 1.4272607564926147, 0.6799302101135254, 2.4698970317840576, 0.7869592905044556, 2.2643141746520996, 0.7650761008262634, 3.0857160091400146, 1.2407201528549194, 1.2389143705368042, 1.142265796661377, 2.001570701599121, 1.5920459032058716, 36.554683685302734, 9.85368824005127, 10.942739486694336, 18.156917572021484, 0.013930358923971653, 0.6889824271202087, 0.2287028282880783, 0.07894742488861084, 0.24266915023326874, 0.1574154943227768, 0.38297727704048157, 0.1592341959476471, 0.21632720530033112, 0.3404593765735626, 0.10036733001470566, 0.11529326438903809, 0.01626117154955864, 0.17119288444519043, 0.31505340337753296, 0.2883777320384979, 0.4019056558609009, 0.3819834589958191, 0.7459372878074646, 0.7852470278739929, 0.16637492179870605, 0.3155589699745178, 0.32940104603767395, 0.8077110052108765, 0.4024263918399811, 0.4518296718597412, 0.3756221532821655, 0.5263281464576721, 0.17146748304367065, 0.28322911262512207, 0.2409794181585312, 0.31233638525009155, 0.0, 0.1453760862350464, 0.19298474490642548, 0.08233115077018738, 0.0, 0.179968923330307, 0.07743760198354721, 0.06191812828183174, 0.036040663719177246, 0.2606326639652252, 0.12054406106472015, 0.0, 0.10722038149833679, 0.1611359715461731, 0.7733867168426514, 0.19918662309646606], [2.3689136505126953, 3.1130123138427734, 0.9319043755531311, 1.7444243431091309, 2.2372725009918213, 2.3628978729248047, 0.8874372243881226, 2.1151249408721924, 2.2321884632110596, 2.173405170440674, 0.672257661819458, 1.9205772876739502, 3.988926887512207, 4.03646183013916, 1.20781672000885, 3.8030431270599365, 1.7065320014953613, 1.661653757095337, 0.9754067659378052, 1.7920172214508057, 1.51761794090271, 1.598231554031372, 1.2460514307022095, 2.231360912322998, 0.884956955909729, 1.4828740358352661, 0.6535958051681519, 1.5659536123275757, 10.71982192993164, 5.117275238037109, 1.7701313495635986, 15.099034309387207, 3.2896924018859863, 2.874077796936035, 12.562063217163086, 2.579024076461792, 4.3892951011657715, 3.3972716331481934, 11.40664291381836, 4.2391252517700195, 4.001667022705078, 3.8177602291107178, 12.039885520935059, 3.674924850463867, 20.967605590820312, 9.710102081298828, 12.468465805053711, 12.520974159240723, 0.6731182932853699, 1.3104832172393799, 1.2991169691085815, 0.8497562408447266, 0.4646645188331604, 1.4497604370117188, 1.6219412088394165, 1.245403528213501, 0.48041391372680664, 0.9110850691795349, 0.8266792297363281, 0.7463601231575012, 0.696655809879303, 0.7233738303184509, 0.5962933897972107, 0.7402385473251343, 1.7753788232803345, 1.3345324993133545, 2.5994045734405518, 2.5813777446746826, 0.8034027218818665, 1.6075776815414429, 2.0220162868499756, 1.7141371965408325, 1.7613235712051392, 1.0862194299697876, 1.6262050867080688, 1.4873533248901367, 1.0160048007965088, 1.5451112985610962, 1.0103965997695923, 1.070435643196106, 0.46546831727027893, 0.3561770021915436, 0.7129108309745789, 0.6076309680938721, 0.4134047329425812, 0.6936551928520203, 1.212043285369873, 1.3722807168960571, 0.4111925959587097, 0.5701812505722046, 0.9279571771621704, 0.6603027582168579, 0.5198526382446289, 0.6634591221809387, 0.7261294722557068, 1.0642136335372925], [0.136288121342659, 0.7116071581840515, 0.0, 0.19796323776245117, 0.3187544643878937, 0.01324686873704195, 0.1890658438205719, 0.5548527240753174, 0.0, 0.14580850303173065, 0.0, 0.3881702125072479, 5.2229108810424805, 1.8025082349777222, 0.7849729061126709, 2.626950979232788, 0.06197519600391388, 0.030236484482884407, 0.3179912865161896, 0.204441636800766, 0.6707028150558472, 0.0826997384428978, 0.0, 1.0361707210540771, 0.06580046564340591, 0.0, 0.0, 0.7357646822929382, 23.303749084472656, 8.163538932800293, 1.7465441226959229, 33.47464370727539, 0.18530330061912537, 0.1460307389497757, 0.854511022567749, 0.6517073512077332, 1.7398953437805176, 0.4496435821056366, 1.2705471515655518, 0.8154847025871277, 0.6046205759048462, 0.4615439176559448, 0.44998833537101746, 0.4626190960407257, 45.170860290527344, 10.919829368591309, 11.78549575805664, 22.768932342529297, 0.0, 0.0, 0.22387151420116425, 0.0, 0.24145016074180603, 0.07306503504514694, 0.019106464460492134, 0.0, 0.07196402549743652, 0.0, 0.2106775939464569, 0.00879727117717266, 0.0, 0.112799271941185, 0.05330856516957283, 0.025358812883496284, 0.0, 0.07576850801706314, 0.24637070298194885, 0.3169468343257904, 0.25100624561309814, 0.5982705950737, 0.014909191988408566, 0.05071185901761055, 0.09666386991739273, 0.029129471629858017, 0.13679863512516022, 0.3493494689464569, 0.45474597811698914, 0.11151435971260071, 0.0519995391368866, 0.1261478215456009, 0.0, 0.0, 0.0, 0.058254070580005646, 0.0, 0.13165071606636047, 0.0, 0.17784199118614197, 0.09248238056898117, 0.0867222249507904, 0.0, 0.0, 0.0, 0.08534417301416397, 0.0, 0.13180437684059143]]
Time 1288.5180671215057
