Created graph
[-7.0, -5, -3.0]
[-4.0, -3.0, -2.0]
[-4.5, -4.0, -3.5]
[-4.25, -4.0, -3.75]
[-3.875, -3.75, -3.625]
[-3.9375, -3.875, -3.8125]
0.1 100000 3
Score: 72.81972
Signatures: [[0.003909643739461899, 0.09364326298236847, 0.0074621341191232204, 2.7865344236488454e-05, 0.010746107436716557, 0.0, 0.019859857857227325, 0.02375101111829281, 0.0, 0.0, 0.07961534708738327, 0.023009024560451508, 4.8346734046936035, 1.0812346935272217, 0.6147311925888062, 1.3710906505584717, 0.12552811205387115, 0.16113121807575226, 0.1802552044391632, 0.11462251842021942, 0.2581588327884674, 0.0, 0.0, 0.37804704904556274, 0.05000722035765648, 0.0, 0.04367734119296074, 0.2626411020755768, 27.378820419311523, 8.543570518493652, 1.8479647636413574, 35.31081008911133, 0.17191313207149506, 0.0, 0.0, 0.007544298656284809, 0.9496940970420837, 0.0, 0.0, 0.011972309090197086, 0.07930369675159454, 0.0, 0.0, 0.18885406851768494, 42.60683822631836, 8.473987579345703, 8.090814590454102, 18.345590591430664, 0.0, 0.0, 0.041769541800022125, 0.0, 0.22799640893936157, 0.0, 0.0, 0.030231164768338203, 0.011701993644237518, 0.0010615617502480745, 0.0, 0.010106634348630905, 0.0, 0.02692226693034172, 0.0, 0.0, 0.008373326621949673, 0.005473616067320108, 0.1661253720521927, 0.03378378227353096, 0.0, 0.16690713167190552, 0.0, 0.001953883096575737, 0.0, 0.0, 0.0, 0.14767450094223022, 0.005866095423698425, 0.001035058405250311, 0.0, 0.0, 0.0, 0.0, 0.0, 0.0, 0.0021965180058032274, 0.008852719329297543, 0.0, 0.04058915749192238, 0.0, 0.0, 0.0, 0.0508185550570488, 0.0, 0.0, 0.11092457920312881, 0.0229074377566576], [0.0, 0.0, 0.0, 0.0, 0.0, 0.0, 0.022563284263014793, 0.11463677883148193, 0.0, 0.0, 0.06857512891292572, 0.051749054342508316, 3.705048084259033, 1.8949488401412964, 0.7874862551689148, 2.231386661529541, 0.15283839404582977, 0.0, 0.0, 0.0, 0.23981499671936035, 0.0, 0.0, 0.346955269575119, 0.18100063502788544, 0.0, 0.0, 0.0, 11.057400703430176, 4.6482415199279785, 1.105318307876587, 17.485801696777344, 0.6276721954345703, 0.0, 0.0011789961718022823, 0.3018382489681244, 1.9164756536483765, 0.34210968017578125, 0.07566114515066147, 0.780035138130188, 0.3069777190685272, 0.01203062478452921, 0.0, 0.4479539394378662, 36.96538543701172, 9.547710418701172, 12.170570373535156, 20.970134735107422, 0.0, 0.0, 0.35350099205970764, 0.0, 0.1203891858458519, 0.0, 0.0, 0.0, 0.06911594420671463, 0.010797031223773956, 0.0, 0.0, 0.0, 0.0, 0.0, 0.0, 0.0, 0.0, 0.0, 0.0, 0.0, 0.0, 0.0, 0.0, 0.0, 0.0, 0.0, 0.00597737729549408, 0.0, 0.0, 0.0, 0.09280640631914139, 0.0, 0.0, 0.0, 0.0, 0.0, 0.0, 0.0, 0.0, 0.0, 0.060697074979543686, 0.0, 0.0, 0.0, 0.0, 0.1308196485042572, 0.0], [3.006641387939453, 4.051887512207031, 1.157436728477478, 2.2944493293762207, 2.947787284851074, 3.1973636150360107, 1.183977484703064, 2.915498971939087, 2.9618780612945557, 2.90226149559021, 0.7170332670211792, 2.605004072189331, 2.79257869720459, 4.10411262512207, 1.0940080881118774, 4.026371002197266, 2.225552797317505, 1.8788459300994873, 1.3072682619094849, 2.2899250984191895, 1.8933507204055786, 2.1542792320251465, 1.4908992052078247, 2.8325071334838867, 1.1361531019210815, 1.8416749238967896, 0.8315441012382507, 2.0801377296447754, 3.659804344177246, 3.1135568618774414, 1.371870517730713, 5.306976318359375, 3.8559443950653076, 3.6193575859069824, 15.779751777648926, 3.4632174968719482, 4.614038944244385, 4.031705379486084, 14.094690322875977, 5.151976108551025, 5.085694789886475, 5.380132675170898, 15.11005973815918, 4.616926670074463, 5.008364200592041, 7.314493179321289, 10.34912395477295, 5.474796295166016, 0.8814513683319092, 1.6966118812561035, 1.3646275997161865, 1.0119990110397339, 0.5131945610046387, 1.8730069398880005, 2.065988063812256, 1.5693668127059937, 0.5724462866783142, 1.1754965782165527, 1.107494831085205, 0.8499391078948975, 0.8585413694381714, 0.9030869603157043, 0.7680492401123047, 1.0506774187088013, 2.240121364593506, 1.806280493736267, 3.200282096862793, 3.1211612224578857, 1.1129399538040161, 2.3069965839385986, 2.488358736038208, 2.5094027519226074, 2.676358461380005, 1.4530513286590576, 2.2775237560272217, 1.9008060693740845, 1.5594295263290405, 2.115877389907837, 1.4611331224441528, 1.3774292469024658, 0.48544591665267944, 0.4862942695617676, 0.8564763069152832, 0.7335189580917358, 0.48458734154701233, 0.9179314970970154, 1.5724291801452637, 1.741132140159607, 0.529812216758728, 0.7418645620346069, 1.1668810844421387, 0.6983218193054199, 0.6475571393966675, 0.8381251096725464, 0.8846055269241333, 1.3280941247940063]]
Time 1289.1772842407227
