Created graph
[-7.0, -5, -3.0]
[-4.0, -3.0, -2.0]
[-4.5, -4.0, -3.5]
[-4.25, -4.0, -3.75]
[-4.375, -4.25, -4.125]
[-4.4375, -4.375, -4.3125]
0.1 10000 4
Score: 72.0715
Signatures: [[1.2630468606948853, 2.0334062576293945, 0.4243842661380768, 0.9310845732688904, 1.1860101222991943, 1.2042698860168457, 0.5481463074684143, 1.1664243936538696, 0.7770928740501404, 1.2753064632415771, 0.25993940234184265, 1.2478030920028687, 2.191579818725586, 2.286848545074463, 0.4190138280391693, 2.8613061904907227, 1.2655457258224487, 0.7854214310646057, 0.7998735308647156, 1.3178155422210693, 1.2214467525482178, 0.9533654451370239, 0.5808398127555847, 1.8022396564483643, 0.5971060991287231, 1.0071865320205688, 0.4163115322589874, 1.2258203029632568, 2.845323324203491, 2.5261495113372803, 0.7693288326263428, 5.263852119445801, 1.7362016439437866, 0.991782009601593, 2.4721598625183105, 1.2354451417922974, 1.9011434316635132, 1.1496174335479736, 1.1434636116027832, 1.9549363851547241, 1.031396508216858, 0.8117659091949463, 0.4786216616630554, 1.7599958181381226, 4.292318344116211, 4.040924072265625, 3.18257212638855, 4.318792343139648, 0.21139594912528992, 0.6287123560905457, 0.5491092801094055, 0.11721469461917877, 0.19882124662399292, 0.8030815124511719, 0.6784384250640869, 0.7744104862213135, 0.28092795610427856, 0.3724880516529083, 0.47529447078704834, 0.2641599774360657, 0.18222014605998993, 0.3353026509284973, 0.28578847646713257, 0.44750577211380005, 0.5794349312782288, 0.68889319896698, 0.7424318790435791, 1.0742722749710083, 0.23180516064167023, 0.45212817192077637, 0.7684465050697327, 0.593468189239502, 0.08485757559537888, 0.4694880545139313, 0.0415341779589653, 0.6806656718254089, 0.25815752148628235, 0.5225052833557129, 0.04644216597080231, 0.4875117838382721, 0.07555393874645233, 0.17062120139598846, 0.47317951917648315, 0.28145894408226013, 0.15604019165039062, 0.37310823798179626, 0.6418431997299194, 0.596211850643158, 0.1880587786436081, 0.23983043432235718, 0.45216259360313416, 0.35444021224975586, 0.2574385404586792, 0.19717873632907867, 0.3412919342517853, 0.5285390019416809], [0.0, 0.0, 0.0, 0.0, 0.0, 0.0, 0.0, 0.0, 0.0, 0.0, 0.017643729224801064, 0.0, 1.606690526008606, 0.2958356440067291, 0.10089322924613953, 0.33225372433662415, 0.0, 0.002584312343969941, 0.0, 0.0, 0.023730142042040825, 0.0, 0.0, 0.0077477023005485535, 0.0, 0.0, 0.0, 0.0, 10.501256942749023, 3.747494697570801, 0.8622468113899231, 14.689544677734375, 0.0, 0.0, 0.021290775388479233, 0.0, 0.20616570115089417, 0.0, 0.04682743176817894, 0.0, 0.10831523686647415, 0.0, 0.12857599556446075, 0.010310787707567215, 14.759754180908203, 3.050493001937866, 2.6777727603912354, 5.147687911987305, 0.0, 0.0, 0.015675829723477364, 0.0, 0.14059817790985107, 0.0, 0.0, 0.0, 0.0, 0.0, 0.0, 0.0, 0.0, 0.0, 0.0, 0.0, 0.0, 0.0, 0.06810877472162247, 0.0, 0.0, 0.08523920178413391, 0.0, 0.0, 0.0, 0.0, 0.0, 0.027582865208387375, 0.0002458308299537748, 0.0, 0.029474463313817978, 0.0, 0.0, 0.0, 0.0, 0.0, 0.0, 0.0, 0.0, 0.0, 0.0, 0.0, 0.0, 0.0, 0.0, 0.0, 0.07227744162082672, 0.0], [0.0, 0.0, 0.0, 0.0, 0.0, 0.0, 0.0, 0.0, 0.0, 0.0, 0.007528774440288544, 0.0, 1.4533756971359253, 0.43101897835731506, 0.4174712002277374, 0.49880313873291016, 0.0, 0.0, 0.0, 0.0, 0.0, 0.0, 0.0, 0.0, 0.0, 0.0, 0.0, 0.0, 5.609863758087158, 1.2354106903076172, 0.2398112416267395, 6.579333305358887, 0.004180513322353363, 0.0, 0.014323556795716286, 0.0, 0.6230464577674866, 0.011166652664542198, 0.23605546355247498, 0.0019569487776607275, 0.00016062587383203208, 0.0, 0.0, 0.0, 17.917146682739258, 3.504570960998535, 5.168984889984131, 10.113743782043457, 0.0, 0.0, 0.04209982976317406, 0.0, 0.0, 0.0, 0.0, 0.0, 0.0, 0.0, 0.0, 0.0, 0.0, 0.0, 0.0, 0.0, 0.0, 0.0, 0.0, 0.0, 0.0, 0.0, 0.0, 0.0, 0.0, 0.0, 0.0, 0.0, 0.0, 0.0, 0.0, 0.0, 0.0, 0.0, 0.0, 0.0, 0.0, 0.0, 0.0, 0.0, 0.0, 0.005054839886724949, 0.0, 0.0, 0.0, 0.0, 0.0, 0.0], [0.884548008441925, 1.0413130521774292, 0.3711460530757904, 0.6991296410560608, 0.9101009964942932, 1.0174483060836792, 0.31705477833747864, 0.9265565276145935, 1.1569706201553345, 0.8227542042732239, 0.24068690836429596, 0.6982735991477966, 0.5520545244216919, 1.0855908393859863, 0.37270262837409973, 0.7604790925979614, 0.514899730682373, 0.5753670334815979, 0.27679696679115295, 0.4885224997997284, 0.37106335163116455, 0.6029208898544312, 0.4535466134548187, 0.5889332294464111, 0.30310148000717163, 0.41614148020744324, 0.21842746436595917, 0.4471341371536255, 0.7537816762924194, 0.5611568689346313, 0.3662458062171936, 0.6899488568305969, 1.1807154417037964, 1.3482227325439453, 7.100262641906738, 1.1888540983200073, 1.4972748756408691, 1.529123067855835, 6.744390487670898, 1.7569451332092285, 2.150419235229492, 2.4403326511383057, 7.7407965660095215, 1.5636465549468994, 1.14974045753479, 2.079815626144409, 4.071412086486816, 1.1687335968017578, 0.3544471263885498, 0.5362553000450134, 0.44781094789505005, 0.46629297733306885, 0.17274309694766998, 0.5406492352485657, 0.7045049667358398, 0.40374597907066345, 0.16056744754314423, 0.4177756607532501, 0.3161182105541229, 0.2980715036392212, 0.3593834638595581, 0.2883310616016388, 0.24739201366901398, 0.30137336254119873, 0.8620078563690186, 0.5591199398040771, 1.2682045698165894, 1.047397255897522, 0.46279770135879517, 0.9841568470001221, 0.8918104767799377, 1.010560393333435, 1.412282109260559, 0.510384738445282, 1.202034831047058, 0.6422099471092224, 0.7023358345031738, 0.8395009636878967, 0.7588262557983398, 0.46866846084594727, 0.21100033819675446, 0.16166198253631592, 0.19065605103969574, 0.22133691608905792, 0.17029349505901337, 0.27087849378585815, 0.4790228307247162, 0.5840696692466736, 0.1722206026315689, 0.25872138142585754, 0.3679235577583313, 0.1723128706216812, 0.19859175384044647, 0.33894431591033936, 0.28842318058013916, 0.4001391530036926]]
Time 1332.4424757957458
