Created graph
[-7.0, -5, -3.0]
[-6.0, -5, -4.0]
[-4.5, -4.0, -3.5]
[-4.25, -4.0, -3.75]
[-3.875, -3.75, -3.625]
[-3.9375, -3.875, -3.8125]
0.1 100000 4
Score: 72.48276
Signatures: [[1.973461389541626, 2.724339246749878, 0.8203809261322021, 1.4763846397399902, 1.9439685344696045, 1.7143032550811768, 0.7753738164901733, 1.8857228755950928, 0.9786427021026611, 1.6761212348937988, 0.3803245723247528, 2.2144644260406494, 3.3412394523620605, 3.7570557594299316, 0.5925194621086121, 4.2122979164123535, 1.9667435884475708, 1.241923451423645, 1.4203615188598633, 2.1217944622039795, 1.8670741319656372, 1.5551875829696655, 0.4505992531776428, 2.759875774383545, 0.8414245247840881, 1.6593327522277832, 0.7876774668693542, 1.9589239358901978, 11.826204299926758, 6.50400972366333, 1.5376206636428833, 15.911259651184082, 2.3680171966552734, 1.4301873445510864, 2.615549087524414, 1.8592586517333984, 2.8193395137786865, 1.6095101833343506, 1.9310091733932495, 3.310974359512329, 2.099255323410034, 1.1821942329406738, 0.9085769057273865, 2.981032371520996, 13.43488883972168, 7.1634979248046875, 5.429278373718262, 7.704963207244873, 0.3577170670032501, 0.676821231842041, 0.7201310992240906, 0.260697603225708, 0.5593739748001099, 1.111687183380127, 1.156785011291504, 1.3781802654266357, 0.37240156531333923, 0.6334765553474426, 0.5845411419868469, 0.5704883933067322, 0.32378819584846497, 0.4573632776737213, 0.3849070072174072, 0.7532985210418701, 1.0470701456069946, 0.9076647162437439, 1.028656005859375, 1.4588375091552734, 0.4651068449020386, 1.3295496702194214, 1.1196118593215942, 1.52456796169281, 0.7307366728782654, 0.7632673382759094, 0.23620887100696564, 1.3589202165603638, 0.6580061912536621, 0.8471142649650574, 0.30126723647117615, 0.479745090007782, 0.08909309655427933, 0.35270100831985474, 0.6514449119567871, 0.3462449908256531, 0.2645866870880127, 0.5669224262237549, 0.71633380651474, 1.0547935962677002, 0.22173470258712769, 0.414020299911499, 0.7003816962242126, 0.46647021174430847, 0.47056347131729126, 0.508531391620636, 0.6347646713256836, 0.6750598549842834], [2.370375156402588, 3.2131636142730713, 0.887796938419342, 1.814324975013733, 2.3218448162078857, 2.614934206008911, 0.9418153762817383, 2.358147382736206, 2.6137044429779053, 2.347325086593628, 0.6196343898773193, 1.9323370456695557, 2.107421875, 3.278651237487793, 0.9600096940994263, 3.04177188873291, 1.686461091041565, 1.485081672668457, 0.9058653712272644, 1.638837456703186, 1.3922231197357178, 1.648341178894043, 1.3331925868988037, 2.0949580669403076, 0.9060626029968262, 1.3214374780654907, 0.593174934387207, 1.5037273168563843, 1.2833220958709717, 1.743746042251587, 1.0175201892852783, 1.8365826606750488, 3.2786858081817627, 3.146364450454712, 14.851020812988281, 2.9397127628326416, 3.938093662261963, 3.6007370948791504, 13.401117324829102, 4.336777210235596, 4.523452281951904, 4.9646430015563965, 14.74039077758789, 3.8611810207366943, 2.7314538955688477, 5.868246555328369, 9.314643859863281, 4.186735153198242, 0.7559208273887634, 1.4686155319213867, 1.196787714958191, 0.9210956692695618, 0.36104634404182434, 1.5027974843978882, 1.6799724102020264, 1.1343905925750732, 0.4655352830886841, 0.9684964418411255, 0.9108294248580933, 0.6692889332771301, 0.7449117302894592, 0.7604814767837524, 0.6475770473480225, 0.799174427986145, 1.9002324342727661, 1.500144600868225, 2.8450639247894287, 2.6668853759765625, 0.9612682461738586, 1.9186559915542603, 2.115652322769165, 2.0118050575256348, 2.4224917888641357, 1.2097710371017456, 2.1817541122436523, 1.510213017463684, 1.3522359132766724, 1.8230867385864258, 1.3497177362442017, 1.2406346797943115, 0.45337584614753723, 0.37139296531677246, 0.6514496803283691, 0.6161909699440002, 0.393965482711792, 0.7370834946632385, 1.3221805095672607, 1.3947670459747314, 0.45222100615501404, 0.6200511455535889, 0.9392982721328735, 0.5438793897628784, 0.49763020873069763, 0.6748623251914978, 0.7118059992790222, 1.1108609437942505], [0.0, 0.0, 0.0, 0.0, 0.0, 0.0, 0.0, 0.0, 0.0, 0.0, 0.0, 0.0, 3.935394287109375, 0.9357767701148987, 0.7580821514129639, 1.402815341949463, 0.0, 0.0, 0.0, 0.0, 0.0, 0.0, 0.0, 0.0, 0.0, 0.0, 0.0, 0.0, 13.700289726257324, 4.309787750244141, 0.7673130631446838, 22.363523483276367, 0.006644191686064005, 0.0, 0.0, 0.0, 1.2421462535858154, 0.022589005529880524, 0.2134866565465927, 0.009983919560909271, 0.009298617020249367, 0.0, 0.0, 0.0, 48.41527557373047, 9.977635383605957, 12.749374389648438, 25.128381729125977, 0.0, 0.0, 0.10582394152879715, 0.0, 0.0, 0.0, 0.0, 0.0, 0.0, 0.0, 0.0, 0.0, 0.0, 0.0, 0.0, 0.0, 0.0, 0.0, 0.0, 0.0, 0.0, 0.0, 0.0, 0.0, 0.0, 0.0, 0.0, 0.0, 0.0, 0.0, 0.0, 0.015480556525290012, 0.0, 0.0, 0.0, 0.0, 0.0, 0.0, 0.0, 0.0, 0.0, 0.0, 0.0, 0.0, 0.0, 0.0, 0.0, 0.0], [0.0, 0.0, 0.0, 0.0, 0.0, 0.0, 0.0, 0.0, 0.0, 0.0, 0.08656997978687286, 0.0, 4.043938159942627, 0.9520589113235474, 0.5136110782623291, 1.085339903831482, 0.0, 0.09185734391212463, 0.013931120745837688, 0.0, 0.18809176981449127, 0.0, 0.0, 0.2772962152957916, 0.04999811202287674, 0.0, 0.0, 0.01836291514337063, 25.57308006286621, 8.029322624206543, 2.0939435958862305, 30.173328399658203, 0.1984601467847824, 0.0, 0.2211448699235916, 0.0, 0.9525164365768433, 0.0, 0.0, 0.0, 0.00828675925731659, 0.0, 0.027085013687610626, 0.025039272382855415, 27.98124885559082, 6.060099124908447, 5.7082905769348145, 11.645905494689941, 0.0, 0.0, 0.0977693423628807, 0.0, 0.3106169104576111, 0.0, 0.0, 0.0, 0.02333594113588333, 0.0, 0.0, 0.0, 0.0, 0.0, 0.0, 0.0, 0.0, 0.0, 0.213875412940979, 0.0, 0.0, 0.048815444111824036, 0.0, 0.0, 0.0, 0.0, 0.0, 0.0, 0.0, 0.0, 0.0, 0.0, 0.0, 0.0, 0.0, 0.0, 0.0, 0.0, 0.0, 0.0, 0.005477313417941332, 0.0, 0.0, 0.053215280175209045, 0.0, 0.0, 0.17840880155563354, 0.0]]
Time 1344.2566871643066
