Created graph
[-11.0, -9, -7.0]
[-8.0, -7.0, -6.0]
[-6.5, -6.0, -5.5]
[-5.75, -5.5, -5.25]
[-5.625, -5.5, -5.375]
[-5.5625, -5.5, -5.4375]
0.1 100000000 3
Score: 178.58878
Signatures: [[0.37884363532066345, 0.694328248500824, 0.0, 0.12913864850997925, 0.1482495814561844, 0.23503540456295013, 0.2681494951248169, 0.4057503342628479, 0.0714578777551651, 0.4029043912887573, 0.02154071070253849, 0.4791288375854492, 0.8865965008735657, 0.44440802931785583, 0.16302178800106049, 0.4201578199863434, 0.279903769493103, 0.0986904576420784, 0.08158568292856216, 0.34615421295166016, 0.2746933698654175, 0.08358979970216751, 0.39161428809165955, 0.4057312607765198, 0.0, 0.04677871987223625, 0.0, 0.1861281394958496, 1.2483668327331543, 0.4600774347782135, 0.22154740989208221, 2.1902225017547607, 0.5351041555404663, 0.3785724937915802, 1.4914305210113525, 0.33470404148101807, 0.39820992946624756, 0.3579913377761841, 0.9912979006767273, 0.37431561946868896, 0.3536067605018616, 0.7221887111663818, 1.312178611755371, 0.3848539888858795, 2.568256378173828, 1.1577062606811523, 1.4115642309188843, 1.4887892007827759, 0.0, 0.15950877964496613, 0.48544055223464966, 0.06998643279075623, 0.07185152173042297, 0.1632324904203415, 0.19582493603229523, 0.08968654274940491, 0.0, 0.05387629196047783, 0.187356099486351, 0.11756104975938797, 0.0, 0.18262356519699097, 0.0, 0.0, 0.31711485981941223, 0.23247776925563812, 0.21151438355445862, 0.5978742837905884, 0.141828715801239, 0.13480737805366516, 0.2231363207101822, 0.046467121690511703, 0.08885210752487183, 0.15118449926376343, 0.39026448130607605, 0.0, 0.3777802288532257, 0.14450475573539734, 0.09325852245092392, 0.4886665344238281, 0.0, 0.07154582440853119, 0.5962483882904053, 0.07845161110162735, 0.0, 0.11503028869628906, 0.3146049976348877, 0.22487546503543854, 0.245184063911438, 0.05945095792412758, 0.0, 0.2448980212211609, 0.02107873000204563, 0.07197962701320648, 0.10609989613294601, 0.34120941162109375], [0.2764376401901245, 0.24425120651721954, 0.3708973228931427, 0.13102835416793823, 0.26088473200798035, 0.23745524883270264, 0.011470090597867966, 0.2690015137195587, 0.2658040523529053, 0.06327793747186661, 0.19056987762451172, 0.1381421685218811, 0.20764672756195068, 0.34534862637519836, 0.09020376205444336, 0.39617764949798584, 0.046823497861623764, 0.2557024359703064, 0.12441051751375198, 0.20183414220809937, 0.10930602252483368, 0.11636650562286377, 0.11501948535442352, 0.2582402229309082, 0.1364419162273407, 0.26894986629486084, 0.42593592405319214, 0.28955164551734924, 1.422459602355957, 0.9091812372207642, 0.29407209157943726, 2.1210901737213135, 0.3431035578250885, 0.38223373889923096, 1.6040457487106323, 0.36174914240837097, 0.6995825171470642, 0.4211355745792389, 1.600656509399414, 0.5322980880737305, 0.4331565499305725, 0.36729446053504944, 1.4467129707336426, 0.37046411633491516, 2.9986257553100586, 1.4387788772583008, 1.5569244623184204, 1.9227970838546753, 0.0020497359801083803, 0.15981744229793549, 0.0, 0.12643276154994965, 0.03401945158839226, 0.2697531580924988, 0.4093766510486603, 0.4534881114959717, 0.11415661126375198, 0.13461433351039886, 0.1130717322230339, 0.0, 0.010637694038450718, 0.05681779980659485, 0.2562146782875061, 0.5054455995559692, 0.22372771799564362, 0.23861859738826752, 0.2687191069126129, 0.1843656748533249, 0.08535075932741165, 0.18267549574375153, 0.11376075446605682, 0.27417874336242676, 0.4191933274269104, 0.0, 0.018956923857331276, 0.31696951389312744, 0.0858963206410408, 0.3973551392555237, 0.1704847663640976, 0.0, 0.21601225435733795, 0.028724519535899162, 0.0, 0.2221730798482895, 0.04934846609830856, 0.12534967064857483, 0.0, 0.18773247301578522, 0.0, 0.09838610142469406, 0.12356369197368622, 0.16105754673480988, 0.149311825633049, 0.12828825414180756, 0.1914006620645523, 0.08373317122459412], [0.20341910421848297, 0.19897793233394623, 0.058522142469882965, 0.41462716460227966, 0.4248046576976776, 0.4362698793411255, 0.09564503282308578, 0.12279580533504486, 0.4916774034500122, 0.3894752264022827, 0.17394855618476868, 0.1234167069196701, 0.4776957631111145, 0.7791550159454346, 0.2886364161968231, 0.583641529083252, 0.32116684317588806, 0.26769283413887024, 0.16735869646072388, 0.07206403464078903, 0.19851481914520264, 0.42388221621513367, 0.005353168584406376, 0.21833288669586182, 0.26115313172340393, 0.23088255524635315, 0.0, 0.12047883868217468, 1.5630005598068237, 0.6280255913734436, 0.13503697514533997, 1.8689669370651245, 0.33939385414123535, 0.3246521055698395, 1.30684232711792, 0.28206828236579895, 0.5098027586936951, 0.41385239362716675, 1.4795827865600586, 0.6390907168388367, 0.6560173630714417, 0.2704780101776123, 1.4751315116882324, 0.6519713401794434, 2.559159755706787, 1.210985779762268, 1.6124002933502197, 1.4202096462249756, 0.3360559344291687, 0.22254317998886108, 0.05575259029865265, 0.14478035271167755, 0.06274963915348053, 0.10295379161834717, 0.013539467006921768, 0.0, 0.21101823449134827, 0.15932025015354156, 0.05828746035695076, 0.22650086879730225, 0.35842466354370117, 0.06366908550262451, 0.13590875267982483, 0.0, 0.1796713024377823, 0.07895704358816147, 0.5020453333854675, 0.16697733104228973, 0.09251738339662552, 0.2889721989631653, 0.4779345989227295, 0.3436928391456604, 0.09611498564481735, 0.45092713832855225, 0.18977011740207672, 0.30859872698783875, 0.0, 0.07371016591787338, 0.08387905359268188, 0.15327748656272888, 0.016633199527859688, 0.04997434467077255, 0.0, 0.0, 0.11781282722949982, 0.10884258896112442, 0.13295450806617737, 0.10496850311756134, 0.0, 0.07907995581626892, 0.23950961232185364, 0.0, 0.025586804375052452, 0.05125005170702934, 0.02307148650288582, 0.015595429576933384]]
Time 1202.7992691993713
