Created graph
[-7.0, -5, -3.0]
[-6.0, -5, -4.0]
[-4.5, -4.0, -3.5]
[-4.75, -4.5, -4.25]
[-4.625, -4.5, -4.375]
[-4.4375, -4.375, -4.3125]
0.1 1 3
Score: 77.22991
Signatures: [[0.12429331988096237, 0.2366527020931244, 0.060899730771780014, 0.08568219095468521, 0.11491892486810684, 0.0, 0.05550717934966087, 0.1207071840763092, 0.0, 0.034109391272068024, 0.06543184071779251, 0.11136498302221298, 1.4370884895324707, 0.675021231174469, 0.10035736858844757, 0.7260782122612, 0.17986580729484558, 0.1671811044216156, 0.1591722071170807, 0.1570274829864502, 0.25085127353668213, 0.05606752634048462, 0.0, 0.37948548793792725, 0.09375836700201035, 0.07124096900224686, 0.060879360884428024, 0.23277871310710907, 9.478235244750977, 3.2534892559051514, 0.8222652077674866, 10.145265579223633, 0.2822446823120117, 0.0661286860704422, 0.03595557063817978, 0.1016625463962555, 0.45196112990379333, 0.06757443398237228, 0.0, 0.2147643119096756, 0.19017864763736725, 0.0, 0.0, 0.30351072549819946, 5.459941864013672, 1.7680954933166504, 0.6692245602607727, 1.3838945627212524, 0.0, 0.029979953542351723, 0.06156628578901291, 0.0, 0.14330075681209564, 0.004063915926963091, 0.04258117824792862, 0.10701847821474075, 0.04036029055714607, 0.03076283447444439, 0.0336243212223053, 0.03925660252571106, 0.0, 0.04000159353017807, 0.03934609144926071, 0.03078729473054409, 0.07076997309923172, 0.06437297910451889, 0.15785212814807892, 0.11605846881866455, 0.0, 0.14680397510528564, 0.016326583921909332, 0.10647182911634445, 0.0, 0.015887785702943802, 0.0, 0.1419335901737213, 0.025384467095136642, 0.07693476974964142, 0.014172852970659733, 0.0, 0.0, 0.012561212293803692, 0.04043813422322273, 0.029272859916090965, 0.022015107795596123, 0.044818151742219925, 0.00789799727499485, 0.10568603128194809, 0.03018365614116192, 0.0, 0.02276363968849182, 0.07194565236568451, 0.014514854177832603, 0.0, 0.12447710335254669, 0.06597418338060379], [0.0, 0.0, 0.0, 0.0, 0.0, 0.0, 0.0, 0.0, 0.0, 0.0, 0.0, 0.0, 0.8653284311294556, 0.18883779644966125, 0.2600772976875305, 0.3441106379032135, 0.0, 0.0, 0.0, 0.0, 0.0, 0.0, 0.0, 0.0, 0.0, 0.0, 0.0, 0.0, 1.957139015197754, 0.5298941135406494, 0.08454728126525879, 4.501290321350098, 0.011937427334487438, 0.0, 0.1708764284849167, 0.02809027023613453, 0.37994083762168884, 0.06831175833940506, 0.2515822649002075, 0.07114440947771072, 0.020301539450883865, 0.018927834928035736, 0.0, 0.0, 14.368181228637695, 2.801114082336426, 4.291328430175781, 8.051198959350586, 0.0, 0.0, 0.060966599732637405, 0.0, 0.0, 0.0, 0.0, 0.0, 0.0, 0.0, 0.0, 0.0, 0.0, 0.0, 0.0, 0.0, 0.0, 0.0, 0.0, 0.0, 0.0, 0.0, 0.0, 0.0, 0.0, 0.0, 0.0, 0.0, 0.0, 0.0, 0.0, 0.03249639272689819, 0.0, 0.0, 0.0, 0.0, 0.0, 0.0, 0.0, 0.0, 0.0, 0.018706323578953743, 0.0, 0.0, 0.0, 0.005838207434862852, 0.0, 0.0], [1.0753473043441772, 1.442124366760254, 0.4102959632873535, 0.8307819962501526, 1.064050316810608, 1.2197625637054443, 0.4205348789691925, 1.0740268230438232, 1.1671169996261597, 1.0863317251205444, 0.2464183121919632, 0.9486983418464661, 0.9313780665397644, 1.4407974481582642, 0.40006813406944275, 1.4174211025238037, 0.7908617854118347, 0.6463431715965271, 0.4417220652103424, 0.803787112236023, 0.6717307567596436, 0.7926517724990845, 0.5490233302116394, 0.9721258878707886, 0.4078613817691803, 0.6665043234825134, 0.2957366704940796, 0.6971238851547241, 0.5165134072303772, 0.8759251236915588, 0.41568896174430847, 0.9841690063476562, 1.3955092430114746, 1.3187752962112427, 5.992484092712402, 1.3203543424606323, 1.6330453157424927, 1.4838765859603882, 5.184715270996094, 1.893888235092163, 1.8739694356918335, 2.091846227645874, 5.689094543457031, 1.6769545078277588, 1.3097586631774902, 2.5547168254852295, 3.8101892471313477, 2.005347490310669, 0.34625086188316345, 0.6190266013145447, 0.4894297122955322, 0.3751866817474365, 0.1688089370727539, 0.7052326202392578, 0.753164529800415, 0.5548688769340515, 0.2049616128206253, 0.43407580256462097, 0.40311771631240845, 0.296638548374176, 0.33294424414634705, 0.31906992197036743, 0.2714482843875885, 0.39284494519233704, 0.8157297968864441, 0.6639276146888733, 1.1247968673706055, 1.1130226850509644, 0.4214773178100586, 0.8472421765327454, 0.9468153119087219, 0.9203804731369019, 1.0628100633621216, 0.5532742738723755, 0.886551022529602, 0.6822459697723389, 0.6032662987709045, 0.7783082127571106, 0.5687698721885681, 0.5171518325805664, 0.1768740564584732, 0.17834338545799255, 0.3026726543903351, 0.2528165876865387, 0.17444591224193573, 0.32047662138938904, 0.5947760939598083, 0.6080383062362671, 0.18304625153541565, 0.2699793875217438, 0.4315558969974518, 0.22973620891571045, 0.23774760961532593, 0.3194817006587982, 0.2951618432998657, 0.461134135723114]]
Time 1346.76757478714
