Created graph
[-7.0, -5, -3.0]
[-6.0, -5, -4.0]
[-5.5, -5, -4.5]
[-5.25, -5, -4.75]
[-4.875, -4.75, -4.625]
[-4.9375, -4.875, -4.8125]
5000 3 10
Score: 105.80738
Signatures: [[0.020798124372959137, 0.35780856013298035, 0.07390202581882477, 0.10414749383926392, 0.12996463477611542, 0.0, 0.07034396380186081, 0.17248132824897766, 0.0, 0.0, 0.11307306587696075, 0.04187708720564842, 1.8917735815048218, 0.6821732521057129, 0.21443986892700195, 0.666088879108429, 0.2127673327922821, 0.21250119805335999, 0.20259542763233185, 0.16544364392757416, 0.3089623749256134, 0.033559996634721756, 4.2537616536719725e-05, 0.4172981381416321, 0.12168116122484207, 0.06099246069788933, 0.036445192992687225, 0.20588284730911255, 11.96604061126709, 4.203297138214111, 0.9175326228141785, 12.628266334533691, 0.34025052189826965, 0.022921737283468246, 0.0, 0.1323353797197342, 0.6367332935333252, 0.1300133615732193, 0.0, 0.12257079780101776, 0.21563586592674255, 0.0, 0.0, 0.35966068506240845, 10.387266159057617, 3.011976718902588, 2.6375091075897217, 3.2242698669433594, 0.0, 0.0482596829533577, 0.09223087877035141, 0.0, 0.17500972747802734, 0.0, 0.003206473309546709, 0.0, 0.03017924353480339, 0.03220352157950401, 0.022492021322250366, 0.03512817248702049, 0.0007226723246276379, 0.0340411514043808, 0.01827828958630562, 0.004050229676067829, 0.03377022594213486, 0.040412720292806625, 0.14835363626480103, 0.13463075459003448, 0.0, 0.15996164083480835, 0.0048715826123952866, 0.038727954030036926, 0.0, 0.0014884630218148232, 0.0, 0.15456348657608032, 0.02654651738703251, 0.058590956032276154, 0.0, 0.0, 0.0, 0.004973977338522673, 0.017334796488285065, 0.05080551654100418, 0.0175034049898386, 0.05397934466600418, 0.0, 0.2104005217552185, 0.018017815425992012, 0.0, 0.013114694505929947, 0.04218992218375206, 0.022152649238705635, 0.0, 0.1606312096118927, 0.06467123329639435], [0.0, 0.0, 0.0, 0.0, 0.0, 0.0, 0.0, 0.0, 0.0, 0.0, 0.0, 0.0, 1.337079405784607, 0.41459226608276367, 0.29283928871154785, 0.5828667879104614, 0.0, 0.0, 0.0, 0.0, 0.0, 0.0, 0.0, 0.0, 0.0010182097321376204, 0.0, 0.0, 0.0, 2.6299664974212646, 0.8247078061103821, 0.1211235448718071, 7.453727722167969, 0.0, 0.0, 0.07016175985336304, 0.05620567500591278, 0.5148356556892395, 0.08165814727544785, 0.1523200124502182, 0.22117485105991364, 0.05299544334411621, 0.0, 0.0, 0.0, 17.75876235961914, 3.411285400390625, 4.866311550140381, 10.473017692565918, 0.0, 0.0, 0.04330940544605255, 0.0, 0.0, 0.0, 0.0, 0.0, 0.0, 0.00011927418381674215, 0.0, 0.0, 0.0, 0.0, 0.0, 0.0, 0.0, 0.0, 0.0, 0.0, 0.0, 0.0, 0.0, 0.0, 0.0, 0.0, 0.0, 0.0, 0.0, 0.0, 0.0, 0.026557432487607002, 0.0, 0.0, 0.0, 0.0, 0.0, 0.0, 0.0, 0.0, 0.0, 0.038954734802246094, 0.0, 0.0, 0.0, 0.017014963552355766, 0.0, 0.0], [1.5261439085006714, 1.489927053451538, 0.5055619478225708, 1.0525585412979126, 1.2768014669418335, 1.4812756776809692, 0.5123328566551208, 1.2226479053497314, 1.3412472009658813, 1.4278180599212646, 0.2995736598968506, 1.2031145095825195, 1.0512272119522095, 1.7256656885147095, 0.4644916355609894, 1.5086230039596558, 0.9578580260276794, 0.7764261960983276, 0.5683028697967529, 0.9962694644927979, 0.8206817507743835, 0.9781880378723145, 0.6739245057106018, 1.1692105531692505, 0.5046650171279907, 0.768708348274231, 0.37112027406692505, 0.813657283782959, 1.0299952030181885, 1.1403111219406128, 0.5576676726341248, 1.3373409509658813, 1.7840298414230347, 1.7663668394088745, 7.262250900268555, 1.5557512044906616, 1.975382924079895, 1.7507671117782593, 6.106021881103516, 2.3080573081970215, 2.2572195529937744, 2.61723256111145, 7.0160908699035645, 2.0072760581970215, 1.9403395652770996, 3.0470612049102783, 4.444141387939453, 2.3329689502716064, 0.41619816422462463, 0.7668501138687134, 0.5890073776245117, 0.45024967193603516, 0.21167197823524475, 0.8312940001487732, 0.8717262744903564, 0.7041608691215515, 0.26838716864585876, 0.4961532652378082, 0.5179787278175354, 0.3486874997615814, 0.3987271189689636, 0.44318515062332153, 0.33113357424736023, 0.47484245896339417, 0.9738793969154358, 0.8679726719856262, 1.372352123260498, 1.3261841535568237, 0.48294007778167725, 1.0797067880630493, 1.1387360095977783, 1.1116609573364258, 1.345456838607788, 0.6795176267623901, 1.067905068397522, 0.8560130000114441, 0.7558375597000122, 0.9309602975845337, 0.7233078479766846, 0.6094993352890015, 0.22445906698703766, 0.22403410077095032, 0.43656855821609497, 0.2536444664001465, 0.2152177095413208, 0.3649276793003082, 0.7418895959854126, 0.7403327226638794, 0.20963238179683685, 0.30027127265930176, 0.5171067118644714, 0.30946359038352966, 0.2871508002281189, 0.36329787969589233, 0.38035711646080017, 0.5646739602088928]]
Time 2615.1615777015686
