Created graph
[-7.0, -5, -3.0]
[-6.0, -5, -4.0]
[-5.5, -5, -4.5]
[-5.25, -5, -4.75]
[-5.125, -5, -4.875]
[-5.0625, -5, -4.9375]
1 3 250
Score: 107.25008
Signatures: [[1.2246735095977783, 1.2553210258483887, 0.423698753118515, 0.8933376669883728, 1.0594156980514526, 1.1981953382492065, 0.426609069108963, 1.0146007537841797, 1.064416527748108, 1.1359320878982544, 0.2520035207271576, 0.9911478161811829, 1.032171368598938, 1.4885163307189941, 0.4036831557750702, 1.33767569065094, 0.8240596652030945, 0.6531624794006348, 0.4864502251148224, 0.8358927369117737, 0.6888236403465271, 0.7989004850387573, 0.530708909034729, 0.9988040924072266, 0.427115797996521, 0.6402503848075867, 0.3118298649787903, 0.6871240139007568, 1.3192113637924194, 1.1417769193649292, 0.48910483717918396, 1.8829357624053955, 1.4865492582321167, 1.4082189798355103, 5.71711540222168, 1.291976809501648, 1.715493083000183, 1.4627807140350342, 4.892131805419922, 1.9400955438613892, 1.8551032543182373, 2.1024391651153564, 5.570707321166992, 1.6593483686447144, 2.853551149368286, 2.8252317905426025, 3.9900832176208496, 2.3664910793304443, 0.3251396715641022, 0.624758243560791, 0.4973052442073822, 0.3588445782661438, 0.1757431924343109, 0.6789253950119019, 0.7077174782752991, 0.5680596828460693, 0.22667895257472992, 0.41216495633125305, 0.4300493597984314, 0.2885779142379761, 0.31660890579223633, 0.3620063364505768, 0.27159786224365234, 0.38201332092285156, 0.7840402126312256, 0.694965660572052, 1.1136653423309326, 1.0817900896072388, 0.3826114237308502, 0.8913289308547974, 0.9024752974510193, 0.8893426656723022, 1.0648106336593628, 0.5467031598091125, 0.8309231400489807, 0.7066730856895447, 0.6085065603256226, 0.7449128031730652, 0.5622392892837524, 0.49467048048973083, 0.17779047787189484, 0.18149039149284363, 0.352624773979187, 0.20940549671649933, 0.17807988822460175, 0.3011707067489624, 0.5964999198913574, 0.6131084561347961, 0.17011825740337372, 0.24979282915592194, 0.4183935523033142, 0.2590031027793884, 0.23397739231586456, 0.29236748814582825, 0.3251206576824188, 0.45685672760009766], [0.0, 0.14525578916072845, 0.011270271614193916, 0.0027445273008197546, 0.012089812196791172, 0.0, 0.01920880191028118, 0.058558277785778046, 0.0, 0.0, 0.058011047542095184, 0.0, 1.5817131996154785, 0.47035449743270874, 0.16249872744083405, 0.4191781282424927, 0.06932651251554489, 0.087198905646801, 0.09341903030872345, 0.04456830769777298, 0.15161213278770447, 0.0, 0.0, 0.1823408007621765, 0.05055731162428856, 0.0, 0.000546971510630101, 0.06825754791498184, 9.5677490234375, 3.1149492263793945, 0.6888946294784546, 9.90272331237793, 0.13888955116271973, 0.0, 0.0, 0.03472065180540085, 0.4356767237186432, 0.021043283864855766, 0.0, 0.03051629289984703, 0.07621246576309204, 0.0, 0.0, 0.13569135963916779, 7.5999250411987305, 2.1249725818634033, 2.0201597213745117, 2.6114814281463623, 0.0, 0.00023100183170754462, 0.04569757357239723, 0.0, 0.11034996062517166, 0.0, 0.0, 0.0, 0.00471289549022913, 6.395852324203588e-06, 0.0, 0.004950469825416803, 0.0, 0.002399502554908395, 6.929230039531831e-06, 0.0, 0.0, 0.0, 0.04268272593617439, 0.020690519362688065, 0.0, 0.044937632977962494, 0.0, 0.0, 0.0, 0.0, 0.0, 0.0511845126748085, 0.0, 0.0010793621186167002, 0.0, 0.0, 0.0, 0.0, 0.0, 0.014989946037530899, 5.73295219510328e-05, 0.008794690482318401, 0.0, 0.08903414011001587, 0.0, 0.0, 0.0, 0.005409731063991785, 0.0, 0.0, 0.07773325592279434, 0.013134290464222431], [0.0, 0.0, 0.0, 0.0, 0.0, 0.0, 0.0, 0.0, 0.0, 0.0, 0.0, 0.0, 0.5992781519889832, 0.17370103299617767, 0.1795726865530014, 0.35374441742897034, 0.0, 0.0, 0.0, 0.0, 0.0, 0.0, 0.0, 0.0, 5.971431846774067e-07, 0.0, 0.0, 0.0, 0.4159867465496063, 0.21707266569137573, 0.0, 4.046985149383545, 0.0, 0.0, 0.0, 0.00825232733041048, 0.24018710851669312, 0.019194677472114563, 0.0, 0.0752125009894371, 0.0, 0.0, 0.0, 0.0, 12.929587364196777, 2.301539421081543, 3.247267484664917, 7.626021385192871, 0.0, 0.0, 0.010851263999938965, 0.0, 0.0, 0.0, 0.0, 0.0, 0.0, 0.0, 0.0, 0.0, 0.0, 0.0, 0.0, 0.0, 0.0, 0.0, 0.0, 0.0, 0.0, 0.0, 0.0, 0.0, 0.0, 0.0, 0.0, 0.0, 0.0, 0.0, 0.0, 8.521701602148823e-06, 0.0, 0.0, 0.0, 0.0, 0.0, 0.0, 0.0, 0.0, 0.0, 0.016918547451496124, 0.0, 0.0, 0.0, 0.001533461268991232, 0.0, 0.0]]
Time 1791.5954270362854
