Created graph
[-7.0, -5, -3.0]
[-6.0, -5, -4.0]
[-5.5, -5, -4.5]
[-5.25, -5, -4.75]
[-5.125, -5, -4.875]
[-5.0625, -5, -4.9375]
1 3 200
Score: 107.25032
Signatures: [[1.2246758937835693, 1.2553225755691528, 0.42369917035102844, 0.8933387398719788, 1.0594170093536377, 1.1981971263885498, 0.42660969495773315, 1.0146021842956543, 1.064418077468872, 1.1359338760375977, 0.25200387835502625, 0.9911490678787231, 1.032173991203308, 1.4885176420211792, 0.4036831855773926, 1.3376773595809937, 0.8240607380867004, 0.6531633734703064, 0.48645102977752686, 0.8358940482139587, 0.6888246536254883, 0.7989020347595215, 0.5307098031044006, 0.9988057613372803, 0.42711642384529114, 0.6402514576911926, 0.3118303120136261, 0.6871249079704285, 1.3192152976989746, 1.1417783498764038, 0.48910579085350037, 1.8829411268234253, 1.4865505695343018, 1.4082201719284058, 5.7171220779418945, 1.291978120803833, 1.7154951095581055, 1.4627825021743774, 4.892137050628662, 1.940097451210022, 1.8551051616668701, 2.1024413108825684, 5.570713043212891, 1.6593505144119263, 2.8535497188568115, 2.825234889984131, 3.9900832176208496, 2.3664939403533936, 0.325140118598938, 0.6247588992118835, 0.4973057806491852, 0.3588451147079468, 0.17574363946914673, 0.6789265275001526, 0.7077186703681946, 0.5680604577064514, 0.22667929530143738, 0.41216546297073364, 0.4300500154495239, 0.28857848048210144, 0.31660929322242737, 0.362006813287735, 0.27159830927848816, 0.3820140063762665, 0.784041166305542, 0.6949664354324341, 1.1136665344238281, 1.0817915201187134, 0.3826119601726532, 0.8913300633430481, 0.9024766087532043, 0.8893440961837769, 1.0648119449615479, 0.5467039942741394, 0.8309239745140076, 0.7066739797592163, 0.6085070371627808, 0.7449138760566711, 0.5622400641441345, 0.4946710467338562, 0.17779067158699036, 0.18149065971374512, 0.35262542963027954, 0.20940591394901276, 0.17808030545711517, 0.3011710047721863, 0.5965007543563843, 0.6131092309951782, 0.17011848092079163, 0.24979355931282043, 0.41839420795440674, 0.2590036392211914, 0.23397788405418396, 0.292368084192276, 0.3251212537288666, 0.45685750246047974], [0.0, 0.1452566236257553, 0.011270500719547272, 0.0027446879539638758, 0.0120902294293046, 0.0, 0.019208921119570732, 0.058558933436870575, 0.0, 0.0, 0.058010999113321304, 0.0, 1.5817124843597412, 0.47035303711891174, 0.16249698400497437, 0.41917744278907776, 0.06932653486728668, 0.08719894289970398, 0.09341906011104584, 0.044568393379449844, 0.1516120582818985, 0.0, 0.0, 0.18234047293663025, 0.05055750161409378, 0.0, 0.0005469793686643243, 0.06825798004865646, 9.567731857299805, 3.114941120147705, 0.6888939142227173, 9.902706146240234, 0.13889038562774658, 0.0, 0.0, 0.03472105786204338, 0.4356768727302551, 0.02104383148252964, 0.0, 0.030516106635332108, 0.07621275633573532, 0.0, 0.0, 0.13569195568561554, 7.599904537200928, 2.1249635219573975, 2.0201563835144043, 2.611482858657837, 0.0, 0.00023102870909497142, 0.04569791257381439, 0.0, 0.11034984141588211, 0.0, 0.0, 0.0, 0.004712882451713085, 6.406954071280779e-06, 0.0, 0.004950501024723053, 0.0, 0.002399630378931761, 6.9343536779342685e-06, 0.0, 0.0, 0.0, 0.042683254927396774, 0.020690791308879852, 0.0, 0.044937845319509506, 0.0, 0.0, 0.0, 0.0, 0.0, 0.05118435621261597, 0.0, 0.0010794800473377109, 0.0, 0.0, 0.0, 0.0, 0.0, 0.014989911578595638, 5.731881901738234e-05, 0.008794869296252728, 0.0, 0.08903432637453079, 0.0, 0.0, 0.0, 0.00540968170389533, 0.0, 0.0, 0.07773306965827942, 0.013134394772350788], [0.0, 0.0, 0.0, 0.0, 0.0, 0.0, 0.0, 0.0, 0.0, 0.0, 0.0, 0.0, 0.5992745161056519, 0.17370294034481049, 0.1795751452445984, 0.35374483466148376, 0.0, 0.0, 0.0, 0.0, 0.0, 0.0, 0.0, 0.0, 6.115122914707172e-07, 0.0, 0.0, 0.0, 0.4159896969795227, 0.21707864105701447, 0.0, 4.046990871429443, 0.0, 0.0, 0.0, 0.008252471685409546, 0.24018694460391998, 0.019194621592760086, 0.0, 0.07521375268697739, 0.0, 0.0, 0.0, 0.0, 12.929601669311523, 2.301543712615967, 3.2472732067108154, 7.626007556915283, 0.0, 0.0, 0.01085113175213337, 0.0, 0.0, 0.0, 0.0, 0.0, 0.0, 0.0, 0.0, 0.0, 0.0, 0.0, 0.0, 0.0, 0.0, 0.0, 0.0, 0.0, 0.0, 0.0, 0.0, 0.0, 0.0, 0.0, 0.0, 0.0, 0.0, 0.0, 0.0, 8.551613063900732e-06, 0.0, 0.0, 0.0, 0.0, 0.0, 0.0, 0.0, 0.0, 0.0, 0.016918329522013664, 0.0, 0.0, 0.0, 0.0015334592899307609, 0.0, 0.0]]
Time 2703.196458339691
