Created graph
[-7.0, -5, -3.0]
[-6.0, -5, -4.0]
[-5.5, -5, -4.5]
[-5.25, -5, -4.75]
[-5.125, -5, -4.875]
[-5.0625, -5, -4.9375]
0 3 5
Score: 107.25081
Signatures: [[1.2246193885803223, 1.255262851715088, 0.42367905378341675, 0.8932962417602539, 1.0593656301498413, 1.1981408596038818, 0.42658862471580505, 1.0145567655563354, 1.0643689632415771, 1.1358819007873535, 0.25199031829833984, 0.9911019802093506, 1.0321186780929565, 1.4884427785873413, 0.4036603271961212, 1.3376116752624512, 0.8240200877189636, 0.6531301736831665, 0.48642662167549133, 0.8358535170555115, 0.6887897849082947, 0.7988623976707458, 0.5306821465492249, 0.9987545609474182, 0.427094429731369, 0.6402208209037781, 0.3118157386779785, 0.6870905756950378, 1.3191074132919312, 1.1417099237442017, 0.48907631635665894, 1.8827784061431885, 1.4864790439605713, 1.4081538915634155, 5.716855525970459, 1.2919179201126099, 1.7154083251953125, 1.4627121686935425, 4.8918938636779785, 1.9400012493133545, 1.855013370513916, 2.102344512939453, 5.570444583892822, 1.6592689752578735, 2.853299617767334, 2.8250885009765625, 3.989875555038452, 2.3663489818573, 0.325125128030777, 0.6247286200523376, 0.49728158116340637, 0.35882747173309326, 0.17573438584804535, 0.6788933873176575, 0.7076836824417114, 0.5680336952209473, 0.22666825354099274, 0.41214534640312195, 0.4300292432308197, 0.28856396675109863, 0.3165940046310425, 0.3619898855686188, 0.2715848982334137, 0.38199615478515625, 0.7840030193328857, 0.6949336528778076, 1.113610029220581, 1.0817375183105469, 0.3825935125350952, 0.891288161277771, 0.9024333357810974, 0.8893019556999207, 1.0647635459899902, 0.5466784834861755, 0.8308841586112976, 0.7066388726234436, 0.6084798574447632, 0.7448779344558716, 0.5622137784957886, 0.4946468472480774, 0.1777816116809845, 0.18148209154605865, 0.3526087701320648, 0.20939499139785767, 0.1780717968940735, 0.30115601420402527, 0.5964722633361816, 0.6130794882774353, 0.17011013627052307, 0.24978123605251312, 0.41837435960769653, 0.25899046659469604, 0.2339671403169632, 0.2923537790775299, 0.3251044452190399, 0.45683449506759644], [0.0, 0.14524447917938232, 0.01126852072775364, 0.0027435512747615576, 0.0120884720236063, 0.0, 0.019207077100872993, 0.05855388566851616, 0.0, 0.0, 0.058006759732961655, 0.0, 1.5816049575805664, 0.4703293740749359, 0.16248512268066406, 0.4191514849662781, 0.06932110339403152, 0.08719271421432495, 0.09341167658567429, 0.04456445574760437, 0.15160107612609863, 0.0, 0.0, 0.18232674896717072, 0.05055404081940651, 0.0, 0.0005466164438985288, 0.06825315207242966, 9.567172050476074, 3.1147639751434326, 0.6888430118560791, 9.902019500732422, 0.13887758553028107, 0.0, 0.0, 0.034716878086328506, 0.43563899397850037, 0.021041367202997208, 0.0, 0.030514195561408997, 0.07620511949062347, 0.0, 0.0, 0.13567973673343658, 7.599133491516113, 2.1247894763946533, 2.019947052001953, 2.6111254692077637, 0.0, 0.00023060465173330158, 0.045694172382354736, 0.0, 0.11034154146909714, 0.0, 0.0, 0.0, 0.004712808411568403, 6.365247827488929e-06, 0.0, 0.0049499040469527245, 0.0, 0.002398685785010457, 6.9379907472466584e-06, 0.0, 0.0, 0.0, 0.042679622769355774, 0.020688390359282494, 0.0, 0.04493241757154465, 0.0, 0.0, 0.0, 0.0, 0.0, 0.051180317997932434, 0.0, 0.0010783368488773704, 0.0, 0.0, 0.0, 0.0, 0.0, 0.014988357201218605, 5.717090971302241e-05, 0.008793690241873264, 0.0, 0.08902620524168015, 0.0, 0.0, 0.0, 0.005409144330769777, 0.0, 0.0, 0.0777272954583168, 0.013132764957845211], [0.0, 0.0, 0.0, 0.0, 0.0, 0.0, 0.0, 0.0, 0.0, 0.0, 0.0, 0.0, 0.5991992950439453, 0.1736699342727661, 0.17955979704856873, 0.3537064492702484, 0.0, 0.0, 0.0, 0.0, 0.0, 0.0, 0.0, 0.0, 5.524379957932979e-07, 0.0, 0.0, 0.0, 0.4157503545284271, 0.2169766128063202, 0.0, 4.046535968780518, 0.0, 0.0, 0.0, 0.008249419741332531, 0.24016611278057098, 0.019190208986401558, 0.0, 0.07520399242639542, 0.0, 0.0, 0.0, 0.0, 12.928772926330566, 2.3013455867767334, 3.24705171585083, 7.625525951385498, 0.0, 0.0, 0.010849226266145706, 0.0, 0.0, 0.0, 0.0, 0.0, 0.0, 0.0, 0.0, 0.0, 0.0, 0.0, 0.0, 0.0, 0.0, 0.0, 0.0, 0.0, 0.0, 0.0, 0.0, 0.0, 0.0, 0.0, 0.0, 0.0, 0.0, 0.0, 0.0, 8.421891834586859e-06, 0.0, 0.0, 0.0, 0.0, 0.0, 0.0, 0.0, 0.0, 0.0, 0.016916286200284958, 0.0, 0.0, 0.0, 0.0015330136520788074, 0.0, 0.0]]
Time 5140.651855707169
