Created graph
[-7.0, -5, -3.0]
[-6.0, -5, -4.0]
[-5.5, -5, -4.5]
[-5.25, -5, -4.75]
[-5.125, -5, -4.875]
[-5.0625, -5, -4.9375]
10 4 100
Score: 103.53306
Signatures: [[0.0, 0.0, 0.0, 0.0, 0.0, 0.0, 0.0, 0.0, 0.0, 0.0, 0.0, 0.0, 0.5331323742866516, 0.28853219747543335, 0.19542916119098663, 0.4195486307144165, 0.0, 0.0, 0.0, 0.0, 0.0, 0.0, 0.0, 0.0, 0.0025593312457203865, 0.0, 0.0, 0.0, 0.0, 0.04141971468925476, 0.0, 3.062357187271118, 0.009863249957561493, 0.0, 0.0, 0.06675009429454803, 0.3663102686405182, 0.033610135316848755, 0.0, 0.09910503029823303, 0.028229283168911934, 0.015078244730830193, 0.0, 0.0, 12.35989761352539, 2.6437771320343018, 4.204056262969971, 6.8584160804748535, 0.0, 0.0, 0.04087693244218826, 0.0, 0.0, 0.0, 0.0, 0.0, 0.0020407927222549915, 0.0, 0.0, 0.0, 0.0, 0.0, 0.0, 0.0, 0.0, 0.0, 0.0, 0.0, 0.0, 0.0, 0.0, 0.0, 0.0, 0.0, 0.0, 0.0, 0.0, 0.0, 0.0, 0.05529303103685379, 0.0, 0.0, 0.0, 0.0, 0.0, 0.0, 0.0, 0.0, 0.0, 0.029420798644423485, 0.0, 0.0, 0.0, 0.0, 0.0, 0.0], [0.4542098343372345, 0.839901864528656, 0.27815476059913635, 0.3647783696651459, 0.4100044369697571, 0.2928049564361572, 0.30322691798210144, 0.5610487461090088, 0.07614877820014954, 0.45871463418006897, 0.1402936726808548, 0.45145007967948914, 1.76084566116333, 0.8022351264953613, 0.11357050389051437, 1.0761027336120605, 0.4453478157520294, 0.1277802288532257, 0.2829881012439728, 0.41800037026405334, 0.33915939927101135, 0.27811336517333984, 0.19187241792678833, 0.5395663976669312, 0.10746040940284729, 0.32924655079841614, 0.05247390270233154, 0.49244698882102966, 3.210146903991699, 1.3457740545272827, 0.7196351289749146, 2.7858071327209473, 0.47111889719963074, 0.15004266798496246, 2.8718037605285645, 0.3084944486618042, 1.0733304023742676, 0.6912631392478943, 2.3735220432281494, 0.9378029108047485, 0.8379607200622559, 0.28051838278770447, 2.442450523376465, 0.5740825533866882, 2.093614101409912, 1.3130484819412231, 2.4464645385742188, 4.656649589538574, 0.12341763079166412, 0.20869781076908112, 0.10086408257484436, 0.0, 0.17590250074863434, 0.2046605497598648, 0.24591417610645294, 0.19651082158088684, 0.08161258697509766, 0.22460299730300903, 0.14175544679164886, 0.1738709658384323, 0.15185323357582092, 0.09226357936859131, 0.19946004450321198, 0.04102224111557007, 0.38479530811309814, 0.0, 0.6353284120559692, 0.5547496676445007, 0.0, 0.19450585544109344, 0.2195637822151184, 0.31758543848991394, 0.1866259127855301, 0.3076801896095276, 0.07284591346979141, 0.18744111061096191, 0.04559876769781113, 0.4172566831111908, 0.04967625439167023, 0.0, 0.06452326476573944, 0.12066479027271271, 0.17120511829853058, 0.15970151126384735, 0.03818705677986145, 0.11009755730628967, 0.1755482405424118, 0.2915816903114319, 0.06822997331619263, 0.05936366692185402, 0.12770210206508636, 0.16805769503116608, 0.10060464590787888, 0.1502993255853653, 0.1646886020898819, 0.2132517397403717], [1.1593725681304932, 0.9977067708969116, 0.31633856892585754, 0.8139259219169617, 1.0044771432876587, 1.244044303894043, 0.30412131547927856, 0.848999559879303, 1.2410974502563477, 1.0494943857192993, 0.21963618695735931, 0.8831272125244141, 0.19275350868701935, 1.2680526971817017, 0.37969648838043213, 0.9323086142539978, 0.7048887014389038, 0.730207622051239, 0.426056444644928, 0.7421544194221497, 0.6428682208061218, 0.7791727781295776, 0.508952260017395, 0.885246753692627, 0.45010221004486084, 0.5424121618270874, 0.34713849425315857, 0.52756667137146, 0.2718442976474762, 0.7539632320404053, 0.18409442901611328, 1.2937756776809692, 1.4870579242706299, 1.603350043296814, 4.799354553222656, 1.3324546813964844, 1.374734878540039, 1.252852439880371, 4.118316173553467, 1.6621180772781372, 1.6390949487686157, 2.2973217964172363, 4.7947211265563965, 1.6225333213806152, 1.88532555103302, 2.414043664932251, 2.8939900398254395, 0.0, 0.29823166131973267, 0.611901044845581, 0.5185164213180542, 0.44914206862449646, 0.12364668399095535, 0.6713354587554932, 0.6746364831924438, 0.5459474921226501, 0.21733705699443817, 0.3376756012439728, 0.4171556830406189, 0.22676585614681244, 0.2749970853328705, 0.37673327326774597, 0.18475356698036194, 0.4522407650947571, 0.6688438653945923, 0.8676033616065979, 0.9021985530853271, 0.9170799851417542, 0.47389793395996094, 0.9511898159980774, 0.9489349126815796, 0.8621744513511658, 1.1392275094985962, 0.4276050925254822, 0.9441473484039307, 0.746078610420227, 0.7122825980186462, 0.6029290556907654, 0.6476142406463623, 0.5901777744293213, 0.1659996211528778, 0.13306273519992828, 0.31090959906578064, 0.14361892640590668, 0.19434115290641785, 0.2931485176086426, 0.5971795320510864, 0.5756911635398865, 0.16041873395442963, 0.2522788941860199, 0.4211271405220032, 0.19723863899707794, 0.21506477892398834, 0.23853600025177002, 0.29691848158836365, 0.40958693623542786], [0.0, 0.017765343189239502, 0.0, 0.0, 0.0006205959944054484, 0.0, 0.0, 0.0022668347228318453, 0.0, 0.0, 0.03725508227944374, 0.0, 1.2813599109649658, 0.32023805379867554, 0.18090195953845978, 0.23072278499603271, 0.02032674290239811, 0.08993341773748398, 0.0491778627038002, 0.004190841224044561, 0.10750140994787216, 0.0, 0.0, 0.1116359755396843, 0.057132940739393234, 0.0, 0.007704735733568668, 0.0, 9.329444885253906, 3.002122640609741, 0.5342155694961548, 10.236553192138672, 0.12793557345867157, 0.01383224781602621, 0.0, 0.03772052004933357, 0.21217483282089233, 0.0, 0.0, 0.0, 0.02779596485197544, 0.0, 0.0, 0.1353609561920166, 8.47549819946289, 1.9255735874176025, 1.2946608066558838, 2.724649667739868, 0.0, 0.0, 0.048528041690588, 0.0, 0.07375257462263107, 0.0, 0.0, 0.0, 0.0, 0.0, 0.0, 0.0, 0.0, 0.004365202039480209, 0.0, 0.0, 0.0, 0.024229181930422783, 0.0, 0.0, 0.0, 0.06170589476823807, 0.0, 0.0, 0.0, 0.0, 0.0, 0.05760965123772621, 0.02622264251112938, 0.0, 0.006934573408216238, 0.0, 0.0, 0.0, 0.0, 0.0, 0.0008455218048766255, 1.55205671035219e-05, 0.0, 0.04672444611787796, 0.0, 0.0, 0.0, 0.0, 0.0, 0.0, 0.049356136471033096, 0.0]]
Time 1806.2752504348755
