Created graph
[-7.0, -5, -3.0]
[-6.0, -5, -4.0]
[-5.5, -5, -4.5]
[-5.25, -5, -4.75]
[-5.125, -5, -4.875]
[-5.0625, -5, -4.9375]
10 4 25
Score: 103.534546
Signatures: [[0.0, 0.0, 0.0, 0.0, 0.0, 0.0, 0.0, 0.0, 0.0, 0.0, 0.0, 0.0, 0.5330554246902466, 0.28845563530921936, 0.1954246312379837, 0.4194486737251282, 0.0, 0.0, 0.0, 0.0, 0.0, 0.0, 0.0, 0.0, 0.0025466226506978273, 0.0, 0.0, 0.0, 0.0, 0.04135667905211449, 0.0, 3.0618860721588135, 0.009836651384830475, 0.0, 0.0, 0.06674352288246155, 0.3662383258342743, 0.03359801694750786, 0.0, 0.09907922148704529, 0.028228681534528732, 0.015144286677241325, 0.0, 0.0, 12.359000205993652, 2.6435177326202393, 4.2037224769592285, 6.857816219329834, 0.0, 0.0, 0.04086601734161377, 0.0, 0.0, 0.0, 0.0, 0.0, 0.002030430594459176, 0.0, 0.0, 0.0, 0.0, 0.0, 0.0, 0.0, 0.0, 0.0, 0.0, 0.0, 0.0, 0.0, 0.0, 0.0, 0.0, 0.0, 0.0, 0.0, 0.0, 0.0, 0.0, 0.05529513955116272, 0.0, 0.0, 0.0, 0.0, 0.0, 0.0, 0.0, 0.0, 0.0, 0.029416698962450027, 0.0, 0.0, 0.0, 0.0, 0.0, 0.0], [0.4541379511356354, 0.8400691151618958, 0.27814725041389465, 0.36477217078208923, 0.4100574553012848, 0.29278603196144104, 0.3032258152961731, 0.561043381690979, 0.0760694220662117, 0.458656370639801, 0.1403074711561203, 0.451478511095047, 1.760998010635376, 0.8024835586547852, 0.11345940083265305, 1.0765917301177979, 0.4454675316810608, 0.12791948020458221, 0.28313928842544556, 0.4181634485721588, 0.33928507566452026, 0.27821704745292664, 0.19188067317008972, 0.5396903157234192, 0.10752318799495697, 0.3293043076992035, 0.05252930894494057, 0.4925582706928253, 3.2107841968536377, 1.3461835384368896, 0.7197809219360352, 2.7867307662963867, 0.4711773693561554, 0.14999531209468842, 2.870682954788208, 0.3084503412246704, 1.0734500885009766, 0.6911537051200867, 2.372174024581909, 0.937699019908905, 0.8376944661140442, 0.27999913692474365, 2.44053053855896, 0.5740845203399658, 2.0935275554656982, 1.313307762145996, 2.446167469024658, 4.65703821182251, 0.12334620207548141, 0.20872947573661804, 0.1008545532822609, 0.0, 0.17596305906772614, 0.2046682983636856, 0.2458636611700058, 0.19651037454605103, 0.08165619522333145, 0.22456002235412598, 0.14180897176265717, 0.17384010553359985, 0.15180109441280365, 0.09221743792295456, 0.19944043457508087, 0.04105031490325928, 0.38466617465019226, 0.0, 0.6352031230926514, 0.5547142028808594, 0.0, 0.19437484443187714, 0.21956904232501984, 0.31750768423080444, 0.18633760511875153, 0.3076031506061554, 0.07259906083345413, 0.18749457597732544, 0.045485589653253555, 0.41709306836128235, 0.04951518401503563, 0.0, 0.06449022144079208, 0.12065491825342178, 0.17121519148349762, 0.15969406068325043, 0.038189634680747986, 0.11012142896652222, 0.1755693107843399, 0.2916748821735382, 0.06821255385875702, 0.05937005206942558, 0.12769238650798798, 0.16802364587783813, 0.1005813404917717, 0.15024466812610626, 0.1647515445947647, 0.2132512927055359], [1.1593490839004517, 0.9975549578666687, 0.31632599234580994, 0.8138718008995056, 1.0043619871139526, 1.243959903717041, 0.3041059970855713, 0.8489492535591125, 1.241076946258545, 1.049468994140625, 0.219617560505867, 0.8830394148826599, 0.19283384084701538, 1.267843246459961, 0.3797515034675598, 0.9320058226585388, 0.7047681212425232, 0.7300464510917664, 0.42593494057655334, 0.7419885396957397, 0.6427518725395203, 0.7790371775627136, 0.5089114308357239, 0.885123074054718, 0.4500232934951782, 0.5423331260681152, 0.34706616401672363, 0.5274490118026733, 0.27172988653182983, 0.7537723779678345, 0.1840386688709259, 1.2933181524276733, 1.4869282245635986, 1.6032801866531372, 4.799911975860596, 1.3323849439620972, 1.3746023178100586, 1.252854347229004, 4.119048118591309, 1.6620770692825317, 1.6391810178756714, 2.297484874725342, 4.795834541320801, 1.6224232912063599, 1.8853724002838135, 2.4137606620788574, 2.8940892219543457, 0.0, 0.2982691526412964, 0.6118353605270386, 0.5184819102287292, 0.4491119384765625, 0.12361153960227966, 0.671276330947876, 0.6746239066123962, 0.5459036231040955, 0.21729406714439392, 0.3376810848712921, 0.41708195209503174, 0.2267737239599228, 0.27502068877220154, 0.37674322724342346, 0.1847621500492096, 0.4521845579147339, 0.6688881516456604, 0.8675397038459778, 0.9022473096847534, 0.9170525074005127, 0.4738464951515198, 0.9511967897415161, 0.9488691687583923, 0.8621721863746643, 1.1393446922302246, 0.42763233184814453, 0.9442605376243591, 0.7459858655929565, 0.7122911214828491, 0.6030147075653076, 0.6476788520812988, 0.5901216864585876, 0.1660131812095642, 0.13306303322315216, 0.31088507175445557, 0.1436203420162201, 0.19432227313518524, 0.293109267950058, 0.5971214175224304, 0.5755949020385742, 0.16042093932628632, 0.25225555896759033, 0.42110422253608704, 0.19724968075752258, 0.21506723761558533, 0.23856393992900848, 0.29686570167541504, 0.40956616401672363], [0.0, 0.017700621858239174, 0.0, 0.0, 0.0006109086680226028, 0.0, 0.0, 0.0022441335022449493, 0.0, 0.0, 0.03723924979567528, 0.0, 1.2810304164886475, 0.320131778717041, 0.18090322613716125, 0.23055563867092133, 0.02027091570198536, 0.0898999571800232, 0.04912097752094269, 0.004143764730542898, 0.10744299739599228, 0.0, 0.0, 0.11155888438224792, 0.05712749809026718, 0.0, 0.007695604581385851, 0.0, 9.32853889465332, 3.0017616748809814, 0.5340801477432251, 10.23561954498291, 0.12791228294372559, 0.013851191848516464, 0.0, 0.037724364548921585, 0.21208521723747253, 0.0, 0.0, 0.0, 0.02779559977352619, 0.0, 0.0, 0.13533267378807068, 8.47469711303711, 1.9253098964691162, 1.2944908142089844, 2.723877191543579, 0.0, 0.0, 0.04853545129299164, 0.0, 0.07371547818183899, 0.0, 0.0, 0.0, 0.0, 0.0, 0.0, 0.0, 0.0, 0.004371499177068472, 0.0, 0.0, 0.0, 0.024246031418442726, 0.0, 0.0, 0.0, 0.061735063791275024, 0.0, 0.0, 0.0, 0.0, 0.0, 0.05759540572762489, 0.026260539889335632, 0.0, 0.006969978101551533, 0.0, 0.0, 0.0, 0.0, 0.0, 0.0008454732014797628, 1.4631552403443493e-05, 0.0, 0.04668430984020233, 0.0, 0.0, 0.0, 0.0, 0.0, 0.0, 0.04932776093482971, 0.0]]
Time 1839.491691827774
