Created graph
[-7.0, -5, -3.0]
[-6.0, -5, -4.0]
[-5.5, -5, -4.5]
[-5.25, -5, -4.75]
[-5.125, -5, -4.875]
[-5.0625, -5, -4.9375]
10 3 5
Score: 107.24515
Signatures: [[1.2250691652297974, 1.2557646036148071, 0.42384397983551025, 0.8936328887939453, 1.0597820281982422, 1.1985867023468018, 0.42676305770874023, 1.0149163007736206, 1.0647428035736084, 1.1362671852111816, 0.2521110773086548, 0.9914692044258118, 1.0325908660888672, 1.4891170263290405, 0.4038647413253784, 1.3382002115249634, 0.8243523240089417, 0.6534149646759033, 0.48662856221199036, 0.8361863493919373, 0.6890841126441956, 0.799176812171936, 0.5309209823608398, 0.9992049932479858, 0.42728206515312195, 0.6404668688774109, 0.3119296431541443, 0.687387228012085, 1.320034384727478, 1.1423419713974, 0.48932987451553345, 1.8842146396636963, 1.4870696067810059, 1.4086726903915405, 5.71902322769165, 1.2923953533172607, 1.7161518335342407, 1.463289499282837, 4.8939385414123535, 1.9407978057861328, 1.8557507991790771, 2.1030874252319336, 5.5725226402282715, 1.6599839925765991, 2.855513572692871, 2.826343536376953, 3.99169921875, 2.3676226139068604, 0.32524555921554565, 0.6249513626098633, 0.4974902868270874, 0.3589715361595154, 0.17581643164157867, 0.6791511178016663, 0.7079707980155945, 0.5682339668273926, 0.22676725685596466, 0.4123000502586365, 0.430186927318573, 0.2886875569820404, 0.31671005487442017, 0.3621276915073395, 0.2717010974884033, 0.38214051723480225, 0.7843016386032104, 0.6951864361763, 1.1141031980514526, 1.082190990447998, 0.38273757696151733, 0.8916193246841431, 0.9027769565582275, 0.8896417617797852, 1.0651341676712036, 0.5468823909759521, 0.8311920166015625, 0.7069172263145447, 0.6086795330047607, 0.7451657652854919, 0.562420666217804, 0.49484413862228394, 0.17786113917827606, 0.18155252933502197, 0.3527454733848572, 0.20948892831802368, 0.1781405806541443, 0.3012836277484894, 0.5967084169387817, 0.6133280992507935, 0.17018039524555206, 0.24988019466400146, 0.4185331165790558, 0.25909939408302307, 0.23404811322689056, 0.2924712002277374, 0.3252526521682739, 0.4570446312427521], [0.0, 0.14530935883522034, 0.011272926814854145, 0.002746191807091236, 0.012083125300705433, 0.0, 0.01921100914478302, 0.0585724301636219, 0.0, 0.0, 0.05803244188427925, 0.0, 1.5824706554412842, 0.47050750255584717, 0.1625891923904419, 0.4193490147590637, 0.06934848427772522, 0.08721860498189926, 0.09345342218875885, 0.04457452893257141, 0.15166544914245605, 0.0, 0.0, 0.1824013888835907, 0.050565753132104874, 0.0, 0.0005467840819619596, 0.06825815141201019, 9.572100639343262, 3.1162686347961426, 0.6892487406730652, 9.908082962036133, 0.13895535469055176, 0.0, 0.0, 0.034734904766082764, 0.4359023869037628, 0.02103639394044876, 0.0, 0.030499132350087166, 0.07623196393251419, 0.0, 0.0, 0.13570941984653473, 7.605492115020752, 2.1262552738189697, 2.0216939449310303, 2.6139256954193115, 0.0, 0.00023414872703142464, 0.04571129009127617, 0.0, 0.11040326952934265, 0.0, 0.0, 0.0, 0.004703400656580925, 6.445899089158047e-06, 0.0, 0.004939843900501728, 0.0, 0.0023990829940885305, 6.2338112911675125e-06, 0.0, 0.0, 0.0, 0.042674291878938675, 0.020688440650701523, 0.0, 0.044955044984817505, 0.0, 0.0, 0.0, 0.0, 0.0, 0.05119236186146736, 0.0, 0.0010790186934173107, 0.0, 0.0, 0.0, 0.0, 0.0, 0.014996669255197048, 5.670570317306556e-05, 0.008792094886302948, 0.0, 0.0890721008181572, 0.0, 0.0, 0.0, 0.005403937306255102, 0.0, 0.0, 0.07776286453008652, 0.013127068057656288], [0.0, 0.0, 0.0, 0.0, 0.0, 0.0, 0.0, 0.0, 0.0, 0.0, 0.0, 0.0, 0.5997621417045593, 0.17388780415058136, 0.17965038120746613, 0.35395723581314087, 0.0, 0.0, 0.0, 0.0, 0.0, 0.0, 0.0, 0.0, 1.1526966545716277e-06, 0.0, 0.0, 0.0, 0.417433500289917, 0.21769031882286072, 0.0, 4.049410820007324, 0.0, 0.0, 0.0, 0.008270668797194958, 0.2403074949979782, 0.019213635474443436, 0.0, 0.07526411861181259, 0.0, 0.0, 0.0, 0.0, 12.934326171875, 2.302687644958496, 3.2484331130981445, 7.628880977630615, 0.0, 0.0, 0.01086155604571104, 0.0, 0.0, 0.0, 0.0, 0.0, 0.0, 0.0, 0.0, 0.0, 0.0, 0.0, 0.0, 0.0, 0.0, 0.0, 0.0, 0.0, 0.0, 0.0, 0.0, 0.0, 0.0, 0.0, 0.0, 0.0, 0.0, 0.0, 0.0, 9.352659617434256e-06, 0.0, 0.0, 0.0, 0.0, 0.0, 0.0, 0.0, 0.0, 0.0, 0.01692895032465458, 0.0, 0.0, 0.0, 0.0015337601071223617, 0.0, 0.0]]
Time 1790.7252135276794
