Created graph
[-7.0, -5, -3.0]
[-6.0, -5, -4.0]
[-5.5, -5, -4.5]
[-5.25, -5, -4.75]
[-5.125, -5, -4.875]
[-5.0625, -5, -4.9375]
0 4 250
Score: 103.53514
Signatures: [[0.0, 0.0, 0.0, 0.0, 0.0, 0.0, 0.0, 0.0, 0.0, 0.0, 0.0, 0.0, 0.5328314900398254, 0.2883147895336151, 0.19532330334186554, 0.4193289577960968, 0.0, 0.0, 0.0, 0.0, 0.0, 0.0, 0.0, 0.0, 0.0025198478251695633, 0.0, 0.0, 0.0, 0.0, 0.04104120284318924, 0.0, 3.059659719467163, 0.009798888117074966, 0.0, 0.0, 0.06666340678930283, 0.3661383390426636, 0.033535201102495193, 0.0, 0.09907900542020798, 0.02816569060087204, 0.014913303777575493, 0.0, 0.0, 12.353215217590332, 2.6421735286712646, 4.20196008682251, 6.855408668518066, 0.0, 0.0, 0.04083064943552017, 0.0, 0.0, 0.0, 0.0, 0.0, 0.002036685822531581, 0.0, 0.0, 0.0, 0.0, 0.0, 0.0, 0.0, 0.0, 0.0, 0.0, 0.0, 0.0, 0.0, 0.0, 0.0, 0.0, 0.0, 0.0, 0.0, 0.0, 0.0, 0.0, 0.055204618722200394, 0.0, 0.0, 0.0, 0.0, 0.0, 0.0, 0.0, 0.0, 0.0, 0.02935960330069065, 0.0, 0.0, 0.0, 0.0, 0.0, 0.0], [0.45423048734664917, 0.8396946787834167, 0.27821317315101624, 0.3646848797798157, 0.40981507301330566, 0.2926856279373169, 0.303191214799881, 0.5609659552574158, 0.07623884826898575, 0.4587697982788086, 0.1402166187763214, 0.4513061046600342, 1.7596356868743896, 0.8013988137245178, 0.11341226100921631, 1.0751707553863525, 0.4451296925544739, 0.1275745928287506, 0.2829255163669586, 0.41786205768585205, 0.3389926552772522, 0.2779636085033417, 0.19189316034317017, 0.5391954183578491, 0.10741831362247467, 0.329049289226532, 0.05249285697937012, 0.4922981858253479, 3.2066802978515625, 1.3441532850265503, 0.7192049026489258, 2.781304359436035, 0.4710070788860321, 0.15021027624607086, 2.872537612915039, 0.30830979347229004, 1.0725375413894653, 0.6912252902984619, 2.3738582134246826, 0.9371277689933777, 0.837877094745636, 0.28074952960014343, 2.4437010288238525, 0.5735881328582764, 2.0887935161590576, 1.3107638359069824, 2.444459915161133, 4.651777744293213, 0.12345632165670395, 0.2086227685213089, 0.10086345672607422, 0.0, 0.1758524775505066, 0.20467957854270935, 0.24597950279712677, 0.1965828835964203, 0.0815809965133667, 0.22457967698574066, 0.14175450801849365, 0.17382702231407166, 0.15191596746444702, 0.09226733446121216, 0.19941042363643646, 0.04094782844185829, 0.3849107623100281, 0.0, 0.6355035305023193, 0.5547258853912354, 0.0, 0.19442489743232727, 0.21944279968738556, 0.3177295923233032, 0.18681661784648895, 0.30758044123649597, 0.0731896385550499, 0.18744149804115295, 0.04564929008483887, 0.41732949018478394, 0.04981717839837074, 0.0, 0.0644972175359726, 0.12066575139760971, 0.17121919989585876, 0.15966413915157318, 0.03815815597772598, 0.11007260531187057, 0.1757013350725174, 0.2917230427265167, 0.06817487627267838, 0.05940480902791023, 0.12771569192409515, 0.16804775595664978, 0.10055116564035416, 0.15022005140781403, 0.16449196636676788, 0.21332299709320068], [1.1587202548980713, 0.9969671964645386, 0.31600475311279297, 0.8135117292404175, 1.0040488243103027, 1.2436081171035767, 0.3038333058357239, 0.8484472036361694, 1.2406337261199951, 1.0488684177398682, 0.21950410306453705, 0.8826712965965271, 0.19199319183826447, 1.2675952911376953, 0.3795822858810425, 0.9318016767501831, 0.7045274972915649, 0.7300631403923035, 0.4257848858833313, 0.741758406162262, 0.642556369304657, 0.7788630127906799, 0.5086348652839661, 0.8848464488983154, 0.44993680715560913, 0.5421819090843201, 0.3470078110694885, 0.5271722674369812, 0.27068865299224854, 0.7536091208457947, 0.1837044209241867, 1.293628454208374, 1.4864115715026855, 1.6026767492294312, 4.795380115509033, 1.3320304155349731, 1.3740384578704834, 1.2520105838775635, 4.115056037902832, 1.6614140272140503, 1.638069748878479, 2.2963802814483643, 4.790557861328125, 1.6219921112060547, 1.8851053714752197, 2.4136838912963867, 2.8922855854034424, 0.0, 0.2980324327945709, 0.611630916595459, 0.5182979702949524, 0.44902509450912476, 0.12351961433887482, 0.6709855794906616, 0.6742135286331177, 0.5456153750419617, 0.21724256873130798, 0.33743634819984436, 0.41694021224975586, 0.22660093009471893, 0.2747635841369629, 0.3765590786933899, 0.18458673357963562, 0.4521576166152954, 0.6682842373847961, 0.8674113154411316, 0.9012894034385681, 0.9164008498191833, 0.47378090023994446, 0.9508834481239319, 0.9486154317855835, 0.8616111278533936, 1.1386642456054688, 0.42734649777412415, 0.9435707926750183, 0.7457510232925415, 0.7120770812034607, 0.60239577293396, 0.647304892539978, 0.5900368094444275, 0.16591739654541016, 0.1329401731491089, 0.31069427728652954, 0.1434752196073532, 0.19428697228431702, 0.2930004298686981, 0.5967819094657898, 0.5752382874488831, 0.1603633314371109, 0.2521606683731079, 0.4209110140800476, 0.19706378877162933, 0.21498098969459534, 0.23841692507266998, 0.2968377470970154, 0.40924590826034546], [0.0, 0.017780693247914314, 0.0, 0.0, 0.0006182293291203678, 0.0, 0.0, 0.0022617008071392775, 0.0, 0.0, 0.03724290803074837, 0.0, 1.280712604522705, 0.3201858401298523, 0.18075312674045563, 0.23072290420532227, 0.02033022977411747, 0.08989235013723373, 0.04914366081357002, 0.0041853152215480804, 0.10743959248065948, 0.0, 0.0, 0.1116042509675026, 0.057097773998975754, 0.0, 0.007674799300730228, 0.0, 9.324347496032715, 3.000636339187622, 0.5339936017990112, 10.230456352233887, 0.1278119683265686, 0.013725386932492256, 0.0, 0.037686787545681, 0.21206767857074738, 0.0, 0.0, 0.0, 0.02775750495493412, 0.0, 0.0, 0.1353331208229065, 8.46837043762207, 1.9241654872894287, 1.2932671308517456, 2.7219772338867188, 0.0, 0.0, 0.048473846167325974, 0.0, 0.0737132653594017, 0.0, 0.0, 0.0, 0.0, 0.0, 0.0, 0.0, 0.0, 0.004343350417912006, 0.0, 0.0, 0.0, 0.024149412289261818, 0.0, 0.0, 0.0, 0.06162698194384575, 0.0, 0.0, 0.0, 0.0, 0.0, 0.05753398314118385, 0.026151757687330246, 0.0, 0.006868488155305386, 0.0, 0.0, 0.0, 0.0, 0.0, 0.0008398290956392884, 1.4129108421911951e-05, 0.0, 0.046634491533041, 0.0, 0.0, 0.0, 0.0, 0.0, 0.0, 0.04935123026371002, 0.0]]
Time 1926.0528900623322
