Created graph
[-7.0, -5, -3.0]
[-6.0, -5, -4.0]
[-5.5, -5, -4.5]
[-5.25, -5, -4.75]
[-4.875, -4.75, -4.625]
[-4.9375, -4.875, -4.8125]
5000 3 100
Score: 106.15982
Signatures: [[0.02423080988228321, 0.3574850559234619, 0.07426171004772186, 0.09879960864782333, 0.12668585777282715, 0.0, 0.06900815665721893, 0.17233671247959137, 0.0, 0.0, 0.11277177184820175, 0.03269706666469574, 1.9481946229934692, 0.6940861344337463, 0.22302617132663727, 0.699613094329834, 0.21377180516719818, 0.21325887739658356, 0.210097074508667, 0.16619668900966644, 0.3206996023654938, 0.032427359372377396, 0.0, 0.42380911111831665, 0.1228601485490799, 0.06257188320159912, 0.03514673933386803, 0.21042105555534363, 12.184392929077148, 4.306380748748779, 0.9399082064628601, 12.89492416381836, 0.3363505005836487, 0.01693265698850155, 0.0, 0.12697429955005646, 0.6492195725440979, 0.13360382616519928, 0.0, 0.12398681789636612, 0.23123489320278168, 0.0, 0.0, 0.3634231984615326, 10.649632453918457, 3.0779895782470703, 2.624242067337036, 3.4057557582855225, 0.0, 0.04411488026380539, 0.09431125223636627, 0.0, 0.18036407232284546, 0.0, 0.00014021858805790544, 0.0, 0.03065575286746025, 0.030063990503549576, 0.01816265657544136, 0.03664863109588623, 2.834558290487621e-05, 0.03411462530493736, 0.017908884212374687, 0.004071652889251709, 0.03009388968348503, 0.03744162619113922, 0.14953477680683136, 0.13807377219200134, 0.0, 0.16277050971984863, 0.00519308727234602, 0.04643423110246658, 0.0, 0.00111597147770226, 0.0, 0.15670455992221832, 0.02634691447019577, 0.05987496301531792, 0.0, 0.0, 0.0, 0.0037014703266322613, 0.018272176384925842, 0.04852991923689842, 0.01746884360909462, 0.052982695400714874, 0.0, 0.21503134071826935, 0.018141483888030052, 0.0, 0.01334993913769722, 0.04468626528978348, 0.021073458716273308, 0.0, 0.16504636406898499, 0.06341039389371872], [0.0, 0.0, 0.0, 0.0, 0.0, 0.0, 0.0, 0.0, 0.0, 0.0, 0.0, 0.0, 1.3730988502502441, 0.42240989208221436, 0.29742416739463806, 0.581730842590332, 0.0, 0.0, 0.0, 0.0, 0.0, 0.0, 0.0, 0.0, 0.0003569746040739119, 0.0, 0.0, 0.0, 2.7417991161346436, 0.8504722714424133, 0.11972770094871521, 7.726409912109375, 0.00020431680604815483, 0.0, 0.05338113382458687, 0.05827830359339714, 0.5228108763694763, 0.07497256994247437, 0.13708053529262543, 0.21684257686138153, 0.037367239594459534, 0.0, 0.0, 0.0, 18.2646541595459, 3.520050048828125, 5.0652852058410645, 10.721811294555664, 0.0, 0.0, 0.04225606843829155, 0.0, 0.0, 0.0, 0.0, 0.0, 0.0, 0.0, 0.0, 0.0, 0.0, 0.0, 0.0, 0.0, 0.0, 0.0, 0.0, 0.0, 0.0, 0.0, 0.0, 0.0, 0.0, 0.0, 0.0, 0.0, 0.0, 0.0, 0.0, 0.024361005052924156, 0.0, 0.0, 0.0, 0.0, 0.0, 0.0, 0.0, 0.0, 0.0, 0.03825277090072632, 0.0, 0.0, 0.0, 0.016288746148347855, 0.0, 0.0], [1.5420080423355103, 1.5178642272949219, 0.5133197903633118, 1.0743696689605713, 1.2984861135482788, 1.5016556978225708, 0.5213740468025208, 1.2411221265792847, 1.3545714616775513, 1.444911003112793, 0.3055441975593567, 1.228013515472412, 1.068776249885559, 1.7530280351638794, 0.4689081311225891, 1.5330195426940918, 0.9757593870162964, 0.7903046011924744, 0.5777797698974609, 1.0133060216903687, 0.8265491724014282, 0.9962369799613953, 0.6820040345191956, 1.1884998083114624, 0.5134336948394775, 0.7803584337234497, 0.3794708251953125, 0.825969398021698, 1.0779187679290771, 1.1595767736434937, 0.5710304379463196, 1.3670728206634521, 1.8095072507858276, 1.7865030765533447, 7.3337907791137695, 1.5759015083312988, 2.010781764984131, 1.7799519300460815, 6.17795991897583, 2.3466439247131348, 2.289548873901367, 2.649136781692505, 7.109251976013184, 2.0297796726226807, 2.004845380783081, 3.099292516708374, 4.520241737365723, 2.37192964553833, 0.4193046987056732, 0.7804154753684998, 0.5983418226242065, 0.4569505751132965, 0.21333011984825134, 0.8480668067932129, 0.8864758014678955, 0.7164714932441711, 0.2719983458518982, 0.505729079246521, 0.5302194952964783, 0.3538326323032379, 0.4042196571826935, 0.4480939507484436, 0.3354259729385376, 0.4808959662914276, 0.9892131686210632, 0.8808251619338989, 1.389096975326538, 1.3429160118103027, 0.489488810300827, 1.0908162593841553, 1.1495099067687988, 1.1203267574310303, 1.3562606573104858, 0.6883857250213623, 1.0767664909362793, 0.8670201897621155, 0.7634578347206116, 0.9389563798904419, 0.726639449596405, 0.6174348592758179, 0.22706586122512817, 0.22713340818881989, 0.43960025906562805, 0.2591082751750946, 0.21880555152893066, 0.3706187903881073, 0.7517144083976746, 0.7506965398788452, 0.21240530908107758, 0.30565398931503296, 0.5247340798377991, 0.3141445815563202, 0.29141348600387573, 0.36771872639656067, 0.3843260407447815, 0.5719998478889465]]
Time 2703.220638513565
