Created graph
[-7.0, -5, -3.0]
[-6.0, -5, -4.0]
[-5.5, -5, -4.5]
[-5.25, -5, -4.75]
[-4.875, -4.75, -4.625]
[-4.9375, -4.875, -4.8125]
1000 3 50
Score: 107.43225
Signatures: [[1.3466005325317383, 1.3227314949035645, 0.4494999945163727, 0.9371362924575806, 1.1278141736984253, 1.3041244745254517, 0.4470800757408142, 1.0846540927886963, 1.1801058053970337, 1.2659149169921875, 0.26168641448020935, 1.0664746761322021, 0.9416239857673645, 1.5053339004516602, 0.395890474319458, 1.3230667114257812, 0.846119225025177, 0.6872051358222961, 0.5100448131561279, 0.8839315176010132, 0.7234853506088257, 0.8699755668640137, 0.5842569470405579, 1.031557321548462, 0.44333821535110474, 0.6822320818901062, 0.33274492621421814, 0.7190321683883667, 1.1108293533325195, 1.0444889068603516, 0.4946227967739105, 1.2780797481536865, 1.57387375831604, 1.5455702543258667, 6.329797744750977, 1.3690476417541504, 1.7313287258148193, 1.5337615013122559, 5.2570295333862305, 2.0102181434631348, 1.9674628973007202, 2.2946462631225586, 6.122315883636475, 1.7492501735687256, 1.5979188680648804, 2.6466708183288574, 3.809347152709961, 1.9127589464187622, 0.36506205797195435, 0.6811491847038269, 0.5127959847450256, 0.39245539903640747, 0.18888922035694122, 0.7321113348007202, 0.7633010745048523, 0.6256407499313354, 0.23481741547584534, 0.43919259309768677, 0.46028146147727966, 0.3059822618961334, 0.3506992757320404, 0.3915269374847412, 0.2881897985935211, 0.42000797390937805, 0.8576214909553528, 0.7688640356063843, 1.1936014890670776, 1.1567960977554321, 0.4225349426269531, 0.9516140222549438, 0.9957396388053894, 0.980908215045929, 1.180237889289856, 0.5983183979988098, 0.9296922087669373, 0.7531387209892273, 0.6706229448318481, 0.8131617903709412, 0.6299644112586975, 0.5267457365989685, 0.19367526471614838, 0.19823291897773743, 0.3833419680595398, 0.22257494926452637, 0.19218099117279053, 0.32352471351623535, 0.64987713098526, 0.6600831747055054, 0.1842835545539856, 0.2608596682548523, 0.4568544030189514, 0.27332550287246704, 0.256856769323349, 0.3135685622692108, 0.335405170917511, 0.49454864859580994], [0.0010009175166487694, 0.23376326262950897, 0.04257074370980263, 0.05552811175584793, 0.08258666843175888, 0.0, 0.055574290454387665, 0.12193417549133301, 0.0, 0.0, 0.08169139176607132, 0.023216459900140762, 1.700162410736084, 0.5530872941017151, 0.16700342297554016, 0.45754900574684143, 0.15066483616828918, 0.1455058753490448, 0.1380298137664795, 0.10947508364915848, 0.22277164459228516, 0.0036645778454840183, 0.0, 0.2974306344985962, 0.08057145774364471, 0.03198026493191719, 0.020215796306729317, 0.13822197914123535, 10.698068618774414, 3.488997220993042, 0.7790720462799072, 11.105927467346191, 0.2385827749967575, 0.0012574846623465419, 0.0, 0.06558120995759964, 0.4544757306575775, 0.05206098034977913, 0.0, 0.05055225268006325, 0.17277364432811737, 0.0, 0.0, 0.26937922835350037, 8.326814651489258, 2.3311638832092285, 2.030062675476074, 2.9866788387298584, 0.0, 0.026291364803910255, 0.045499287545681, 0.0, 0.12823809683322906, 0.0, 0.0, 0.0, 0.021177813410758972, 0.021864041686058044, 0.010867510922253132, 0.02218128740787506, 0.0, 0.019741524010896683, 0.014567834325134754, 0.0, 0.014242547564208508, 0.014760744757950306, 0.10346660763025284, 0.09467093646526337, 0.0, 0.10684403777122498, 0.0, 0.013743245042860508, 0.0, 0.0, 0.0, 0.10980665683746338, 0.012917195446789265, 0.041068870574235916, 0.0, 0.0, 0.0, 0.0, 0.0057850792072713375, 0.03281192481517792, 0.009637265466153622, 0.0298277847468853, 0.0, 0.13726194202899933, 0.009737006388604641, 0.0, 0.002334046643227339, 0.02633359096944332, 0.011327448301017284, 0.0, 0.11228819936513901, 0.038556136190891266], [0.0, 0.0, 0.0, 0.0, 0.0, 0.0, 0.0, 0.0, 0.0, 0.0, 0.0, 0.0, 0.780627965927124, 0.29343265295028687, 0.24887697398662567, 0.515470027923584, 0.0, 0.0, 0.0, 0.0, 0.0, 0.0, 0.0, 0.0, 0.010908578522503376, 0.0, 0.0, 0.0, 0.18951508402824402, 0.23007561266422272, 0.0, 4.217245578765869, 0.0009581534541212022, 0.0, 0.12271028012037277, 0.07478472590446472, 0.4409780502319336, 0.110845647752285, 0.20082223415374756, 0.24076753854751587, 0.041123613715171814, 0.0005446680588647723, 0.0, 0.0, 14.26089096069336, 2.766270399093628, 4.099287509918213, 8.297369003295898, 0.0, 0.0, 0.05804486572742462, 0.0, 0.0, 0.0, 0.0, 0.0, 0.0, 0.0, 0.0, 0.0, 0.0, 0.0, 0.0, 0.0, 0.0, 0.0, 0.0, 0.0, 0.0, 0.0, 0.0, 0.0, 0.0, 0.0, 0.0, 0.0, 0.0, 0.0, 0.0, 0.02965630404651165, 0.0, 0.0, 0.0, 0.0, 0.0, 0.0, 0.0, 0.0, 0.0, 0.0363151989877224, 0.0, 0.0, 0.0, 0.02063423953950405, 0.0, 0.0]]
Time 2697.468190431595
