Created graph
[-7.0, -5, -3.0]
[-6.0, -5, -4.0]
[-5.5, -5, -4.5]
[-5.25, -5, -4.75]
[-5.125, -5, -4.875]
[-5.0625, -5, -4.9375]
1 4 100
Score: 103.534935
Signatures: [[0.0, 0.0, 0.0, 0.0, 0.0, 0.0, 0.0, 0.0, 0.0, 0.0, 0.0, 0.0, 0.5328633189201355, 0.2883361279964447, 0.19533441960811615, 0.4193514287471771, 0.0, 0.0, 0.0, 0.0, 0.0, 0.0, 0.0, 0.0, 0.0025236299261450768, 0.0, 0.0, 0.0, 0.0, 0.04107961803674698, 0.0, 3.0599231719970703, 0.009804395958781242, 0.0, 0.0, 0.06667215377092361, 0.36615610122680664, 0.03354272246360779, 0.0, 0.099081851541996, 0.028171192854642868, 0.014929380267858505, 0.0, 0.0, 12.353902816772461, 2.6423332691192627, 4.202173709869385, 6.8557209968566895, 0.0, 0.0, 0.04083516448736191, 0.0, 0.0, 0.0, 0.0, 0.0, 0.0020369815174490213, 0.0, 0.0, 0.0, 0.0, 0.0, 0.0, 0.0, 0.0, 0.0, 0.0, 0.0, 0.0, 0.0, 0.0, 0.0, 0.0, 0.0, 0.0, 0.0, 0.0, 0.0, 0.0, 0.05521336570382118, 0.0, 0.0, 0.0, 0.0, 0.0, 0.0, 0.0, 0.0, 0.0, 0.02936556003987789, 0.0, 0.0, 0.0, 0.0, 0.0, 0.0], [0.4542292058467865, 0.8397188186645508, 0.2782079875469208, 0.3646951913833618, 0.4098356068134308, 0.29269757866859436, 0.3031955659389496, 0.5609747171401978, 0.07622959464788437, 0.45876428484916687, 0.14022310078144073, 0.45132002234458923, 1.7597582340240479, 0.8014819622039795, 0.11342590302228928, 1.0752674341201782, 0.44515344500541687, 0.12759916484355927, 0.28293654322624207, 0.4178793132305145, 0.3390119969844818, 0.2779793441295624, 0.1918913573026657, 0.5392333269119263, 0.10742189735174179, 0.32907041907310486, 0.05249137803912163, 0.49231597781181335, 3.207042694091797, 1.3443193435668945, 0.7192502021789551, 2.7817723751068115, 0.47101932764053345, 0.1501900553703308, 2.8724563121795654, 0.30832433700561523, 1.0726146697998047, 0.6912266612052917, 2.3738183975219727, 0.9371909499168396, 0.8378866910934448, 0.2807253301143646, 2.4435620307922363, 0.573636531829834, 2.0892467498779297, 1.3109920024871826, 2.4446561336517334, 4.652261257171631, 0.12345210462808609, 0.20863120257854462, 0.10086336731910706, 0.0, 0.17585808038711548, 0.20467689633369446, 0.24597446620464325, 0.19657640159130096, 0.08158490806818008, 0.22458143532276154, 0.14175529778003693, 0.17383158206939697, 0.15190935134887695, 0.09226707369089127, 0.19941475987434387, 0.04095623642206192, 0.38489872217178345, 0.0, 0.6354855298995972, 0.5547282695770264, 0.0, 0.1944344937801361, 0.21945561468601227, 0.317717969417572, 0.18679624795913696, 0.3075888454914093, 0.07315491139888763, 0.18744218349456787, 0.045644424855709076, 0.41732314229011536, 0.04980245605111122, 0.0, 0.06449953466653824, 0.12066485732793808, 0.17121782898902893, 0.15966889262199402, 0.03816124051809311, 0.11007586121559143, 0.17568665742874146, 0.29170969128608704, 0.06817993521690369, 0.0594010092318058, 0.12771455943584442, 0.16804814338684082, 0.10055693984031677, 0.15022648870944977, 0.16451315581798553, 0.21331539750099182], [1.1587845087051392, 0.9970391988754272, 0.3160375654697418, 0.8135523796081543, 1.004089593887329, 1.2436515092849731, 0.3038612902164459, 0.8485013842582703, 1.240680456161499, 1.048930287361145, 0.21951785683631897, 0.8827166557312012, 0.19206871092319489, 1.2676416635513306, 0.37959498167037964, 0.9318498969078064, 0.7045621275901794, 0.7300745844841003, 0.42580926418304443, 0.7417956590652466, 0.6425858736038208, 0.778893232345581, 0.5086661577224731, 0.8848865032196045, 0.44995373487472534, 0.5422039031982422, 0.3470207154750824, 0.5272096395492554, 0.2707954943180084, 0.7536426782608032, 0.1837421953678131, 1.2936317920684814, 1.4864760637283325, 1.6027463674545288, 4.795778751373291, 1.3320753574371338, 1.3741079568862915, 1.252097249031067, 4.115386486053467, 1.6614869832992554, 1.6381711959838867, 2.2964744567871094, 4.790977954864502, 1.622046947479248, 1.8851397037506104, 2.4137189388275146, 2.892455816268921, 0.0, 0.29805251955986023, 0.6116571426391602, 0.5183197855949402, 0.44903671741485596, 0.12353198975324631, 0.6710206270217896, 0.6742547154426575, 0.5456480383872986, 0.21725144982337952, 0.337460458278656, 0.41696104407310486, 0.2266172617673874, 0.27478712797164917, 0.3765764534473419, 0.18460379540920258, 0.45216530561447144, 0.668340265750885, 0.8674297332763672, 0.9013808369636536, 0.9164685010910034, 0.4737919867038727, 0.9509128928184509, 0.9486466646194458, 0.8616651296615601, 1.138720989227295, 0.42737308144569397, 0.9436283111572266, 0.7457831501960754, 0.71209716796875, 0.6024484038352966, 0.6473361849784851, 0.5900505185127258, 0.1659258008003235, 0.13295292854309082, 0.31071582436561584, 0.1434887945652008, 0.19429226219654083, 0.29301461577415466, 0.5968213677406311, 0.5752831101417542, 0.16036926209926605, 0.2521723210811615, 0.4209323525428772, 0.19708165526390076, 0.21498888731002808, 0.2384299337863922, 0.2968449294567108, 0.4092801511287689], [0.0, 0.01777816191315651, 0.0, 0.0, 0.000618320656940341, 0.0, 0.0, 0.0022618980146944523, 0.0, 0.0, 0.0372442901134491, 0.0, 1.2807732820510864, 0.32019099593162537, 0.18076826632022858, 0.23072074353694916, 0.020329197868704796, 0.08989562839269638, 0.049145836383104324, 0.004185009282082319, 0.10744490474462509, 0.0, 0.0, 0.11160668730735779, 0.057101402431726456, 0.0, 0.0076776910573244095, 0.0, 9.324864387512207, 3.000781297683716, 0.5340140461921692, 10.23106575012207, 0.12782417237758636, 0.013736872002482414, 0.0, 0.03769085183739662, 0.2120780497789383, 0.0, 0.0, 0.0, 0.027761166915297508, 0.0, 0.0, 0.1353357583284378, 8.469079971313477, 1.924307107925415, 1.2934067249298096, 2.7222418785095215, 0.0, 0.0, 0.0484793484210968, 0.0, 0.07371681928634644, 0.0, 0.0, 0.0, 0.0, 0.0, 0.0, 0.0, 0.0, 0.0043454477563500404, 0.0, 0.0, 0.0, 0.024157529696822166, 0.0, 0.0, 0.0, 0.06163453683257103, 0.0, 0.0, 0.0, 0.0, 0.0, 0.05754147842526436, 0.026158921420574188, 0.0, 0.006875223014503717, 0.0, 0.0, 0.0, 0.0, 0.0, 0.0008403667598031461, 1.4249138075683732e-05, 0.0, 0.04664310812950134, 0.0, 0.0, 0.0, 0.0, 0.0, 0.0, 0.049351345747709274, 0.0]]
Time 1799.5873863697052
