Created graph
[-7.0, -5, -3.0]
[-6.0, -5, -4.0]
[-5.5, -5, -4.5]
[-5.25, -5, -4.75]
[-4.875, -4.75, -4.625]
[-4.9375, -4.875, -4.8125]
1000 3 200
Score: 107.4792
Signatures: [[1.35042142868042, 1.3267052173614502, 0.45022761821746826, 0.9402546882629395, 1.1316388845443726, 1.3089678287506104, 0.44848889112472534, 1.0899863243103027, 1.1844673156738281, 1.271540641784668, 0.26187026500701904, 1.0700225830078125, 0.9434687495231628, 1.5077418088912964, 0.3965398967266083, 1.3263014554977417, 0.8491795063018799, 0.6886463761329651, 0.5116548538208008, 0.886719286441803, 0.7262330055236816, 0.8733148574829102, 0.5854259729385376, 1.0343670845031738, 0.444415420293808, 0.6841485500335693, 0.3341894745826721, 0.7200198769569397, 1.1145081520080566, 1.0465584993362427, 0.49669766426086426, 1.2833195924758911, 1.5792587995529175, 1.551762342453003, 6.352514743804932, 1.3746908903121948, 1.7359510660171509, 1.5387382507324219, 5.272430896759033, 2.017348527908325, 1.9752230644226074, 2.305412769317627, 6.149044513702393, 1.7530733346939087, 1.5950126647949219, 2.6533374786376953, 3.8173606395721436, 1.9142026901245117, 0.366318941116333, 0.6846307516098022, 0.5145191550254822, 0.3935468792915344, 0.1895945817232132, 0.7352607250213623, 0.7657886147499084, 0.6284559965133667, 0.23510794341564178, 0.4414726197719574, 0.46236124634742737, 0.3067282736301422, 0.3522392809391022, 0.3926125168800354, 0.28849953413009644, 0.4214582145214081, 0.860698938369751, 0.7717763781547546, 1.1959569454193115, 1.1605252027511597, 0.4243272542953491, 0.9553889632225037, 0.9996498823165894, 0.9834302067756653, 1.1852614879608154, 0.6004161834716797, 0.9339227080345154, 0.7562447786331177, 0.6740236282348633, 0.8154351115226746, 0.6325289607048035, 0.5280594229698181, 0.1939694583415985, 0.19863317906856537, 0.3843482434749603, 0.2228005826473236, 0.19243460893630981, 0.3241817057132721, 0.6517503261566162, 0.6612892150878906, 0.1844218224287033, 0.2623676359653473, 0.45815807580947876, 0.2738221287727356, 0.25801223516464233, 0.3146995007991791, 0.33601614832878113, 0.4946291446685791], [0.0018255248432978988, 0.2364707589149475, 0.04404474422335625, 0.05650659278035164, 0.08298543840646744, 0.0, 0.05644512176513672, 0.12306863069534302, 0.0, 0.0, 0.08277379721403122, 0.023501764982938766, 1.7061349153518677, 0.5562719106674194, 0.16746574640274048, 0.4615716338157654, 0.15220578014850616, 0.14746341109275818, 0.13953204452991486, 0.11078052222728729, 0.22428566217422485, 0.004173258785158396, 0.0, 0.3004368245601654, 0.0805431678891182, 0.03250550478696823, 0.020487116649746895, 0.14047718048095703, 10.732812881469727, 3.494764804840088, 0.7837479710578918, 11.129071235656738, 0.24069708585739136, 0.0012509104562923312, 0.0, 0.0677553340792656, 0.46058452129364014, 0.05451740324497223, 0.0, 0.052633803337812424, 0.1755630373954773, 0.0, 0.0, 0.2729502022266388, 8.386741638183594, 2.3402633666992188, 2.051880121231079, 3.024815320968628, 0.0, 0.026236560195684433, 0.04652795195579529, 0.0, 0.12901759147644043, 0.0, 0.0, 0.0, 0.02163878083229065, 0.02153915725648403, 0.01098096463829279, 0.022916290909051895, 0.0, 0.020171668380498886, 0.015476669184863567, 0.0, 0.015326238237321377, 0.015269461087882519, 0.10532857477664948, 0.09509488940238953, 0.0, 0.10829611122608185, 0.0, 0.015353973954916, 0.0, 0.0, 0.0, 0.11085466295480728, 0.013086766935884953, 0.042698655277490616, 0.0, 0.0, 0.0, 0.0, 0.006474420428276062, 0.03342970088124275, 0.010072453878819942, 0.030632084235548973, 0.0, 0.1398836076259613, 0.010455530136823654, 0.0, 0.0023802423384040594, 0.027132155373692513, 0.011205869726836681, 0.0, 0.11364658176898956, 0.03975272551178932], [0.0, 0.0, 0.0, 0.0, 0.0, 0.0, 0.0, 0.0, 0.0, 0.0, 0.0, 0.0, 0.803784966468811, 0.3008299171924591, 0.25463247299194336, 0.5248764753341675, 0.0, 0.0, 0.0, 0.0, 0.0, 0.0, 0.0, 0.0, 0.012019325979053974, 0.0, 0.0, 0.0, 0.23948852717876434, 0.2559751868247986, 0.0, 4.360239028930664, 0.00043004858889617026, 0.0, 0.11991913616657257, 0.0738418772816658, 0.44741541147232056, 0.11073999106884003, 0.202878937125206, 0.2430967539548874, 0.039770349860191345, 0.00020023240358568728, 0.0, 0.0, 14.543305397033691, 2.8298747539520264, 4.172419548034668, 8.447432518005371, 0.0, 0.0, 0.05831274762749672, 0.0, 0.0, 0.0, 0.0, 0.0, 0.0, 0.0, 0.0, 0.0, 0.0, 0.0, 0.0, 0.0, 0.0, 0.0, 0.0, 0.0, 0.0, 0.0, 0.0, 0.0, 0.0, 0.0, 0.0, 0.0, 0.0, 0.0, 0.0, 0.030405983328819275, 0.0, 0.0, 0.0, 0.0, 0.0, 0.0, 0.0, 0.0, 0.0, 0.03651293367147446, 0.0, 0.0, 0.0, 0.02073478139936924, 0.0, 0.0]]
Time 2705.6523933410645
