Created graph
[-7.0, -5, -3.0]
[-6.0, -5, -4.0]
[-5.5, -5, -4.5]
[-5.25, -5, -4.75]
[-4.875, -4.75, -4.625]
[-4.9375, -4.875, -4.8125]
5000 3 250
Score: 105.739265
Signatures: [[0.029895927757024765, 0.3628832697868347, 0.07802877575159073, 0.10232338309288025, 0.127497598528862, 0.0, 0.07207932323217392, 0.17270585894584656, 0.0, 0.0, 0.11587051302194595, 0.0337885245680809, 1.9728652238845825, 0.7118365168571472, 0.2320859134197235, 0.7187016606330872, 0.21756388247013092, 0.21870581805706024, 0.21355733275413513, 0.16882792115211487, 0.32351306080818176, 0.035240303725004196, 4.048709888593294e-05, 0.4306444227695465, 0.12364982068538666, 0.06500951945781708, 0.03603170067071915, 0.21542304754257202, 12.264978408813477, 4.326010227203369, 0.9473540782928467, 12.926774024963379, 0.3407992124557495, 0.018331317231059074, 0.0, 0.13589364290237427, 0.660010576248169, 0.13893182575702667, 0.0, 0.13437314331531525, 0.24105173349380493, 0.0, 0.0, 0.37340062856674194, 10.75691032409668, 3.0975332260131836, 2.6656174659729004, 3.477949619293213, 0.0, 0.04555121064186096, 0.09355736523866653, 0.0, 0.18123531341552734, 0.0, 0.0008613558602519333, 0.0, 0.03111013025045395, 0.029093828052282333, 0.018451079726219177, 0.0382712222635746, 1.2203207688799012e-06, 0.03475285694003105, 0.019386695697903633, 0.005037985276430845, 0.0334160253405571, 0.038130100816488266, 0.1544155776500702, 0.13884729146957397, 0.0, 0.16674335300922394, 0.007192786317318678, 0.04978073760867119, 0.0, 0.001747979549691081, 0.0, 0.15798357129096985, 0.028017081320285797, 0.06448811292648315, 0.0, 0.0, 0.0, 0.0038009961135685444, 0.020354798063635826, 0.050810012966394424, 0.01878531277179718, 0.05470670014619827, 0.0, 0.22129513323307037, 0.02008940279483795, 0.0, 0.013701819814741611, 0.04668385162949562, 0.02032311260700226, 0.0, 0.16765055060386658, 0.06669668853282928], [0.0, 0.0, 0.0, 0.0, 0.0, 0.0, 0.0, 0.0, 0.0, 0.0, 0.0, 0.0, 1.4086756706237793, 0.4223524332046509, 0.2966075837612152, 0.5843339562416077, 0.0, 0.0, 0.0, 0.0, 0.0, 0.0, 0.0, 0.0, 0.00022156836348585784, 0.0, 0.0, 0.0, 2.8543827533721924, 0.8847600817680359, 0.12219497561454773, 7.993624687194824, 0.0, 0.0, 0.0413082093000412, 0.0514850988984108, 0.5332127213478088, 0.07127093523740768, 0.13267338275909424, 0.21106775104999542, 0.028207620605826378, 0.0, 0.0, 0.0, 18.725893020629883, 3.6237564086914062, 5.174741744995117, 11.008440971374512, 0.0, 0.0, 0.043061476200819016, 0.0, 0.0, 0.0, 0.0, 0.0, 0.0, 0.0, 0.0, 0.0, 0.0, 0.0, 0.0, 0.0, 0.0, 0.0, 0.0, 0.0, 0.0, 0.0, 0.0, 0.0, 0.0, 0.0, 0.0, 0.0, 0.0, 0.0, 0.0, 0.023076143115758896, 0.0, 0.0, 0.0, 0.0, 0.0, 0.0, 0.0, 0.0, 0.0, 0.03840405493974686, 0.0, 0.0, 0.0, 0.015854911878705025, 0.0, 0.0], [1.5432952642440796, 1.5222949981689453, 0.5138760805130005, 1.0777113437652588, 1.3025436401367188, 1.5077247619628906, 0.5226287245750427, 1.249446988105774, 1.3590879440307617, 1.4514886140823364, 0.30458202958106995, 1.2329527139663696, 1.070094108581543, 1.7558948993682861, 0.4705776274204254, 1.5385854244232178, 0.9797946214675903, 0.7911856770515442, 0.5788955688476562, 1.015859603881836, 0.8296390175819397, 0.9995698928833008, 0.6830601096153259, 1.1911040544509888, 0.5147783756256104, 0.7816833257675171, 0.3810996413230896, 0.8255011439323425, 1.0789666175842285, 1.1621997356414795, 0.5724267363548279, 1.3898500204086304, 1.815171718597412, 1.7944633960723877, 7.363492965698242, 1.583253264427185, 2.0174810886383057, 1.7881405353546143, 6.200897693634033, 2.358121633529663, 2.3031699657440186, 2.665137529373169, 7.152098178863525, 2.0321922302246094, 2.0494511127471924, 3.1188762187957764, 4.547670364379883, 2.3906655311584473, 0.4207380414009094, 0.7849300503730774, 0.6016598343849182, 0.45802411437034607, 0.21383191645145416, 0.8521062731742859, 0.8893446326255798, 0.7206134796142578, 0.2725154161453247, 0.5093559622764587, 0.5333607196807861, 0.3541966676712036, 0.406390905380249, 0.4492921233177185, 0.335502952337265, 0.48219114542007446, 0.9931558966636658, 0.8849334120750427, 1.390807867050171, 1.3475993871688843, 0.4919034540653229, 1.0952479839324951, 1.153754711151123, 1.1227591037750244, 1.3629522323608398, 0.6904012560844421, 1.0827242136001587, 0.8717939257621765, 0.7680647969245911, 0.9406189918518066, 0.7295131683349609, 0.6198359131813049, 0.22779738903045654, 0.22723113000392914, 0.439595490694046, 0.25839459896087646, 0.2183910608291626, 0.3712988495826721, 0.7538924813270569, 0.751312792301178, 0.21174295246601105, 0.30769407749176025, 0.5263574719429016, 0.3142114281654358, 0.2928526997566223, 0.36870241165161133, 0.38500165939331055, 0.5704748630523682]]
Time 2676.016276359558
