Created graph
[-7.0, -5, -3.0]
[-6.0, -5, -4.0]
[-5.5, -5, -4.5]
[-5.25, -5, -4.75]
[-4.875, -4.75, -4.625]
[-4.6875, -4.625, -4.5625]
100 3 5
Score: 110.81562
Signatures: [[1.323043942451477, 1.225318431854248, 0.4202800393104553, 0.8755391836166382, 1.062065601348877, 1.2660702466964722, 0.41428127884864807, 1.0462021827697754, 1.1858206987380981, 1.2726441621780396, 0.2382562756538391, 0.9923046827316284, 0.7258469462394714, 1.3334431648254395, 0.33863964676856995, 1.153210997581482, 0.7842457890510559, 0.6351062059402466, 0.47947001457214355, 0.8276630640029907, 0.6749245524406433, 0.8282241821289062, 0.5584080815315247, 0.9479506015777588, 0.4050161838531494, 0.6301475763320923, 0.3131575286388397, 0.6667359471321106, 0.4549403786659241, 0.7359710931777954, 0.41448795795440674, 0.11518003791570663, 1.493385910987854, 1.5128635168075562, 6.11117696762085, 1.307668924331665, 1.563036561012268, 1.4297930002212524, 4.976624488830566, 1.8712034225463867, 1.8614306449890137, 2.238252878189087, 5.9596052169799805, 1.6385916471481323, 0.0, 2.1336557865142822, 3.1891679763793945, 1.1469429731369019, 0.3722189962863922, 0.6596173644065857, 0.47226133942604065, 0.3840707838535309, 0.17677593231201172, 0.7026515007019043, 0.7249944806098938, 0.6231967806816101, 0.21328803896903992, 0.4119155704975128, 0.43031108379364014, 0.28508979082107544, 0.3453781306743622, 0.37688854336738586, 0.26530444622039795, 0.41321054100990295, 0.8293805122375488, 0.7521851658821106, 1.1324132680892944, 1.0883138179779053, 0.4235624074935913, 0.9220497012138367, 0.9728808999061584, 0.946300208568573, 1.1930021047592163, 0.5817723870277405, 0.94773268699646, 0.7214049696922302, 0.6667370796203613, 0.7935966849327087, 0.6314254403114319, 0.49682801961898804, 0.18581733107566833, 0.18874655663967133, 0.3668511211872101, 0.20753858983516693, 0.18182004988193512, 0.30732280015945435, 0.6265308260917664, 0.6208147406578064, 0.17230497300624847, 0.24341841042041779, 0.43380072712898254, 0.25377294421195984, 0.2530393898487091, 0.2984500229358673, 0.3078800141811371, 0.4674430191516876], [0.07949396222829819, 0.3377642035484314, 0.08204064518213272, 0.1208895742893219, 0.16401304304599762, 0.03485748544335365, 0.09268829226493835, 0.179826557636261, 0.014829840511083603, 0.04080089181661606, 0.09928394109010696, 0.09172788262367249, 1.5646566152572632, 0.5691398978233337, 0.1439114660024643, 0.46941789984703064, 0.2155987173318863, 0.1968565583229065, 0.16634564101696014, 0.1795511245727539, 0.26981011033058167, 0.07390853762626648, 0.03649138659238815, 0.3805662989616394, 0.08593562245368958, 0.10162217915058136, 0.04815489053726196, 0.19541537761688232, 10.279007911682129, 3.3643624782562256, 0.7632209658622742, 10.567660331726074, 0.2541852593421936, 0.0784079059958458, 0.0, 0.06767930090427399, 0.39795222878456116, 0.057503558695316315, 0.0, 0.04820956289768219, 0.18389075994491577, 0.0, 0.0, 0.3898509442806244, 7.2014479637146, 2.1385834217071533, 1.4881762266159058, 2.4721310138702393, 0.0, 0.06355468183755875, 0.03037547506392002, 0.00532080652192235, 0.13021335005760193, 0.01299936231225729, 0.041267842054367065, 0.0, 0.03758630529046059, 0.05027914419770241, 0.04278186708688736, 0.04517748951911926, 0.01696830429136753, 0.041310153901576996, 0.0496835894882679, 0.01975790597498417, 0.05765398591756821, 0.0576738566160202, 0.17047475278377533, 0.1824723333120346, 0.0, 0.1555614471435547, 0.05052778124809265, 0.0891852006316185, 0.0005855638300999999, 0.01082555390894413, 0.0, 0.15310952067375183, 0.03766850754618645, 0.08908525854349136, 0.023450026288628578, 0.0, 0.002354116877540946, 0.015151790343225002, 0.03739272058010101, 0.04949994012713432, 0.023263705894351006, 0.05285365879535675, 0.024974649772047997, 0.19136223196983337, 0.0303619597107172, 0.0, 0.03455868363380432, 0.0502375103533268, 0.02746472880244255, 0.0, 0.13389642536640167, 0.06808223575353622], [0.0, 0.0, 0.0, 0.0, 0.0, 0.0, 0.0, 0.0003001842414960265, 0.0, 0.0, 0.0, 0.03841504454612732, 0.8308678865432739, 0.35909318923950195, 0.27657628059387207, 0.5710036754608154, 0.0, 0.0, 0.0, 0.0, 0.0, 0.0, 0.0, 0.0, 0.03970668092370033, 0.0, 0.0, 0.0, 0.0, 0.16719307005405426, 0.0, 3.7071330547332764, 0.09136885404586792, 0.0, 0.6163290143013, 0.16384141147136688, 0.5816088914871216, 0.22280192375183105, 0.6327193379402161, 0.39243870973587036, 0.1643601953983307, 0.13184145092964172, 0.3392777442932129, 0.0020521236583590508, 13.834874153137207, 2.823981761932373, 4.509397983551025, 8.026761054992676, 0.0, 0.0034808313939720392, 0.11245487630367279, 0.0, 0.0, 0.01590806245803833, 0.0, 0.0, 0.007534560281783342, 0.008774063549935818, 0.002725181868299842, 8.162973972503096e-05, 0.0, 0.0, 0.0, 0.0, 0.0, 0.0, 0.0, 0.0, 0.0, 0.0, 0.0, 0.0, 0.0, 0.02472013607621193, 0.0, 0.0, 0.0, 0.0, 0.0, 0.06645649671554565, 0.004715377930551767, 0.0, 0.0, 0.0, 0.0, 0.0, 0.0, 0.0, 0.0, 0.05058567598462105, 0.0, 0.0, 0.0, 0.04144290089607239, 0.0, 0.0]]
Time 4100.167172908783
