Created graph
[-7.0, -5, -3.0]
[-6.0, -5, -4.0]
[-5.5, -5, -4.5]
[-5.25, -5, -4.75]
[-4.875, -4.75, -4.625]
[-4.8125, -4.75, -4.6875]
5000 3 5
Score: 108.3957
Signatures: [[1.658815622329712, 1.6101562976837158, 0.5476996302604675, 1.13657808303833, 1.3806101083755493, 1.6058741807937622, 0.5465688705444336, 1.3247843980789185, 1.4571090936660767, 1.5628687143325806, 0.3204324543476105, 1.2960773706436157, 1.0643316507339478, 1.8161672353744507, 0.4737990200519562, 1.5748140811920166, 1.0268059968948364, 0.8371655941009521, 0.6221864223480225, 1.0747206211090088, 0.8813995122909546, 1.068556785583496, 0.7292550802230835, 1.2574265003204346, 0.5405254364013672, 0.8275883197784424, 0.4032992422580719, 0.8809220790863037, 1.1808207035064697, 1.1826635599136353, 0.5930508375167847, 1.1053402423858643, 1.9242784976959229, 1.9102373123168945, 7.773199558258057, 1.6633296012878418, 2.0835342407226562, 1.8674134016036987, 6.488064289093018, 2.447343587875366, 2.4079480171203613, 2.8209850788116455, 7.571732521057129, 2.1454403400421143, 1.1087180376052856, 3.0364980697631836, 4.4453125, 1.948458194732666, 0.45388132333755493, 0.8318829536437988, 0.6280466914176941, 0.488029807806015, 0.23162654042243958, 0.9005321264266968, 0.9423545002937317, 0.7698804140090942, 0.285652756690979, 0.5349897742271423, 0.5577530860900879, 0.37603119015693665, 0.4332413077354431, 0.481751948595047, 0.3552417755126953, 0.5183708071708679, 1.057596206665039, 0.9459751844406128, 1.4799222946166992, 1.4208391904830933, 0.5253359079360962, 1.166372537612915, 1.230326771736145, 1.2098779678344727, 1.459294319152832, 0.7374897599220276, 1.160448670387268, 0.9198341965675354, 0.8257144093513489, 1.0041651725769043, 0.7845401167869568, 0.6434352397918701, 0.24085332453250885, 0.24388724565505981, 0.4725072383880615, 0.2736295461654663, 0.23540496826171875, 0.39759841561317444, 0.8032518029212952, 0.8039736151695251, 0.22610196471214294, 0.31800198554992676, 0.560183584690094, 0.3337081968784332, 0.31281188130378723, 0.3842017352581024, 0.4096333086490631, 0.6135246753692627], [0.026565071195364, 0.3517260253429413, 0.07179468125104904, 0.10215198248624802, 0.13185839354991913, 0.0, 0.08749712258577347, 0.17902088165283203, 0.0, 0.0, 0.11916258186101913, 0.04890096187591553, 2.261188507080078, 0.7415700554847717, 0.224088653922081, 0.6151854991912842, 0.227849081158638, 0.21782594919204712, 0.1943807750940323, 0.17640556395053864, 0.3180830180644989, 0.023039450868964195, 0.0009398004622198641, 0.4376964271068573, 0.09257536381483078, 0.06992334872484207, 0.037913497537374496, 0.19572192430496216, 14.058403968811035, 4.601969242095947, 1.0414178371429443, 14.934001922607422, 0.346846342086792, 0.01970398984849453, 0.0, 0.08545728772878647, 0.5929073095321655, 0.08172748982906342, 0.0, 0.05891766399145126, 0.22819390892982483, 0.0, 0.0, 0.40136417746543884, 11.535048484802246, 3.211757183074951, 2.7625651359558105, 4.289324760437012, 0.0, 0.05374082550406456, 0.050140105187892914, 0.0, 0.1720007210969925, 0.0, 0.00047800311585888267, 0.0, 0.03450124338269234, 0.04162360727787018, 0.026814322918653488, 0.035450760275125504, 0.0003481219755485654, 0.03252618387341499, 0.027602223679423332, 0.0, 0.026447243988513947, 0.03443364053964615, 0.15216858685016632, 0.16345909237861633, 0.0, 0.1637427806854248, 0.009691929444670677, 0.03759980574250221, 0.0, 0.00019797496497631073, 0.0, 0.16503217816352844, 0.021546415984630585, 0.06845927983522415, 0.0002049649046966806, 0.0, 0.0, 0.0029727027285844088, 0.016270142048597336, 0.05067847669124603, 0.016968775540590286, 0.0498417504131794, 0.0, 0.21111497282981873, 0.02203107252717018, 0.0, 0.012822520919144154, 0.04370057210326195, 0.022721339017152786, 0.0, 0.15973667800426483, 0.05860861763358116], [0.0, 0.0, 0.0, 0.0, 0.0, 0.0, 0.0, 0.0, 0.0, 0.0, 0.0, 0.016368525102734566, 1.1236822605133057, 0.4446381628513336, 0.34250587224960327, 0.7293492555618286, 0.0, 0.0, 0.0, 0.0, 0.0, 0.0, 0.0, 0.0, 0.04125285521149635, 0.0, 0.0, 0.0, 0.4651744067668915, 0.41276997327804565, 0.0, 5.583600044250488, 0.01973169669508934, 0.0, 0.3067512810230255, 0.14004281163215637, 0.6587798595428467, 0.17965802550315857, 0.38918060064315796, 0.3927459716796875, 0.10617179423570633, 0.027924656867980957, 0.0013077459298074245, 0.0, 18.525074005126953, 3.7405169010162354, 5.526815414428711, 10.830629348754883, 0.0, 0.0, 0.1000204011797905, 0.0, 0.0, 0.0, 0.0, 0.0, 0.00033468747278675437, 0.0008970194612629712, 0.0, 0.0, 0.0, 0.0, 0.0, 0.0, 0.0, 0.0, 0.0, 0.0, 0.0, 0.0, 0.0, 0.0, 0.0, 0.0, 0.0, 0.0, 0.0, 0.0, 0.0, 0.05389215424656868, 0.0, 0.0, 0.0, 0.0, 0.0, 0.0, 0.0, 0.0, 0.0, 0.052942849695682526, 0.0, 0.0, 0.0, 0.03469313308596611, 0.0, 0.0]]
Time 4103.4841940402985
