Created graph
[-7.0, -5, -3.0]
[-6.0, -5, -4.0]
[-5.5, -5, -4.5]
[-5.25, -5, -4.75]
[-5.125, -5, -4.875]
[-5.0625, -5, -4.9375]
10 3 250
Score: 107.24384
Signatures: [[1.2251633405685425, 1.2558495998382568, 0.42387643456459045, 0.8937129974365234, 1.0598677396774292, 1.1986950635910034, 0.426794171333313, 1.0150065422058105, 1.0648468732833862, 1.1363787651062012, 0.25212156772613525, 0.9915700554847717, 1.032640814781189, 1.4891860485076904, 0.4038914144039154, 1.3382606506347656, 0.8244174122810364, 0.6534547209739685, 0.4866613447666168, 0.8362494111061096, 0.6891275644302368, 0.7992469668388367, 0.530950129032135, 0.9992529153823853, 0.42730891704559326, 0.640518307685852, 0.3119594156742096, 0.6874241232872009, 1.3200960159301758, 1.1423677206039429, 0.48935937881469727, 1.8843200206756592, 1.4871810674667358, 1.408808708190918, 5.719510555267334, 1.292509913444519, 1.7162601947784424, 1.4634015560150146, 4.8942999839782715, 1.9409538507461548, 1.8559108972549438, 2.103308916091919, 5.573114395141602, 1.6600689888000488, 2.855828046798706, 2.8265419006347656, 3.991976737976074, 2.3678252696990967, 0.3252723515033722, 0.6250264048576355, 0.4975201189517975, 0.35900095105171204, 0.17582274973392487, 0.6792176961898804, 0.7080265283584595, 0.5682949423789978, 0.22677625715732574, 0.4123417139053345, 0.4302331507205963, 0.2887042760848999, 0.31674546003341675, 0.36215710639953613, 0.2717145085334778, 0.38217073678970337, 0.7843813300132751, 0.695256233215332, 1.1141700744628906, 1.0822722911834717, 0.38277459144592285, 0.8916988968849182, 0.902855634689331, 0.8897132277488708, 1.0652393102645874, 0.5469300150871277, 0.8312763571739197, 0.7069811820983887, 0.6087461113929749, 0.7452308535575867, 0.5624701976776123, 0.4948863685131073, 0.1778714805841446, 0.18156585097312927, 0.35277023911476135, 0.2095019519329071, 0.17815391719341278, 0.30130282044410706, 0.5967503190040588, 0.613372266292572, 0.17019209265708923, 0.24989938735961914, 0.4185687303543091, 0.2591167986392975, 0.23407046496868134, 0.29249313473701477, 0.3252675533294678, 0.45705923438072205], [0.0, 0.14536531269550323, 0.011288381181657314, 0.002756240079179406, 0.012105426751077175, 0.0, 0.019225342199206352, 0.05860201269388199, 0.0, 0.0, 0.05805172771215439, 0.0, 1.5826973915100098, 0.47059643268585205, 0.16262051463127136, 0.4194318950176239, 0.06938039511442184, 0.08726013451814651, 0.09348861128091812, 0.04460737854242325, 0.15171734988689423, 0.0, 0.0, 0.1824725717306137, 0.05058802291750908, 0.0, 0.0005505820736289024, 0.06830151379108429, 9.572993278503418, 3.1166560649871826, 0.6893669366836548, 9.90902328491211, 0.1390053629875183, 0.0, 0.0, 0.034759875386953354, 0.4360291063785553, 0.02106623724102974, 0.0, 0.03054196387529373, 0.07628413289785385, 0.0, 0.0, 0.1358015537261963, 7.606936931610107, 2.126660108566284, 2.022111654281616, 2.6146233081817627, 0.0, 0.00023530014732386917, 0.045730896294116974, 0.0, 0.11042772233486176, 0.0, 0.0, 0.0, 0.004714975133538246, 6.792091880925e-06, 0.0, 0.004957236815243959, 0.0, 0.002407671418040991, 6.942758773220703e-06, 0.0, 0.0, 0.0, 0.04271377995610237, 0.02071271277964115, 0.0, 0.04498851299285889, 0.0, 0.0, 0.0, 0.0, 0.0, 0.05122579261660576, 0.0, 0.0010893866419792175, 0.0, 0.0, 0.0, 0.0, 0.0, 0.01500509213656187, 5.89494411542546e-05, 0.008806158788502216, 0.0, 0.08911052346229553, 0.0, 0.0, 0.0, 0.00541655533015728, 0.0, 0.0, 0.07778952270746231, 0.013149690814316273], [0.0, 0.0, 0.0, 0.0, 0.0, 0.0, 0.0, 0.0, 0.0, 0.0, 0.0, 0.0, 0.5999982953071594, 0.17397040128707886, 0.17968985438346863, 0.35407519340515137, 0.0, 0.0, 0.0, 0.0, 0.0, 0.0, 0.0, 0.0, 1.1221599152122508e-06, 0.0, 0.0, 0.0, 0.41815727949142456, 0.21794924139976501, 0.0, 4.051171779632568, 0.0, 0.0, 0.0, 0.008277623914182186, 0.24037198722362518, 0.019233383238315582, 0.0, 0.07528490573167801, 0.0, 0.0, 0.0, 0.0, 12.937063217163086, 2.303250551223755, 3.2491672039031982, 7.630497455596924, 0.0, 0.0, 0.010868907906115055, 0.0, 0.0, 0.0, 0.0, 0.0, 0.0, 0.0, 0.0, 0.0, 0.0, 0.0, 0.0, 0.0, 0.0, 0.0, 0.0, 0.0, 0.0, 0.0, 0.0, 0.0, 0.0, 0.0, 0.0, 0.0, 0.0, 0.0, 0.0, 9.474581929680426e-06, 0.0, 0.0, 0.0, 0.0, 0.0, 0.0, 0.0, 0.0, 0.0, 0.016938479617238045, 0.0, 0.0, 0.0, 0.0015379679389297962, 0.0, 0.0]]
Time 1789.781620979309
