Created graph
[-7.0, -5, -3.0]
[-6.0, -5, -4.0]
[-5.5, -5, -4.5]
[-5.25, -5, -4.75]
[-5.125, -5, -4.875]
[-5.0625, -5, -4.9375]
1 4 250
Score: 103.53476
Signatures: [[0.0, 0.0, 0.0, 0.0, 0.0, 0.0, 0.0, 0.0, 0.0, 0.0, 0.0, 0.0, 0.532871425151825, 0.2883368730545044, 0.1953345388174057, 0.41935640573501587, 0.0, 0.0, 0.0, 0.0, 0.0, 0.0, 0.0, 0.0, 0.0025241547264158726, 0.0, 0.0, 0.0, 0.0, 0.04108715429902077, 0.0, 3.0599966049194336, 0.00980467814952135, 0.0, 0.0, 0.06667197495698929, 0.3661579191684723, 0.03354250639677048, 0.0, 0.0990825742483139, 0.028170162811875343, 0.014929021708667278, 0.0, 0.0, 12.354035377502441, 2.642361879348755, 4.202205657958984, 6.855783462524414, 0.0, 0.0, 0.040836233645677567, 0.0, 0.0, 0.0, 0.0, 0.0, 0.002037583151832223, 0.0, 0.0, 0.0, 0.0, 0.0, 0.0, 0.0, 0.0, 0.0, 0.0, 0.0, 0.0, 0.0, 0.0, 0.0, 0.0, 0.0, 0.0, 0.0, 0.0, 0.0, 0.0, 0.055213794112205505, 0.0, 0.0, 0.0, 0.0, 0.0, 0.0, 0.0, 0.0, 0.0, 0.029365595430135727, 0.0, 0.0, 0.0, 0.0, 0.0, 0.0], [0.45423537492752075, 0.839724600315094, 0.2782093584537506, 0.36470529437065125, 0.4098367393016815, 0.2927049398422241, 0.3031975328922272, 0.5609771013259888, 0.07623080909252167, 0.4587674140930176, 0.14022350311279297, 0.451323926448822, 1.759763240814209, 0.801483154296875, 0.11343001574277878, 1.0752618312835693, 0.4451620578765869, 0.1275993436574936, 0.28293463587760925, 0.4178811013698578, 0.33901241421699524, 0.2779824733734131, 0.1918899416923523, 0.539239227771759, 0.1074242889881134, 0.32907310128211975, 0.05249278247356415, 0.4923175573348999, 3.20703125, 1.3443154096603394, 0.7192543148994446, 2.781757354736328, 0.4710227847099304, 0.15019591152668, 2.8724584579467773, 0.30832797288894653, 1.0726269483566284, 0.6912341713905334, 2.373847484588623, 0.9371975660324097, 0.8378944993019104, 0.2807340919971466, 2.4435789585113525, 0.5736416578292847, 2.0892860889434814, 1.3109955787658691, 2.4446609020233154, 4.652279853820801, 0.12345313280820847, 0.2086317241191864, 0.10086572915315628, 0.0, 0.17585843801498413, 0.20468154549598694, 0.24598096311092377, 0.19657811522483826, 0.08158450573682785, 0.22458425164222717, 0.14175467193126678, 0.1738363355398178, 0.1519087702035904, 0.09226953983306885, 0.1994161754846573, 0.040957432240247726, 0.3849014639854431, 0.0, 0.6354886293411255, 0.5547313690185547, 0.0, 0.19443607330322266, 0.21945494413375854, 0.31771811842918396, 0.18679623305797577, 0.30759263038635254, 0.0731554850935936, 0.18743951618671417, 0.04564353823661804, 0.4173261523246765, 0.04980526491999626, 0.0, 0.06449947506189346, 0.1206662505865097, 0.17122197151184082, 0.15966883301734924, 0.03816232830286026, 0.11007649451494217, 0.17568813264369965, 0.29170945286750793, 0.06818165630102158, 0.05940311402082443, 0.12771591544151306, 0.16805072128772736, 0.10055679827928543, 0.15022870898246765, 0.16451333463191986, 0.21331463754177094], [1.1587834358215332, 0.997039258480072, 0.31603801250457764, 0.8135478496551514, 1.0040918588638306, 1.243649959564209, 0.3038612902164459, 0.8485044836997986, 1.24068284034729, 1.0489321947097778, 0.21951763331890106, 0.882716953754425, 0.19206756353378296, 1.2676433324813843, 0.37959417700767517, 0.9318569898605347, 0.704559326171875, 0.730075478553772, 0.4258115887641907, 0.7417965531349182, 0.642587423324585, 0.778893768787384, 0.5086688995361328, 0.8848848342895508, 0.4499530494213104, 0.5422036647796631, 0.3470207452774048, 0.5272104740142822, 0.27080515027046204, 0.7536459565162659, 0.18374061584472656, 1.2936437129974365, 1.486477255821228, 1.6027467250823975, 4.795795917510986, 1.3320775032043457, 1.3741042613983154, 1.252097249031067, 4.115381240844727, 1.6614893674850464, 1.6381727457046509, 2.296476364135742, 4.790990829467773, 1.6220459938049316, 1.8851311206817627, 2.413726806640625, 2.8924672603607178, 0.0, 0.29805290699005127, 0.6116592884063721, 0.5183195471763611, 0.44903722405433655, 0.12353195250034332, 0.6710194945335388, 0.6742523312568665, 0.545648992061615, 0.2172519862651825, 0.33746013045310974, 0.4169633686542511, 0.22661466896533966, 0.2747889757156372, 0.3765754699707031, 0.18460345268249512, 0.45216551423072815, 0.6683414578437805, 0.8674324750900269, 0.9013817310333252, 0.9164698719978333, 0.47379356622695923, 0.9509142637252808, 0.9486502408981323, 0.861667811870575, 1.1387248039245605, 0.4273720979690552, 0.9436314105987549, 0.7457874417304993, 0.7120999693870544, 0.6024488210678101, 0.6473361253738403, 0.5900517702102661, 0.16592638194561005, 0.13295233249664307, 0.3107137382030487, 0.14348937571048737, 0.19429165124893188, 0.2930150628089905, 0.5968220829963684, 0.5752843618392944, 0.16036832332611084, 0.25217175483703613, 0.4209326207637787, 0.19708052277565002, 0.2149897664785385, 0.2384290099143982, 0.2968454957008362, 0.409281462430954], [0.0, 0.017779281362891197, 0.0, 0.0, 0.000618544640019536, 0.0, 0.0, 0.002262397902086377, 0.0, 0.0, 0.03724520280957222, 0.0, 1.2807786464691162, 0.3201960325241089, 0.18076874315738678, 0.2307232767343521, 0.020328961312770844, 0.08989746868610382, 0.04914755001664162, 0.004185949452221394, 0.10744632035493851, 0.0, 0.0, 0.11160801351070404, 0.057101111859083176, 0.0, 0.007677714806050062, 0.0, 9.324904441833496, 3.0007901191711426, 0.5340166687965393, 10.231073379516602, 0.1278257668018341, 0.013736757449805737, 0.0, 0.03769207373261452, 0.2120802104473114, 0.0, 0.0, 0.0, 0.02776230126619339, 0.0, 0.0, 0.13533860445022583, 8.469090461730957, 1.9243119955062866, 1.2934174537658691, 2.722249746322632, 0.0, 0.0, 0.04847855120897293, 0.0, 0.07371750473976135, 0.0, 0.0, 0.0, 0.0, 0.0, 0.0, 0.0, 0.0, 0.004345380701124668, 0.0, 0.0, 0.0, 0.024158025160431862, 0.0, 0.0, 0.0, 0.06163579225540161, 0.0, 0.0, 0.0, 0.0, 0.0, 0.0575433149933815, 0.02615971863269806, 0.0, 0.0068750022910535336, 0.0, 0.0, 0.0, 0.0, 0.0, 0.0008404645486734807, 1.4294346328824759e-05, 0.0, 0.04664530232548714, 0.0, 0.0, 0.0, 0.0, 0.0, 0.0, 0.04935241863131523, 0.0]]
Time 2831.2945833206177
