Created graph
[-7.0, -5, -3.0]
[-6.0, -5, -4.0]
[-5.5, -5, -4.5]
[-5.25, -5, -4.75]
[-4.875, -4.75, -4.625]
[-4.9375, -4.875, -4.8125]
1000 4 100
Score: 104.95071
Signatures: [[0.7335080504417419, 1.2871099710464478, 0.37420135736465454, 0.7161393761634827, 0.9016645550727844, 0.7815948128700256, 0.3632879853248596, 0.7042123675346375, 0.3348730504512787, 0.6426337361335754, 0.2544514238834381, 0.8728420734405518, 2.2950077056884766, 1.6802051067352295, 0.21972806751728058, 2.069833517074585, 0.8670942187309265, 0.689548671245575, 0.7222894430160522, 0.9885010719299316, 0.9893069267272949, 0.7427492737770081, 0.3443841338157654, 1.3388556241989136, 0.43429386615753174, 0.6952857971191406, 0.279085636138916, 0.9540716409683228, 5.393926620483398, 2.8371853828430176, 0.9658356308937073, 4.98985481262207, 1.0981409549713135, 0.37504830956459045, 0.9279076457023621, 0.6518012285232544, 1.4734649658203125, 0.7484068274497986, 0.0, 1.053179383277893, 0.5940143465995789, 0.013849329203367233, 0.0, 1.2231277227401733, 2.4384353160858154, 2.4490106105804443, 1.0715354681015015, 2.9988772869110107, 0.08486282825469971, 0.36871886253356934, 0.29719483852386475, 0.07304004579782486, 0.3142700791358948, 0.4501248896121979, 0.477058470249176, 0.5058996677398682, 0.2136104255914688, 0.29053208231925964, 0.2563425898551941, 0.20994502305984497, 0.13058756291866302, 0.16783978044986725, 0.2362801432609558, 0.25183868408203125, 0.2767806351184845, 0.36671924591064453, 0.5188156962394714, 0.6937556862831116, 0.13399791717529297, 0.41150301694869995, 0.4726221561431885, 0.47892752289772034, 0.0004719723074231297, 0.23976735770702362, 0.0, 0.40758782625198364, 0.07244675606489182, 0.3381350636482239, 0.01692729815840721, 0.16990472376346588, 0.06766261160373688, 0.1491856575012207, 0.31456926465034485, 0.18849895894527435, 0.10348403453826904, 0.24711382389068604, 0.419951468706131, 0.6404019594192505, 0.14515039324760437, 0.18060341477394104, 0.32666248083114624, 0.25015974044799805, 0.11892968416213989, 0.10186890512704849, 0.3956111669540405, 0.3217216730117798], [0.0, 0.0, 0.0, 0.0, 0.0, 0.0, 0.0, 0.0, 0.0, 0.0, 0.0, 0.0, 0.8145071268081665, 0.0, 0.12409273535013199, 0.0, 0.0, 0.0, 0.0, 0.0, 0.0, 0.0, 0.0, 0.0, 0.0, 0.0, 0.0, 0.0, 9.12270736694336, 2.5785462856292725, 0.40743160247802734, 10.731365203857422, 0.0, 0.0, 0.12900014221668243, 0.0, 0.0, 0.0, 0.5005887150764465, 0.0, 0.07786133140325546, 0.02046515978872776, 0.5262593030929565, 0.0, 9.609594345092773, 1.8058404922485352, 2.235713005065918, 2.599266290664673, 0.0, 0.0, 0.0, 0.0, 0.013057663105428219, 0.0, 0.0, 0.0, 0.0, 0.0, 0.0, 0.0, 0.0, 0.0, 0.0, 0.0, 0.0, 0.0, 0.0009067280334420502, 0.0, 0.0, 0.01955944485962391, 0.0, 0.0, 0.05190522223711014, 0.0, 0.008896942250430584, 0.005328619387000799, 0.0458623431622982, 0.0, 0.04462086409330368, 0.0, 0.0, 0.0, 0.0, 0.0, 0.0, 0.0, 0.0, 0.0, 0.0, 0.0, 0.0, 0.0, 0.0, 0.0, 0.0, 0.0], [0.0, 0.0, 0.0, 0.0, 0.0, 0.0, 0.0, 0.0, 0.0, 0.0, 0.006561736110597849, 0.0, 0.9509262442588806, 0.367458701133728, 0.2736898958683014, 0.4622516930103302, 0.0, 0.0, 0.0, 0.0, 0.0, 0.0, 0.0, 0.0, 0.0, 0.0, 0.0, 0.0, 0.0, 0.2324233502149582, 0.017764486372470856, 3.299039840698242, 0.011728726327419281, 0.0, 0.2811752259731293, 0.05591742321848869, 0.5636817812919617, 0.0991525799036026, 0.28067290782928467, 0.16149623692035675, 0.09869684278964996, 0.11152300238609314, 0.0, 0.0, 13.528753280639648, 2.884464979171753, 4.313775539398193, 8.341714859008789, 0.0, 0.0, 0.06551207602024078, 0.0, 0.0, 0.0, 0.0, 0.0, 0.0, 0.0, 0.0, 0.0, 0.0, 0.0, 0.0, 0.0, 0.0, 0.0, 0.0, 0.0, 0.0, 0.0, 0.0, 0.0, 0.0, 0.0, 0.0, 0.0, 0.0, 0.0, 0.0, 0.035408247262239456, 0.0, 0.0, 0.0, 0.0, 0.0, 0.0, 0.0, 0.0, 0.0, 0.017788100987672806, 0.0, 0.0, 0.0, 0.01722376048564911, 0.0, 0.0], [1.0693660974502563, 0.8570514917373657, 0.3034522235393524, 0.6426871418952942, 0.7872868776321411, 0.9839502573013306, 0.3099059462547302, 0.8261222839355469, 1.104357123374939, 1.016465663909912, 0.1782526671886444, 0.7046658992767334, 0.2741842567920685, 0.926517128944397, 0.3137721121311188, 0.5737454295158386, 0.5069645643234253, 0.44086572527885437, 0.23871949315071106, 0.4810039699077606, 0.3041057586669922, 0.5447511076927185, 0.441146582365036, 0.5325466394424438, 0.2796441316604614, 0.37770333886146545, 0.22035931050777435, 0.33124440908432007, 0.0, 0.23161771893501282, 0.20137637853622437, 0.044422172009944916, 1.1884431838989258, 1.4949127435684204, 6.309976577758789, 1.1439826488494873, 1.2204763889312744, 1.26052725315094, 5.4688944816589355, 1.6446563005447388, 1.8300505876541138, 2.4154419898986816, 6.545228958129883, 1.3646941184997559, 0.6243612766265869, 1.825032114982605, 3.4208791255950928, 0.7516498565673828, 0.3582543432712555, 0.5351338982582092, 0.40689998865127563, 0.3829175531864166, 0.08291541039943695, 0.5416074991226196, 0.5706876516342163, 0.4202302396297455, 0.14896062016487122, 0.32648277282714844, 0.353217214345932, 0.22254839539527893, 0.3106600046157837, 0.338560551404953, 0.19245046377182007, 0.3153790235519409, 0.7816651463508606, 0.6380209922790527, 1.057816505432129, 0.923271894454956, 0.3897467255592346, 0.8581563234329224, 0.8197522759437561, 0.8205405473709106, 1.267439842224121, 0.5161874890327454, 1.0411041975021362, 0.6356437802314758, 0.6788646578788757, 0.7255175709724426, 0.6706069707870483, 0.4711010456085205, 0.17160730063915253, 0.13615407049655914, 0.23917686939239502, 0.1544283777475357, 0.15259669721126556, 0.23215600848197937, 0.478024423122406, 0.43032604455947876, 0.12520939111709595, 0.194366917014122, 0.3230869174003601, 0.17323185503482819, 0.2226589024066925, 0.2860448360443115, 0.2027367800474167, 0.3753848671913147]]
Time 4095.6276910305023
