Created graph
[-7.0, -5, -3.0]
[-6.0, -5, -4.0]
[-5.5, -5, -4.5]
[-5.25, -5, -4.75]
[-5.125, -5, -4.875]
[-5.0625, -5, -4.9375]
1 3 100
Score: 107.25031
Signatures: [[1.22467041015625, 1.2553167343139648, 0.42369741201400757, 0.8933348059654236, 1.0594120025634766, 1.1981910467147827, 0.4266079068183899, 1.0145968198776245, 1.0644125938415527, 1.1359277963638306, 0.2520032227039337, 0.9911442399024963, 1.0321695804595947, 1.4885138273239136, 0.4036816656589508, 1.337672472000122, 0.8240567445755005, 0.6531608700752258, 0.48644861578941345, 0.8358902335166931, 0.6888210773468018, 0.7988975048065186, 0.5307074189186096, 0.9988013505935669, 0.42711445689201355, 0.6402483582496643, 0.3118285834789276, 0.6871222853660583, 1.3192038536071777, 1.1417721509933472, 0.4891030490398407, 1.8829203844070435, 1.4865450859069824, 1.40821373462677, 5.717095851898193, 1.2919731140136719, 1.7154881954193115, 1.4627759456634521, 4.892117023468018, 1.9400893449783325, 1.8550965785980225, 2.102430582046509, 5.570684909820557, 1.6593446731567383, 2.853536605834961, 2.8252222537994385, 3.9900717735290527, 2.366485357284546, 0.32513850927352905, 0.6247555613517761, 0.49730390310287476, 0.3588435649871826, 0.17574262619018555, 0.6789228916168213, 0.7077151536941528, 0.5680572390556335, 0.22667847573757172, 0.41216322779655457, 0.43004748225212097, 0.2885771095752716, 0.3166075050830841, 0.36200517416000366, 0.2715972363948822, 0.3820120692253113, 0.7840371131896973, 0.6949629783630371, 1.113662600517273, 1.081786870956421, 0.38260990381240845, 0.8913260102272034, 0.9024720788002014, 0.8893397450447083, 1.0648064613342285, 0.5467014312744141, 0.8309195041656494, 0.7066702842712402, 0.6085038185119629, 0.7449104189872742, 0.5622372627258301, 0.4946688413619995, 0.17778991162776947, 0.18148988485336304, 0.3526236414909363, 0.2094050943851471, 0.17807945609092712, 0.3011697828769684, 0.5964980721473694, 0.6131068468093872, 0.1701178252696991, 0.2497919499874115, 0.4183920621871948, 0.25900235772132874, 0.23397670686244965, 0.29236671328544617, 0.3251197934150696, 0.4568561613559723], [0.0, 0.1452547311782837, 0.011269462294876575, 0.00274381460621953, 0.012089292518794537, 0.0, 0.019208036363124847, 0.058557428419589996, 0.0, 0.0, 0.058010172098875046, 0.0, 1.581710696220398, 0.4703516662120819, 0.16249729692935944, 0.4191773533821106, 0.0693252682685852, 0.0871972069144249, 0.0934181809425354, 0.04456699639558792, 0.15161119401454926, 0.0, 0.0, 0.18233858048915863, 0.05055689811706543, 0.0, 0.0005468246527016163, 0.06825629621744156, 9.567731857299805, 3.114945650100708, 0.688892662525177, 9.902717590332031, 0.13888730108737946, 0.0, 0.0, 0.03471864014863968, 0.435675710439682, 0.021042361855506897, 0.0, 0.030514825135469437, 0.07620997726917267, 0.0, 0.0, 0.13568751513957977, 7.599884033203125, 2.124967575073242, 2.0201501846313477, 2.6114649772644043, 0.0, 0.00023082383268047124, 0.045697301626205444, 0.0, 0.110349640250206, 0.0, 0.0, 0.0, 0.004712543450295925, 6.39219069853425e-06, 0.0, 0.004950045142322779, 0.0, 0.0023991067428141832, 6.908606337674428e-06, 0.0, 0.0, 0.0, 0.04268095642328262, 0.020689835771918297, 0.0, 0.04493619501590729, 0.0, 0.0, 0.0, 0.0, 0.0, 0.051183540374040604, 0.0, 0.0010787587380036712, 0.0, 0.0, 0.0, 0.0, 0.0, 0.014989403076469898, 5.72356439079158e-05, 0.008794233202934265, 0.0, 0.08903248608112335, 0.0, 0.0, 0.0, 0.00540927704423666, 0.0, 0.0, 0.07773251831531525, 0.013133247382938862], [0.0, 0.0, 0.0, 0.0, 0.0, 0.0, 0.0, 0.0, 0.0, 0.0, 0.0, 0.0, 0.599266767501831, 0.17369791865348816, 0.17957215011119843, 0.35373902320861816, 0.0, 0.0, 0.0, 0.0, 0.0, 0.0, 0.0, 0.0, 5.946905616838194e-07, 0.0, 0.0, 0.0, 0.4159712791442871, 0.2170652151107788, 0.0, 4.046924114227295, 0.0, 0.0, 0.0, 0.00825245026499033, 0.24018210172653198, 0.019193923100829124, 0.0, 0.07521092146635056, 0.0, 0.0, 0.0, 0.0, 12.929478645324707, 2.301510810852051, 3.2472357749938965, 7.625943183898926, 0.0, 0.0, 0.010850714519619942, 0.0, 0.0, 0.0, 0.0, 0.0, 0.0, 0.0, 0.0, 0.0, 0.0, 0.0, 0.0, 0.0, 0.0, 0.0, 0.0, 0.0, 0.0, 0.0, 0.0, 0.0, 0.0, 0.0, 0.0, 0.0, 0.0, 0.0, 0.0, 8.512554813933093e-06, 0.0, 0.0, 0.0, 0.0, 0.0, 0.0, 0.0, 0.0, 0.0, 0.016918214038014412, 0.0, 0.0, 0.0, 0.0015332972398027778, 0.0, 0.0]]
Time 2695.7392966747284
