Created graph
[-7.0, -5, -3.0]
[-6.0, -5, -4.0]
[-5.5, -5, -4.5]
[-5.25, -5, -4.75]
[-4.875, -4.75, -4.625]
[-4.6875, -4.625, -4.5625]
100 3 100
Score: 110.85742
Signatures: [[1.3226176500320435, 1.2246872186660767, 0.4199681580066681, 0.8752556443214417, 1.0616459846496582, 1.265652060508728, 0.41403791308403015, 1.0460938215255737, 1.1855566501617432, 1.272385835647583, 0.23807744681835175, 0.9921450614929199, 0.7247762084007263, 1.3325811624526978, 0.33834150433540344, 1.1525553464889526, 0.7839993238449097, 0.6347814798355103, 0.4793052077293396, 0.8272674083709717, 0.6745431423187256, 0.8279441595077515, 0.5581527948379517, 0.9473332762718201, 0.4048510789871216, 0.6297690868377686, 0.31305333971977234, 0.6662999391555786, 0.452337384223938, 0.7340545058250427, 0.41414013504981995, 0.1100342720746994, 1.4929178953170776, 1.5124748945236206, 6.110213279724121, 1.3073978424072266, 1.5622546672821045, 1.429274082183838, 4.97490930557251, 1.8706459999084473, 1.8609720468521118, 2.237978458404541, 5.959075450897217, 1.637789249420166, 0.0, 2.132014513015747, 3.1879050731658936, 1.1454033851623535, 0.37207716703414917, 0.659530758857727, 0.472023069858551, 0.3839678466320038, 0.17661942541599274, 0.7024587392807007, 0.7246692776679993, 0.6231293678283691, 0.21319176256656647, 0.41183769702911377, 0.43022575974464417, 0.2849442660808563, 0.3453163802623749, 0.37677454948425293, 0.26512229442596436, 0.41309654712677, 0.8292469382286072, 0.7519809007644653, 1.131886601448059, 1.0878708362579346, 0.42343538999557495, 0.9217787981033325, 0.9726866483688354, 0.9458718299865723, 1.192757487297058, 0.5815507173538208, 0.9475157260894775, 0.7212413549423218, 0.6667007207870483, 0.7932741641998291, 0.6312469840049744, 0.49661189317703247, 0.18573062121868134, 0.1886250227689743, 0.36664289236068726, 0.20738226175308228, 0.1817372441291809, 0.30716487765312195, 0.6262727975845337, 0.6204491853713989, 0.17217443883419037, 0.24339768290519714, 0.43361398577690125, 0.2536730170249939, 0.2529999613761902, 0.2984287440776825, 0.3076210916042328, 0.4671827554702759], [0.07985744625329971, 0.33912861347198486, 0.08239192515611649, 0.12138671427965164, 0.16457030177116394, 0.03502880036830902, 0.09303858131170273, 0.18025635182857513, 0.014886823482811451, 0.04090309515595436, 0.09965114295482635, 0.0919414535164833, 1.5698710680007935, 0.5713292956352234, 0.14453022181987762, 0.47172415256500244, 0.21631094813346863, 0.1975257694721222, 0.16693659126758575, 0.18029193580150604, 0.27075865864753723, 0.07428248971700668, 0.03664940595626831, 0.3819498121738434, 0.0864468440413475, 0.10218603163957596, 0.048366863280534744, 0.19616156816482544, 10.306913375854492, 3.3751790523529053, 0.7654381990432739, 10.597724914550781, 0.2550557553768158, 0.07858569920063019, 0.0, 0.06801915913820267, 0.39924055337905884, 0.058147627860307693, 0.0, 0.048910222947597504, 0.18489785492420197, 0.0, 0.0, 0.39126360416412354, 7.222540855407715, 2.1465675830841064, 1.4915529489517212, 2.4799916744232178, 0.0, 0.06389906257390976, 0.03048919141292572, 0.005285383202135563, 0.1306300312280655, 0.013133661821484566, 0.04151780158281326, 0.0, 0.03791867941617966, 0.05043923109769821, 0.042903050780296326, 0.04536794498562813, 0.017053773626685143, 0.04146496206521988, 0.04991922155022621, 0.01981250010430813, 0.057801954448223114, 0.05789050832390785, 0.17104966938495636, 0.18301717936992645, 0.0, 0.15600502490997314, 0.0507299043238163, 0.0895770788192749, 0.0004970395821146667, 0.011015614494681358, 0.0, 0.1535588502883911, 0.03765904903411865, 0.08935417234897614, 0.023460399359464645, 0.0, 0.0024680534843355417, 0.015211684629321098, 0.037598688155412674, 0.04967392981052399, 0.023344015702605247, 0.05307076871395111, 0.0250727329403162, 0.1920284628868103, 0.030520744621753693, 0.0, 0.03472106531262398, 0.05047357454895973, 0.027539117261767387, 0.0, 0.13440576195716858, 0.06832297891378403], [0.0, 0.0, 0.0, 0.0, 0.0, 0.0, 0.0, 0.0003031116502825171, 0.0, 0.0, 0.0, 0.038516636937856674, 0.8330190777778625, 0.35962262749671936, 0.2770870625972748, 0.5716896653175354, 0.0, 0.0, 0.0, 0.0, 0.0, 0.0, 0.0, 0.0, 0.03952677920460701, 0.0, 0.0, 0.0, 0.0, 0.16734115779399872, 0.0, 3.7197930812835693, 0.09141950309276581, 0.0, 0.6166782975196838, 0.16404865682125092, 0.5830893516540527, 0.22286516427993774, 0.6339643597602844, 0.39272862672805786, 0.16415931284427643, 0.13184981048107147, 0.33932358026504517, 0.0018467544578015804, 13.870208740234375, 2.8300702571868896, 4.521981716156006, 8.046913146972656, 0.0, 0.003266038605943322, 0.11272358149290085, 0.0, 0.0, 0.015843600034713745, 0.0, 0.0, 0.00733216805383563, 0.008749390952289104, 0.002731847809627652, 7.521655788877979e-05, 0.0, 0.0, 0.0, 0.0, 0.0, 0.0, 0.0, 0.0, 0.0, 0.0, 0.0, 0.0, 0.0, 0.024639535695314407, 0.0, 0.0, 0.0, 0.0, 0.0, 0.06659693270921707, 0.004613094497472048, 0.0, 0.0, 0.0, 0.0, 0.0, 0.0, 0.0, 0.0, 0.05062958598136902, 0.0, 0.0, 0.0, 0.04137067869305611, 0.0, 0.0]]
Time 3079.694236755371
