Created graph
[-7.0, -5, -3.0]
[-6.0, -5, -4.0]
[-5.5, -5, -4.5]
[-5.25, -5, -4.75]
[-4.875, -4.75, -4.625]
[-4.9375, -4.875, -4.8125]
5000 4 200
Score: 103.93191
Signatures: [[0.8567376732826233, 1.5196133852005005, 0.438412606716156, 0.815570056438446, 1.0217716693878174, 0.884818434715271, 0.41119757294654846, 0.8294167518615723, 0.3985350430011749, 0.7492783069610596, 0.29643839597702026, 0.9666786789894104, 2.6321284770965576, 1.938413143157959, 0.299436092376709, 2.3044192790985107, 1.0199394226074219, 0.81268709897995, 0.8461440801620483, 1.1482709646224976, 1.172160267829895, 0.8514886498451233, 0.39334604144096375, 1.5712462663650513, 0.5030743479728699, 0.7999703288078308, 0.3205687999725342, 1.106682538986206, 6.980611801147461, 3.485502004623413, 1.0882847309112549, 6.947181701660156, 1.29209566116333, 0.48461952805519104, 1.3317174911499023, 0.767846941947937, 1.7283211946487427, 0.8611105680465698, 0.0, 1.2060991525650024, 0.7760448455810547, 0.03729658201336861, 0.0, 1.4226737022399902, 3.688347339630127, 3.0826895236968994, 1.554566502571106, 3.320680618286133, 0.09889571368694305, 0.4379296898841858, 0.35757288336753845, 0.07597000896930695, 0.3578794002532959, 0.4912804067134857, 0.5125048160552979, 0.579069972038269, 0.23732146620750427, 0.3205375075340271, 0.3070415258407593, 0.2261304259300232, 0.1480787694454193, 0.1987866759300232, 0.2546297609806061, 0.30454370379447937, 0.340627521276474, 0.45554473996162415, 0.6200042963027954, 0.8214096426963806, 0.13853922486305237, 0.522082507610321, 0.5495899319648743, 0.5655675530433655, 0.004567664582282305, 0.2791140079498291, 0.0, 0.5282352566719055, 0.15397456288337708, 0.40221717953681946, 0.02768580988049507, 0.2207663208246231, 0.06756320595741272, 0.1664806753396988, 0.3720656931400299, 0.22083361446857452, 0.11924608051776886, 0.2999347746372223, 0.4697268605232239, 0.7605637907981873, 0.16795673966407776, 0.19807367026805878, 0.3614829182624817, 0.2976941466331482, 0.15354259312152863, 0.114468052983284, 0.4543250501155853, 0.38397103548049927], [0.0, 0.0, 0.0, 0.0, 0.0, 0.0, 0.0, 0.0, 0.0, 0.0, 0.0, 0.0, 1.1747429370880127, 0.0, 0.14102748036384583, 0.0, 0.0, 0.0, 0.0, 0.0, 0.0, 0.0, 0.0, 0.0, 0.0, 0.0, 0.0, 0.0, 10.939186096191406, 3.1844747066497803, 0.563662052154541, 13.218588829040527, 0.0, 0.0, 0.133041113615036, 0.0, 0.0, 0.0, 0.597786545753479, 0.0, 0.06840526312589645, 0.037941593676805496, 0.551200270652771, 0.0, 12.835365295410156, 2.4040367603302, 3.096187114715576, 4.189205646514893, 0.0, 0.0, 0.0, 0.0, 0.02712324447929859, 0.0, 0.0, 0.0, 0.0, 0.0, 0.0, 0.0, 0.0, 0.0, 0.0, 0.0, 0.0, 0.0, 0.0, 0.0, 0.0, 0.0, 0.0, 0.0, 0.046567294746637344, 0.0, 0.0, 0.0, 0.01569071039557457, 0.0, 0.043567754328250885, 0.0, 0.0, 0.0, 0.0, 0.0, 0.0, 0.0, 0.0, 0.0, 0.0, 0.0, 0.0, 0.0, 0.0, 0.0, 0.0, 0.0], [0.0, 0.0, 0.0, 0.0, 0.0, 0.0, 0.0, 0.0, 0.0, 0.0, 0.010207588784396648, 0.0, 1.278831124305725, 0.5491406321525574, 0.36595529317855835, 0.6975629329681396, 0.0, 0.0, 0.0, 0.0, 0.0, 0.0, 0.0, 0.0, 0.0008967902977019548, 0.0, 0.0, 0.0, 0.9173028469085693, 0.5481976866722107, 0.044467996805906296, 4.972951889038086, 0.018045734614133835, 0.0, 0.1486402153968811, 0.060136593878269196, 0.7426297664642334, 0.11180348694324493, 0.2078104019165039, 0.21235275268554688, 0.09573407471179962, 0.06419867277145386, 0.0, 0.0, 17.232072830200195, 3.7566165924072266, 5.299539089202881, 10.528327941894531, 0.0, 0.0, 0.07518784701824188, 0.0, 0.0, 0.0, 0.0, 0.0, 0.0, 0.0, 0.0, 0.0, 0.0, 0.0, 0.0, 0.0, 0.0, 0.0, 0.0, 0.0, 0.0, 0.0, 0.0, 0.0, 0.0, 0.0, 0.0, 0.0, 0.0, 0.0, 0.0, 0.033683519810438156, 0.0, 0.0, 0.0, 0.0, 0.0, 0.0, 0.0, 0.0, 0.0, 0.0287950299680233, 0.0, 0.0, 0.0, 0.016849609091877937, 0.0, 0.0], [1.2266829013824463, 1.0263854265213013, 0.3608030080795288, 0.7723949551582336, 0.9456388354301453, 1.1555685997009277, 0.3762950599193573, 0.9572490453720093, 1.2407885789871216, 1.154773235321045, 0.219565749168396, 0.8618699908256531, 0.41041630506515503, 1.1452337503433228, 0.3580764830112457, 0.7876964211463928, 0.616112470626831, 0.5318907499313354, 0.3004690706729889, 0.5913729667663574, 0.396119624376297, 0.6602147817611694, 0.5248565673828125, 0.677328884601593, 0.3443607687950134, 0.464893639087677, 0.2622644901275635, 0.427981436252594, 0.0, 0.34468477964401245, 0.29164332151412964, 0.0, 1.3957377672195435, 1.6685142517089844, 7.076986789703369, 1.322625756263733, 1.4744837284088135, 1.4892319440841675, 6.275102138519287, 1.944393515586853, 2.0921168327331543, 2.731135845184326, 7.444166660308838, 1.6088896989822388, 0.862765371799469, 2.1548502445220947, 3.947746992111206, 1.106782078742981, 0.40135613083839417, 0.6157345175743103, 0.48257413506507874, 0.4439536929130554, 0.11149243265390396, 0.6523720622062683, 0.6924644112586975, 0.49789291620254517, 0.18529394268989563, 0.39096781611442566, 0.40913695096969604, 0.27403613924980164, 0.3566725254058838, 0.3886720836162567, 0.2406851351261139, 0.35941195487976074, 0.8888050317764282, 0.7180872559547424, 1.2280619144439697, 1.0811240673065186, 0.4530392289161682, 0.9708409309387207, 0.9445977807044983, 0.939660370349884, 1.4211097955703735, 0.5897149443626404, 1.1668332815170288, 0.7150757312774658, 0.7440705895423889, 0.827207624912262, 0.7516051530838013, 0.538519561290741, 0.20526006817817688, 0.16320422291755676, 0.2827942669391632, 0.18559964001178741, 0.17730125784873962, 0.2709832489490509, 0.5676664113998413, 0.512725830078125, 0.14902761578559875, 0.23468098044395447, 0.38733434677124023, 0.20668461918830872, 0.24463719129562378, 0.33316031098365784, 0.2565475404262543, 0.4394499659538269]]
Time 1779.653345823288
