Created graph
[-7.0, -5, -3.0]
[-6.0, -5, -4.0]
[-5.5, -5, -4.5]
[-5.25, -5, -4.75]
[-5.125, -5, -4.875]
[-5.0625, -5, -4.9375]
10 3 200
Score: 107.24653
Signatures: [[1.2251827716827393, 1.255859613418579, 0.42388013005256653, 0.8937214016914368, 1.059877872467041, 1.1987093687057495, 0.42679911851882935, 1.0150171518325806, 1.06486177444458, 1.1363956928253174, 0.25212356448173523, 0.9915803074836731, 1.0326594114303589, 1.4891932010650635, 0.40388956665992737, 1.3382707834243774, 0.8244237303733826, 0.6534616351127625, 0.4866677522659302, 0.8362605571746826, 0.6891356110572815, 0.79925936460495, 0.5309576988220215, 0.999264121055603, 0.4273127317428589, 0.6405275464057922, 0.3119635283946991, 0.6874315738677979, 1.3201179504394531, 1.142372965812683, 0.48936617374420166, 1.8843402862548828, 1.4871888160705566, 1.4088181257247925, 5.719573974609375, 1.2925169467926025, 1.7162704467773438, 1.4634158611297607, 4.894341945648193, 1.9409641027450562, 1.8559236526489258, 2.103327989578247, 5.573158264160156, 1.6600861549377441, 2.8557589054107666, 2.826559543609619, 3.9919557571411133, 2.3678407669067383, 0.32527661323547363, 0.6250326633453369, 0.4975230097770691, 0.3590049743652344, 0.17582668364048004, 0.6792266368865967, 0.7080374956130981, 0.5683019757270813, 0.2267790138721466, 0.4123457074165344, 0.43023812770843506, 0.2887090742588043, 0.31674906611442566, 0.36216050386428833, 0.2717180550098419, 0.38217705488204956, 0.7843891382217407, 0.6952624917030334, 1.1141788959503174, 1.0822852849960327, 0.38277900218963623, 0.8917090892791748, 0.9028677344322205, 0.8897265791893005, 1.065251350402832, 0.5469371676445007, 0.8312835693359375, 0.7069886922836304, 0.6087507009506226, 0.7452402710914612, 0.5624775290489197, 0.4948902428150177, 0.177872896194458, 0.18156826496124268, 0.3527756631374359, 0.20950576663017273, 0.17815792560577393, 0.30130571126937866, 0.596757173538208, 0.6133785247802734, 0.1701938360929489, 0.24990566074848175, 0.41857436299324036, 0.2591208517551422, 0.23407520353794098, 0.292498379945755, 0.3252713084220886, 0.4570661187171936], [0.0, 0.14537914097309113, 0.011291565373539925, 0.0027589965611696243, 0.0121114831417799, 0.0, 0.019227614626288414, 0.05861125886440277, 0.0, 0.0, 0.05805253982543945, 0.0, 1.5826952457427979, 0.4705849587917328, 0.16260334849357605, 0.41943272948265076, 0.06938385218381882, 0.08726204931735992, 0.0934906005859375, 0.044609855860471725, 0.1517181396484375, 0.0, 0.0, 0.1824740618467331, 0.05059198662638664, 0.0, 0.0005507659516297281, 0.06830798834562302, 9.572833061218262, 3.116584539413452, 0.689362108707428, 9.908815383911133, 0.1390182375907898, 0.0, 0.0, 0.03476549685001373, 0.4360315501689911, 0.02107475884258747, 0.0, 0.030542423948645592, 0.07629136741161346, 0.0, 0.0, 0.13580983877182007, 7.606713771820068, 2.1265621185302734, 2.0220603942871094, 2.614610195159912, 0.0, 0.00023572878853883594, 0.04573551192879677, 0.0, 0.1104273870587349, 0.0, 0.0, 0.0, 0.004715523216873407, 6.914560799486935e-06, 0.0, 0.0049582249484956264, 0.0, 0.0024095110129565, 7.029008429526584e-06, 0.0, 0.0, 0.0, 0.04272105544805527, 0.020716993138194084, 0.0, 0.04499174281954765, 0.0, 0.0, 0.0, 0.0, 0.0, 0.051225822418928146, 0.0, 0.0010910534765571356, 0.0, 0.0, 0.0, 0.0, 0.0, 0.015005062334239483, 5.891466571483761e-05, 0.00880802609026432, 0.0, 0.08911493420600891, 0.0, 0.0, 0.0, 0.005417213309556246, 0.0, 0.0, 0.07778939604759216, 0.013151329942047596], [0.0, 0.0, 0.0, 0.0, 0.0, 0.0, 0.0, 0.0, 0.0, 0.0, 0.0, 0.0, 0.599962592124939, 0.17399188876152039, 0.17971521615982056, 0.35407617688179016, 0.0, 0.0, 0.0, 0.0, 0.0, 0.0, 0.0, 0.0, 1.3075064089207444e-06, 0.0, 0.0, 0.0, 0.4182203412055969, 0.2180158942937851, 0.0, 4.051313400268555, 0.0, 0.0, 0.0, 0.00828054454177618, 0.24037639796733856, 0.019233835861086845, 0.0, 0.07530034333467484, 0.0, 0.0, 0.0, 0.0, 12.937211036682129, 2.3032987117767334, 3.2492480278015137, 7.6303606033325195, 0.0, 0.0, 0.010868066921830177, 0.0, 0.0, 0.0, 0.0, 0.0, 0.0, 0.0, 0.0, 0.0, 0.0, 0.0, 0.0, 0.0, 0.0, 0.0, 0.0, 0.0, 0.0, 0.0, 0.0, 0.0, 0.0, 0.0, 0.0, 0.0, 0.0, 0.0, 0.0, 9.853149094851688e-06, 0.0, 0.0, 0.0, 0.0, 0.0, 0.0, 0.0, 0.0, 0.0, 0.016936680302023888, 0.0, 0.0, 0.0, 0.0015379695687443018, 0.0, 0.0]]
Time 1787.5704913139343
