Created graph
[-7.0, -5, -3.0]
[-6.0, -5, -4.0]
[-5.5, -5, -4.5]
[-5.25, -5, -4.75]
[-5.125, -5, -4.875]
[-5.0625, -5, -4.9375]
1 4 200
Score: 103.535
Signatures: [[0.0, 0.0, 0.0, 0.0, 0.0, 0.0, 0.0, 0.0, 0.0, 0.0, 0.0, 0.0, 0.5328752398490906, 0.28833937644958496, 0.19533663988113403, 0.41935840249061584, 0.0, 0.0, 0.0, 0.0, 0.0, 0.0, 0.0, 0.0, 0.0025241393595933914, 0.0, 0.0, 0.0, 0.0, 0.041093990206718445, 0.0, 3.060009479522705, 0.009802826680243015, 0.0, 0.0, 0.06666986644268036, 0.36615535616874695, 0.03353985399007797, 0.0, 0.09908224642276764, 0.028169816359877586, 0.01492656022310257, 0.0, 0.0, 12.354039192199707, 2.6423654556274414, 4.202217102050781, 6.855789661407471, 0.0, 0.0, 0.040834762156009674, 0.0, 0.0, 0.0, 0.0, 0.0, 0.0020375805906951427, 0.0, 0.0, 0.0, 0.0, 0.0, 0.0, 0.0, 0.0, 0.0, 0.0, 0.0, 0.0, 0.0, 0.0, 0.0, 0.0, 0.0, 0.0, 0.0, 0.0, 0.0, 0.0, 0.05521325021982193, 0.0, 0.0, 0.0, 0.0, 0.0, 0.0, 0.0, 0.0, 0.0, 0.0293644517660141, 0.0, 0.0, 0.0, 0.0, 0.0, 0.0], [0.4542447626590729, 0.8397339582443237, 0.2782136797904968, 0.36470863223075867, 0.4098467528820038, 0.2927151024341583, 0.3032000660896301, 0.5609791278839111, 0.0762377381324768, 0.45877334475517273, 0.14022400975227356, 0.4513273537158966, 1.759756088256836, 0.8014832139015198, 0.11342969536781311, 1.0752602815628052, 0.4451654255390167, 0.12760332226753235, 0.2829366624355316, 0.4178883731365204, 0.3390166759490967, 0.2779911458492279, 0.19189512729644775, 0.5392426252365112, 0.10742740333080292, 0.3290768265724182, 0.052494730800390244, 0.492325097322464, 3.207005023956299, 1.3443102836608887, 0.719253420829773, 2.7817492485046387, 0.47102972865104675, 0.15020707249641418, 2.8724899291992188, 0.30833277106285095, 1.072636604309082, 0.6912486553192139, 2.373875856399536, 0.9372066855430603, 0.8379056453704834, 0.2807422876358032, 2.4436259269714355, 0.5736513733863831, 2.0892717838287354, 1.3109920024871826, 2.444620132446289, 4.65226936340332, 0.12345634400844574, 0.20863424241542816, 0.1008690595626831, 0.0, 0.17586098611354828, 0.20468604564666748, 0.2459871768951416, 0.1965835690498352, 0.08158457279205322, 0.2245868295431137, 0.1417568325996399, 0.17383839190006256, 0.15191218256950378, 0.09227049350738525, 0.19941900670528412, 0.04095994681119919, 0.38490772247314453, 0.0, 0.6354988217353821, 0.5547396540641785, 0.0, 0.19444476068019867, 0.2194591611623764, 0.31772762537002563, 0.18680565059185028, 0.3075973391532898, 0.07316331565380096, 0.1874440461397171, 0.045647673308849335, 0.4173338711261749, 0.049809690564870834, 0.0, 0.06450100243091583, 0.1206693947315216, 0.17122478783130646, 0.15967099368572235, 0.03816395625472069, 0.11008129268884659, 0.17569474875926971, 0.2917161285877228, 0.06818374246358871, 0.0594060905277729, 0.1277209222316742, 0.16805285215377808, 0.10055894404649734, 0.15023112297058105, 0.16451290249824524, 0.21331843733787537], [1.158778429031372, 0.9970331788063049, 0.31603488326072693, 0.8135469555854797, 1.0040862560272217, 1.243645429611206, 0.3038596212863922, 0.8485037684440613, 1.24068021774292, 1.0489295721054077, 0.2195175737142563, 0.8827157020568848, 0.19206583499908447, 1.2676441669464111, 0.37959447503089905, 0.9318569898605347, 0.7045577764511108, 0.730074942111969, 0.42581087350845337, 0.7417925000190735, 0.6425854563713074, 0.778889000415802, 0.5086658596992493, 0.8848839402198792, 0.44995227456092834, 0.542201817035675, 0.3470204174518585, 0.5272051692008972, 0.2708105444908142, 0.7536455988883972, 0.1837393045425415, 1.2936413288116455, 1.486474871635437, 1.6027415990829468, 4.795777320861816, 1.3320765495300293, 1.3740990161895752, 1.2520885467529297, 4.1153645515441895, 1.6614842414855957, 1.6381663084030151, 2.296475410461426, 4.790958881378174, 1.6220428943634033, 1.8851382732391357, 2.4137325286865234, 2.892488479614258, 0.0, 0.29805082082748413, 0.6116579174995422, 0.5183191299438477, 0.44903844594955444, 0.12353022396564484, 0.6710177063941956, 0.6742492318153381, 0.5456459522247314, 0.2172524482011795, 0.33745843172073364, 0.41696253418922424, 0.22661349177360535, 0.2747865617275238, 0.3765755295753479, 0.18460141122341156, 0.4521646201610565, 0.6683375835418701, 0.8674339652061462, 0.9013743996620178, 0.916465163230896, 0.47379443049430847, 0.9509109258651733, 0.9486487507820129, 0.8616623282432556, 1.1387200355529785, 0.427369087934494, 0.9436272382736206, 0.7457858920097351, 0.7120988368988037, 0.602443277835846, 0.6473344564437866, 0.590053379535675, 0.1659255176782608, 0.13295014202594757, 0.3107122480869293, 0.1434878259897232, 0.19429096579551697, 0.29301193356513977, 0.5968183875083923, 0.5752809047698975, 0.16036708652973175, 0.2521709203720093, 0.4209297299385071, 0.19707921147346497, 0.21498847007751465, 0.23842765390872955, 0.29684627056121826, 0.40927931666374207], [0.0, 0.017779698595404625, 0.0, 0.0, 0.0006179962074384093, 0.0, 0.0, 0.0022629480808973312, 0.0, 0.0, 0.03724515065550804, 0.0, 1.2807806730270386, 0.32019516825675964, 0.18076714873313904, 0.2307245135307312, 0.02032863348722458, 0.08989569544792175, 0.04914742335677147, 0.004185051191598177, 0.10744521766901016, 0.0, 0.0, 0.11160720139741898, 0.05710012465715408, 0.0, 0.007676940411329269, 0.0, 9.324902534484863, 3.000786066055298, 0.5340182781219482, 10.231060028076172, 0.12782493233680725, 0.013734090141952038, 0.0, 0.037692051380872726, 0.2120816856622696, 0.0, 0.0, 0.0, 0.027761386707425117, 0.0, 0.0, 0.13533611595630646, 8.469085693359375, 1.924304723739624, 1.293426513671875, 2.722257375717163, 0.0, 0.0, 0.04847819730639458, 0.0, 0.07371718436479568, 0.0, 0.0, 0.0, 0.0, 0.0, 0.0, 0.0, 0.0, 0.004345157649368048, 0.0, 0.0, 0.0, 0.024157019332051277, 0.0, 0.0, 0.0, 0.0616326630115509, 0.0, 0.0, 0.0, 0.0, 0.0, 0.05754154548048973, 0.02615826018154621, 0.0, 0.006873606238514185, 0.0, 0.0, 0.0, 0.0, 0.0, 0.0008401016821153462, 1.4218482647265773e-05, 0.0, 0.04664379358291626, 0.0, 0.0, 0.0, 0.0, 0.0, 0.0, 0.04935245215892792, 0.0]]
Time 2772.491919517517
