Created graph
[-7.0, -5, -3.0]
[-6.0, -5, -4.0]
[-5.5, -5, -4.5]
[-5.25, -5, -4.75]
[-4.875, -4.75, -4.625]
[-4.6875, -4.625, -4.5625]
100 3 50
Score: 110.83611
Signatures: [[1.3230587244033813, 1.2252172231674194, 0.42017778754234314, 0.8755612373352051, 1.062007188796997, 1.2661094665527344, 0.4142402112483978, 1.0462557077407837, 1.1858439445495605, 1.2726764678955078, 0.23821686208248138, 0.992466926574707, 0.7254024744033813, 1.333282470703125, 0.3384757339954376, 1.1531577110290527, 0.7843458652496338, 0.6351163387298584, 0.47952035069465637, 0.8276252150535583, 0.6748142242431641, 0.8282559514045715, 0.5583882927894592, 0.9478534460067749, 0.40501031279563904, 0.6300643682479858, 0.31318551301956177, 0.6666716933250427, 0.4531743824481964, 0.7349213361740112, 0.41437870264053345, 0.11234758794307709, 1.4933332204818726, 1.5128475427627563, 6.111401557922363, 1.3076642751693726, 1.5629148483276367, 1.4297822713851929, 4.976474761962891, 1.8712702989578247, 1.861467957496643, 2.238369941711426, 5.960238933563232, 1.6384048461914062, 0.0, 2.133437395095825, 3.189319610595703, 1.146702766418457, 0.37219545245170593, 0.659642219543457, 0.4722172021865845, 0.3841250240802765, 0.1766934096813202, 0.702693521976471, 0.7249276638031006, 0.6233296394348145, 0.2133159637451172, 0.4119391441345215, 0.43035778403282166, 0.285065233707428, 0.34538960456848145, 0.37689754366874695, 0.2652623653411865, 0.41322898864746094, 0.8294191360473633, 0.7521910667419434, 1.132320523262024, 1.0882816314697266, 0.4235691726207733, 0.9220247268676758, 0.9729156494140625, 0.9462425112724304, 1.1929655075073242, 0.5816473364830017, 0.9477075934410095, 0.721428394317627, 0.666763186454773, 0.7935382127761841, 0.6313881874084473, 0.49676215648651123, 0.18583017587661743, 0.18871787190437317, 0.36681514978408813, 0.20748570561408997, 0.18181416392326355, 0.30728578567504883, 0.6265168190002441, 0.6207789778709412, 0.17228522896766663, 0.24348586797714233, 0.43380099534988403, 0.25382596254348755, 0.2530636191368103, 0.2984919250011444, 0.3077988624572754, 0.46742820739746094], [0.0797051191329956, 0.33862170577049255, 0.08221807330846786, 0.12122798711061478, 0.1643875241279602, 0.034950755536556244, 0.09286442399024963, 0.18008676171302795, 0.01487498264759779, 0.0408959835767746, 0.09949563443660736, 0.09171926230192184, 1.5680084228515625, 0.5704883933067322, 0.1443522721529007, 0.4708751142024994, 0.21594949066638947, 0.19721907377243042, 0.16668356955051422, 0.1800207942724228, 0.270397424697876, 0.07416627556085587, 0.036572281271219254, 0.3813439607620239, 0.08633065968751907, 0.1019996628165245, 0.0482715480029583, 0.19581162929534912, 10.294644355773926, 3.3710734844207764, 0.7645168900489807, 10.586332321166992, 0.254565954208374, 0.07854530215263367, 0.0, 0.06780616194009781, 0.3986004889011383, 0.057776499539613724, 0.0, 0.04860498756170273, 0.18448156118392944, 0.0, 0.0, 0.3908202052116394, 7.2160844802856445, 2.143882989883423, 1.4895952939987183, 2.477651596069336, 0.0, 0.06374635547399521, 0.0304165817797184, 0.005257847718894482, 0.13047455251216888, 0.013072281144559383, 0.04143436253070831, 0.0, 0.03782062977552414, 0.05036367475986481, 0.04280494898557663, 0.04526985064148903, 0.01704869605600834, 0.04140019044280052, 0.04979727417230606, 0.01976221799850464, 0.05779349058866501, 0.05780483037233353, 0.17089961469173431, 0.18279145658016205, 0.0, 0.15582333505153656, 0.05070868134498596, 0.08939335495233536, 0.0005784776876680553, 0.010871782898902893, 0.0, 0.1533789485692978, 0.037695303559303284, 0.08920112252235413, 0.02347092516720295, 0.0, 0.0024088933132588863, 0.015185603871941566, 0.03746576979756355, 0.049598220735788345, 0.023307692259550095, 0.052987296134233475, 0.0250234454870224, 0.1917034387588501, 0.030414970591664314, 0.0, 0.03465745970606804, 0.050337035208940506, 0.027537064626812935, 0.0, 0.13419324159622192, 0.06821566075086594], [0.0, 0.0, 0.0, 0.0, 0.0, 0.0, 0.0, 0.0003400746500119567, 0.0, 0.0, 0.0, 0.03863602876663208, 0.8313151001930237, 0.3591402471065521, 0.27668535709381104, 0.5710413455963135, 0.0, 0.0, 0.0, 0.0, 0.0, 0.0, 0.0, 0.0, 0.039500024169683456, 0.0, 0.0, 0.0, 0.0, 0.16680219769477844, 0.0, 3.711249351501465, 0.09156405180692673, 0.0, 0.6166226267814636, 0.16404442489147186, 0.5823509693145752, 0.22289182245731354, 0.6335897445678711, 0.3924412429332733, 0.16422384977340698, 0.1319764107465744, 0.339572936296463, 0.0019044051878154278, 13.846687316894531, 2.825303792953491, 4.515185356140137, 8.033016204833984, 0.0, 0.0033986696507781744, 0.1125900000333786, 0.0, 0.0, 0.015882547944784164, 0.0, 0.0, 0.007345831952989101, 0.008778541348874569, 0.002789597027003765, 0.00011343434744048864, 0.0, 0.0, 0.0, 0.0, 0.0, 0.0, 0.0, 0.0, 0.0, 0.0, 0.0, 0.0, 0.0, 0.024816909804940224, 0.0, 0.0, 0.0, 0.0, 0.0, 0.06655093282461166, 0.004654500633478165, 0.0, 0.0, 0.0, 0.0, 0.0, 0.0, 0.0, 0.0, 0.05057171732187271, 0.0, 0.0, 0.0, 0.04136202484369278, 0.0, 0.0]]
Time 4111.822204351425
