Created graph
[-7.0, -5, -3.0]
[-6.0, -5, -4.0]
[-5.5, -5, -4.5]
[-5.25, -5, -4.75]
[-5.125, -5, -4.875]
[-5.0625, -5, -4.9375]
1 4 25
Score: 103.53513
Signatures: [[0.0, 0.0, 0.0, 0.0, 0.0, 0.0, 0.0, 0.0, 0.0, 0.0, 0.0, 0.0, 0.5328646302223206, 0.2883312702178955, 0.19533385336399078, 0.41934823989868164, 0.0, 0.0, 0.0, 0.0, 0.0, 0.0, 0.0, 0.0, 0.002522453898563981, 0.0, 0.0, 0.0, 0.0, 0.04107946157455444, 0.0, 3.0598833560943604, 0.009802396409213543, 0.0, 0.0, 0.0666700229048729, 0.3661506772041321, 0.03354188799858093, 0.0, 0.09908048808574677, 0.028171345591545105, 0.014930634759366512, 0.0, 0.0, 12.353813171386719, 2.6423110961914062, 4.202144622802734, 6.855690002441406, 0.0, 0.0, 0.04083368554711342, 0.0, 0.0, 0.0, 0.0, 0.0, 0.002036221558228135, 0.0, 0.0, 0.0, 0.0, 0.0, 0.0, 0.0, 0.0, 0.0, 0.0, 0.0, 0.0, 0.0, 0.0, 0.0, 0.0, 0.0, 0.0, 0.0, 0.0, 0.0, 0.0, 0.05521216243505478, 0.0, 0.0, 0.0, 0.0, 0.0, 0.0, 0.0, 0.0, 0.0, 0.029364628717303276, 0.0, 0.0, 0.0, 0.0, 0.0, 0.0], [0.4542357623577118, 0.8397294282913208, 0.27821084856987, 0.3646943271160126, 0.4098474085330963, 0.2927037477493286, 0.3031970262527466, 0.560982882976532, 0.07623355090618134, 0.45876771211624146, 0.14022690057754517, 0.4513242542743683, 1.7597569227218628, 0.8014993071556091, 0.11341902613639832, 1.0752962827682495, 0.44515982270240784, 0.1276085525751114, 0.2829493284225464, 0.41789454221725464, 0.33902451395988464, 0.27799347043037415, 0.19189433753490448, 0.539246141910553, 0.10742941498756409, 0.3290770649909973, 0.052496712654829025, 0.4923253655433655, 3.2070724964141846, 1.3443386554718018, 0.719258725643158, 2.7818362712860107, 0.47102418541908264, 0.15019623935222626, 2.8724312782287598, 0.3083258271217346, 1.0726275444030762, 0.6912250518798828, 2.373774528503418, 0.9371861219406128, 0.8378767967224121, 0.28070521354675293, 2.443502187728882, 0.5736536979675293, 2.0891919136047363, 1.3110065460205078, 2.4446372985839844, 4.652248382568359, 0.12345246225595474, 0.2086334079504013, 0.10086282342672348, 0.0, 0.175865039229393, 0.20468012988567352, 0.24597397446632385, 0.19658197462558746, 0.08158843219280243, 0.22458085417747498, 0.14175836741924286, 0.1738310605287552, 0.15191054344177246, 0.09226566553115845, 0.19941627979278564, 0.04095960780978203, 0.3849011957645416, 0.0, 0.6354913711547852, 0.5547358393669128, 0.0, 0.1944361925125122, 0.21946200728416443, 0.31772130727767944, 0.1867924928665161, 0.3075887858867645, 0.07315023988485336, 0.18745291233062744, 0.04564496874809265, 0.41732338070869446, 0.04979696497321129, 0.0, 0.06449981778860092, 0.12066734582185745, 0.17122265696525574, 0.1596706360578537, 0.038163576275110245, 0.11007796227931976, 0.17569144070148468, 0.29172515869140625, 0.06818169355392456, 0.059403400868177414, 0.1277199536561966, 0.16804760694503784, 0.10055846720933914, 0.1502244770526886, 0.16451911628246307, 0.2133215069770813], [1.158776044845581, 0.9970288872718811, 0.31603437662124634, 0.8135507702827454, 1.0040771961212158, 1.243644118309021, 0.30385932326316833, 0.8484916090965271, 1.2406748533248901, 1.0489248037338257, 0.21951548755168915, 0.8827107548713684, 0.19207169115543365, 1.2676283121109009, 0.3795989155769348, 0.9318305253982544, 0.704556405544281, 0.7300660610198975, 0.42579975724220276, 0.7417828440666199, 0.642576277256012, 0.7788800597190857, 0.508662760257721, 0.8848764896392822, 0.4499478340148926, 0.5421974062919617, 0.3470157980918884, 0.5272005200386047, 0.2707816958427429, 0.753632664680481, 0.18373669683933258, 1.2936002016067505, 1.4864691495895386, 1.6027387380599976, 4.795782089233398, 1.3320704698562622, 1.3740979433059692, 1.25209379196167, 4.1154046058654785, 1.6614853143692017, 1.6381725072860718, 2.2964813709259033, 4.791004180908203, 1.6220324039459229, 1.8851817846298218, 2.413708448410034, 2.8924643993377686, 0.0, 0.2980515658855438, 0.6116533875465393, 0.5183190107345581, 0.4490360915660858, 0.12352719157934189, 0.6710163354873657, 0.6742530465126038, 0.5456414222717285, 0.21724887192249298, 0.3374594449996948, 0.4169572591781616, 0.22661665081977844, 0.27478525042533875, 0.376576691865921, 0.18460220098495483, 0.45216113328933716, 0.6683356761932373, 0.8674261569976807, 0.9013742208480835, 0.9164600968360901, 0.4737902581691742, 0.9509091973304749, 0.948639452457428, 0.8616603016853333, 1.138720154762268, 0.42737120389938354, 0.9436284899711609, 0.7457734942436218, 0.7120941281318665, 0.6024454236030579, 0.6473379731178284, 0.5900501012802124, 0.16592524945735931, 0.1329507976770401, 0.31071144342422485, 0.14348717033863068, 0.19429010152816772, 0.29301220178604126, 0.5968161821365356, 0.5752719044685364, 0.16036738455295563, 0.2521701753139496, 0.42092716693878174, 0.19708119332790375, 0.2149868905544281, 0.23843063414096832, 0.29684099555015564, 0.40927547216415405], [0.0, 0.01777474209666252, 0.0, 0.0, 0.0006173058063723147, 0.0, 0.0, 0.002260224660858512, 0.0, 0.0, 0.03724254295229912, 0.0, 1.2807544469833374, 0.32018494606018066, 0.18076816201210022, 0.23071102797985077, 0.02032635174691677, 0.08989282697439194, 0.04914172366261482, 0.004181587602943182, 0.10744006186723709, 0.0, 0.0, 0.11160087585449219, 0.057100120931863785, 0.0, 0.007676512934267521, 0.0, 9.324814796447754, 3.0007567405700684, 0.5340069532394409, 10.231002807617188, 0.12782230973243713, 0.013736083172261715, 0.0, 0.0376913882791996, 0.21207287907600403, 0.0, 0.0, 0.0, 0.02776082418859005, 0.0, 0.0, 0.13532991707324982, 8.469038963317871, 1.9242881536483765, 1.2933998107910156, 2.722200393676758, 0.0, 0.0, 0.04848010838031769, 0.0, 0.07371411472558975, 0.0, 0.0, 0.0, 0.0, 0.0, 0.0, 0.0, 0.0, 0.004345499910414219, 0.0, 0.0, 0.0, 0.024157527834177017, 0.0, 0.0, 0.0, 0.06163332238793373, 0.0, 0.0, 0.0, 0.0, 0.0, 0.05753859505057335, 0.026159312576055527, 0.0, 0.006876302417367697, 0.0, 0.0, 0.0, 0.0, 0.0, 0.0008399088401347399, 1.4175378964864649e-05, 0.0, 0.04663822427392006, 0.0, 0.0, 0.0, 0.0, 0.0, 0.0, 0.0493488609790802, 0.0]]
Time 2742.9988141059875
