Created graph
[-7.0, -5, -3.0]
[-6.0, -5, -4.0]
[-5.5, -5, -4.5]
[-5.25, -5, -4.75]
[-5.125, -5, -4.875]
[-5.0625, -5, -4.9375]
1 4 5
Score: 103.534775
Signatures: [[0.0, 0.0, 0.0, 0.0, 0.0, 0.0, 0.0, 0.0, 0.0, 0.0, 0.0, 0.0, 0.5328544974327087, 0.28832656145095825, 0.19533392786979675, 0.4193425178527832, 0.0, 0.0, 0.0, 0.0, 0.0, 0.0, 0.0, 0.0, 0.002522334223613143, 0.0, 0.0, 0.0, 0.0, 0.041072383522987366, 0.0, 3.0598719120025635, 0.009801738895475864, 0.0, 0.0, 0.06667052209377289, 0.3661462962627411, 0.03354228660464287, 0.0, 0.09907879680395126, 0.028169427067041397, 0.014937958680093288, 0.0, 0.0, 12.353759765625, 2.6423070430755615, 4.202115058898926, 6.85563850402832, 0.0, 0.0, 0.040834568440914154, 0.0, 0.0, 0.0, 0.0, 0.0, 0.002036146819591522, 0.0, 0.0, 0.0, 0.0, 0.0, 0.0, 0.0, 0.0, 0.0, 0.0, 0.0, 0.0, 0.0, 0.0, 0.0, 0.0, 0.0, 0.0, 0.0, 0.0, 0.0, 0.0, 0.05521245300769806, 0.0, 0.0, 0.0, 0.0, 0.0, 0.0, 0.0, 0.0, 0.0, 0.02936435118317604, 0.0, 0.0, 0.0, 0.0, 0.0, 0.0], [0.4542279541492462, 0.8397260904312134, 0.27820903062820435, 0.364687979221344, 0.40985289216041565, 0.2927001714706421, 0.3031992018222809, 0.560977041721344, 0.07622002810239792, 0.458755224943161, 0.14022770524024963, 0.4513242840766907, 1.7597638368606567, 0.8015040755271912, 0.11341208219528198, 1.0753051042556763, 0.4451613128185272, 0.12761619687080383, 0.2829537093639374, 0.41790488362312317, 0.33903056383132935, 0.27800118923187256, 0.19188866019248962, 0.539247453212738, 0.10743403434753418, 0.3290795683860779, 0.05249841883778572, 0.4923347234725952, 3.207047462463379, 1.3443752527236938, 0.7192646265029907, 2.7818663120269775, 0.47102490067481995, 0.1501806378364563, 2.8723106384277344, 0.3083106279373169, 1.072638988494873, 0.6912131905555725, 2.37369966506958, 0.9371808171272278, 0.8378844857215881, 0.2806670665740967, 2.4433557987213135, 0.573669970035553, 2.089232921600342, 1.3110264539718628, 2.4445865154266357, 4.652315616607666, 0.12344642728567123, 0.20863348245620728, 0.10085517168045044, 0.0, 0.17586460709571838, 0.20467811822891235, 0.24596485495567322, 0.19658122956752777, 0.08158848434686661, 0.2245756834745407, 0.14175762236118317, 0.1738254427909851, 0.15190602838993073, 0.09226392209529877, 0.19941243529319763, 0.040962401777505875, 0.384894460439682, 0.0, 0.6354748010635376, 0.5547286868095398, 0.0, 0.19443392753601074, 0.21945945918560028, 0.31770917773246765, 0.1867818832397461, 0.30758136510849, 0.07313253730535507, 0.18745157122612, 0.04564028978347778, 0.4173205494880676, 0.04979170113801956, 0.0, 0.06450024992227554, 0.12066399306058884, 0.17122069001197815, 0.1596715748310089, 0.038161128759384155, 0.11007986217737198, 0.17569398880004883, 0.29172614216804504, 0.06818333268165588, 0.05940551310777664, 0.12771692872047424, 0.16804516315460205, 0.10055595636367798, 0.1502225548028946, 0.16451965272426605, 0.2133101522922516], [1.1587764024734497, 0.9970283508300781, 0.3160342574119568, 0.8135493993759155, 1.0040688514709473, 1.2436391115188599, 0.30385687947273254, 0.8484931588172913, 1.2406774759292603, 1.048930287361145, 0.21951377391815186, 0.8827034831047058, 0.19207729399204254, 1.267621636390686, 0.3796010911464691, 0.9318252205848694, 0.7045508027076721, 0.7300546765327454, 0.4257943630218506, 0.741771399974823, 0.6425682902336121, 0.7788700461387634, 0.5086649656295776, 0.8848705291748047, 0.44994136691093445, 0.5421916246414185, 0.3470119535923004, 0.5271914005279541, 0.27080610394477844, 0.7536104321479797, 0.18373560905456543, 1.2935717105865479, 1.4864593744277954, 1.602741003036499, 4.795853614807129, 1.332072377204895, 1.3740845918655396, 1.2520960569381714, 4.115442752838135, 1.66148042678833, 1.6381614208221436, 2.296491861343384, 4.791092395782471, 1.6220134496688843, 1.8851450681686401, 2.4136788845062256, 2.8924930095672607, 0.0, 0.298054963350296, 0.611650288105011, 0.5183202624320984, 0.4490335285663605, 0.12352780252695084, 0.6710137724876404, 0.6742559671401978, 0.5456386208534241, 0.2172473967075348, 0.33746135234832764, 0.4169551432132721, 0.22661994397640228, 0.27478712797164917, 0.37657660245895386, 0.18460437655448914, 0.4521559774875641, 0.6683369278907776, 0.8674216866493225, 0.9013830423355103, 0.9164619445800781, 0.4737860858440399, 0.9509028196334839, 0.9486356377601624, 0.8616649508476257, 1.138721227645874, 0.427375465631485, 0.9436360597610474, 0.7457689046859741, 0.7120919823646545, 0.602445125579834, 0.6473389267921448, 0.5900469422340393, 0.16592398285865784, 0.13295279443264008, 0.31071168184280396, 0.143485888838768, 0.194290429353714, 0.2930094003677368, 0.596811830997467, 0.5752685070037842, 0.16036537289619446, 0.252167284488678, 0.4209271967411041, 0.19708213210105896, 0.21498754620552063, 0.2384314090013504, 0.2968389689922333, 0.40928274393081665], [0.0, 0.01777283102273941, 0.0, 0.0, 0.0006163861253298819, 0.0, 0.0, 0.0022592335008084774, 0.0, 0.0, 0.037241868674755096, 0.0, 1.280738353729248, 0.3201800584793091, 0.18076710402965546, 0.230703204870224, 0.020324833691120148, 0.08989208936691284, 0.04913974925875664, 0.0041792127303779125, 0.10743773728609085, 0.0, 0.0, 0.1115989163517952, 0.05709909647703171, 0.0, 0.00767652690410614, 0.0, 9.324759483337402, 3.0007312297821045, 0.5339997410774231, 10.23091983795166, 0.12782195210456848, 0.013740229420363903, 0.0, 0.037694890052080154, 0.21206630766391754, 0.0, 0.0, 0.0, 0.027758214622735977, 0.0, 0.0, 0.13532379269599915, 8.4689359664917, 1.9242619276046753, 1.2933874130249023, 2.722130060195923, 0.0, 0.0, 0.04848138242959976, 0.0, 0.07371288537979126, 0.0, 0.0, 0.0, 0.0, 0.0, 0.0, 0.0, 0.0, 0.004345848225057125, 0.0, 0.0, 0.0, 0.024159198626875877, 0.0, 0.0, 0.0, 0.06163481995463371, 0.0, 0.0, 0.0, 0.0, 0.0, 0.0575392059981823, 0.02616102807223797, 0.0, 0.006877593230456114, 0.0, 0.0, 0.0, 0.0, 0.0, 0.000840368214994669, 1.4122226275503635e-05, 0.0, 0.04663713276386261, 0.0, 0.0, 0.0, 0.0, 0.0, 0.0, 0.049348678439855576, 0.0]]
Time 2745.0930919647217
