Created graph
[-7.0, -5, -3.0]
[-6.0, -5, -4.0]
[-5.5, -5, -4.5]
[-5.25, -5, -4.75]
[-4.875, -4.75, -4.625]
[-4.9375, -4.875, -4.8125]
1000 3 250
Score: 107.27822
Signatures: [[1.3491164445877075, 1.3260197639465332, 0.450064480304718, 0.9395546317100525, 1.131084680557251, 1.3080118894577026, 0.4480431079864502, 1.089451789855957, 1.1836014986038208, 1.2704846858978271, 0.2616215646266937, 1.0695137977600098, 0.9416014552116394, 1.5070172548294067, 0.3965151011943817, 1.325363278388977, 0.8485831022262573, 0.6883321404457092, 0.5112815499305725, 0.885951578617096, 0.7257432341575623, 0.8724905848503113, 0.5850273370742798, 1.0334217548370361, 0.4441680610179901, 0.6835438013076782, 0.33385729789733887, 0.7196285128593445, 1.1136211156845093, 1.045968770980835, 0.49619197845458984, 1.284198522567749, 1.5785374641418457, 1.5511635541915894, 6.34967565536499, 1.3740670680999756, 1.7345901727676392, 1.537477731704712, 5.270812511444092, 2.0163023471832275, 1.9744707345962524, 2.3039932250976562, 6.146452903747559, 1.751867651939392, 1.5983768701553345, 2.6506857872009277, 3.8177874088287354, 1.9127355813980103, 0.36608052253723145, 0.6843549013137817, 0.5141685009002686, 0.3932488262653351, 0.1894339770078659, 0.7346466779708862, 0.7650402188301086, 0.6281144618988037, 0.234891876578331, 0.4413003623485565, 0.4620540738105774, 0.3064010739326477, 0.35207661986351013, 0.39243704080581665, 0.28826871514320374, 0.42107561230659485, 0.8603739142417908, 0.7715066075325012, 1.1954447031021118, 1.1596412658691406, 0.4240306317806244, 0.9547095894813538, 0.9989719390869141, 0.9827958345413208, 1.184496283531189, 0.5998891592025757, 0.9334753751754761, 0.7558016777038574, 0.6740245819091797, 0.8150033354759216, 0.6320595741271973, 0.5279585719108582, 0.19386005401611328, 0.1984390914440155, 0.3839665651321411, 0.22256211936473846, 0.1921606808900833, 0.3240234851837158, 0.6512510180473328, 0.6608877182006836, 0.18423986434936523, 0.26175057888031006, 0.4578857123851776, 0.27346810698509216, 0.2576856017112732, 0.3142317831516266, 0.3357027471065521, 0.49418166279792786], [0.001736586564220488, 0.23588815331459045, 0.043901458382606506, 0.05635055527091026, 0.08261706680059433, 0.0, 0.05657241493463516, 0.12268177419900894, 0.0, 0.0, 0.08291089534759521, 0.022988218814134598, 1.7082115411758423, 0.5578436255455017, 0.1688416302204132, 0.4621838331222534, 0.15250912308692932, 0.14760833978652954, 0.13957323133945465, 0.11094508320093155, 0.22459043562412262, 0.004117472562938929, 0.0, 0.3009960651397705, 0.08100688457489014, 0.03249536082148552, 0.020588509738445282, 0.14024610817432404, 10.755949020385742, 3.5039618015289307, 0.7846196889877319, 11.154224395751953, 0.2403751164674759, 0.001242178725078702, 0.0, 0.06743314117193222, 0.45973464846611023, 0.05370556563138962, 0.0, 0.05302426218986511, 0.17617695033550262, 0.0, 0.0, 0.2730560302734375, 8.409929275512695, 2.349280834197998, 2.056062936782837, 3.0236430168151855, 0.0, 0.026243576779961586, 0.045933790504932404, 0.0, 0.12909507751464844, 0.0, 0.0, 0.0, 0.021730003878474236, 0.021446645259857178, 0.010930490680038929, 0.022943165153265, 0.0, 0.020109277218580246, 0.015381068922579288, 0.0, 0.015030906535685062, 0.01505530346184969, 0.10508443415164948, 0.09508465230464935, 0.0, 0.1084815040230751, 0.0, 0.015159647911787033, 0.0, 0.0, 0.0, 0.11112552136182785, 0.01277852337807417, 0.04267646744847298, 0.0, 0.0, 0.0, 0.0, 0.006477702874690294, 0.0335158035159111, 0.010141308419406414, 0.030532287433743477, 0.0, 0.1398366540670395, 0.010466930456459522, 0.0, 0.002340380335226655, 0.027228571474552155, 0.011243545450270176, 0.0, 0.11388535797595978, 0.03972983360290527], [0.0, 0.0, 0.0, 0.0, 0.0, 0.0, 0.0, 0.0, 0.0, 0.0, 0.0, 0.0, 0.8061764240264893, 0.29950568079948425, 0.25291553139686584, 0.524945855140686, 0.0, 0.0, 0.0, 0.0, 0.0, 0.0, 0.0, 0.0, 0.011224830523133278, 0.0, 0.0, 0.0, 0.2282467782497406, 0.24885022640228271, 0.0, 4.342597961425781, 0.0007531660958193243, 0.0, 0.11838957667350769, 0.07423187047243118, 0.44921639561653137, 0.1118561327457428, 0.19970794022083282, 0.24255359172821045, 0.03916352242231369, 0.00012365164002403617, 0.0, 0.0, 14.52437973022461, 2.8273494243621826, 4.167854309082031, 8.46027946472168, 0.0, 0.0, 0.05897333100438118, 0.0, 0.0, 0.0, 0.0, 0.0, 0.0, 0.0, 0.0, 0.0, 0.0, 0.0, 0.0, 0.0, 0.0, 0.0, 0.0, 0.0, 0.0, 0.0, 0.0, 0.0, 0.0, 0.0, 0.0, 0.0, 0.0, 0.0, 0.0, 0.029923798516392708, 0.0, 0.0, 0.0, 0.0, 0.0, 0.0, 0.0, 0.0, 0.0, 0.036818500608205795, 0.0, 0.0, 0.0, 0.02089644968509674, 0.0, 0.0]]
Time 2693.6550204753876
