Created graph
[-7.0, -5, -3.0]
[-6.0, -5, -4.0]
[-5.5, -5, -4.5]
[-5.25, -5, -4.75]
[-5.125, -5, -4.875]
[-5.0625, -5, -4.9375]
10 4 5
Score: 103.533104
Signatures: [[0.0, 0.0, 0.0, 0.0, 0.0, 0.0, 0.0, 0.0, 0.0, 0.0, 0.0, 0.0, 0.5331241488456726, 0.288455069065094, 0.19541035592556, 0.4195130169391632, 0.0, 0.0, 0.0, 0.0, 0.0, 0.0, 0.0, 0.0, 0.0025475553702563047, 0.0, 0.0, 0.0, 0.0, 0.04136501997709274, 0.0, 3.0618085861206055, 0.009818900376558304, 0.0, 0.0, 0.06671061366796494, 0.36622169613838196, 0.03356429934501648, 0.0, 0.09906302392482758, 0.02818947657942772, 0.015054838731884956, 0.0, 0.0, 12.358774185180664, 2.643472194671631, 4.2036333084106445, 6.858171463012695, 0.0, 0.0, 0.04085542634129524, 0.0, 0.0, 0.0, 0.0, 0.0, 0.002032544929534197, 0.0, 0.0, 0.0, 0.0, 0.0, 0.0, 0.0, 0.0, 0.0, 0.0, 0.0, 0.0, 0.0, 0.0, 0.0, 0.0, 0.0, 0.0, 0.0, 0.0, 0.0, 0.0, 0.05526671186089516, 0.0, 0.0, 0.0, 0.0, 0.0, 0.0, 0.0, 0.0, 0.0, 0.029401037842035294, 0.0, 0.0, 0.0, 0.0, 0.0, 0.0], [0.45432817935943604, 0.8400903344154358, 0.27826356887817383, 0.3648555278778076, 0.4103294312953949, 0.29304739832878113, 0.3032984137535095, 0.5612173080444336, 0.0762319341301918, 0.4588097333908081, 0.14028491079807281, 0.45148786902427673, 1.7608633041381836, 0.8024979829788208, 0.11346213519573212, 1.076481819152832, 0.4455280303955078, 0.12798142433166504, 0.2832690477371216, 0.4183213710784912, 0.33942753076553345, 0.2784108519554138, 0.19197650253772736, 0.5398211479187012, 0.10760959982872009, 0.32940927147865295, 0.05257342383265495, 0.4927411675453186, 3.209794521331787, 1.3461575508117676, 0.7197304368019104, 2.786820888519287, 0.4712657928466797, 0.15017828345298767, 2.8713440895080566, 0.3084563910961151, 1.0736148357391357, 0.6913734078407288, 2.372702121734619, 0.9378010630607605, 0.8380945920944214, 0.28044095635414124, 2.4419729709625244, 0.574393630027771, 2.0924975872039795, 1.3133481740951538, 2.4455904960632324, 4.656264781951904, 0.12346421927213669, 0.20878319442272186, 0.10085031390190125, 0.0, 0.1760072410106659, 0.20472031831741333, 0.24602645635604858, 0.19665656983852386, 0.08163917809724808, 0.22463883459568024, 0.1417820006608963, 0.17386814951896667, 0.15187397599220276, 0.09226878732442856, 0.19949951767921448, 0.0411137118935585, 0.3849099278450012, 0.0, 0.6354418992996216, 0.5549455881118774, 0.0, 0.19467170536518097, 0.2196720391511917, 0.3178270757198334, 0.18681496381759644, 0.30768993496894836, 0.07288867235183716, 0.18764278292655945, 0.045705944299697876, 0.41741612553596497, 0.04972316697239876, 0.0, 0.06452647596597672, 0.12069904059171677, 0.17125362157821655, 0.15976670384407043, 0.03821268677711487, 0.1101718470454216, 0.17571404576301575, 0.29185751080513, 0.06826436519622803, 0.05943281203508377, 0.12781426310539246, 0.16806276142597198, 0.10064247250556946, 0.15029947459697723, 0.16474945843219757, 0.21328823268413544], [1.1592403650283813, 0.9975243806838989, 0.3162292242050171, 0.8138308525085449, 1.0041862726211548, 1.2438342571258545, 0.30404433608055115, 0.848809003829956, 1.2410080432891846, 1.0493645668029785, 0.2196386307477951, 0.8830410242080688, 0.1926644742488861, 1.2678354978561401, 0.3797697424888611, 0.9319903254508972, 0.7047199010848999, 0.7300466895103455, 0.4258553981781006, 0.7418826222419739, 0.6426711678504944, 0.7789220213890076, 0.5088603496551514, 0.8850508332252502, 0.45000219345092773, 0.5422582626342773, 0.3470577299594879, 0.5273051261901855, 0.27193528413772583, 0.7536817193031311, 0.1839965134859085, 1.2930448055267334, 1.4869331121444702, 1.6032198667526245, 4.799438953399658, 1.3324333429336548, 1.3744878768920898, 1.2527130842208862, 4.118746280670166, 1.6620455980300903, 1.638939380645752, 2.2972981929779053, 4.794747829437256, 1.6222940683364868, 1.886096477508545, 2.413804769515991, 2.8944292068481445, 0.0, 0.29817909002304077, 0.6118044853210449, 0.5185234546661377, 0.44914522767066956, 0.12356895953416824, 0.6712627410888672, 0.6745308041572571, 0.5458114743232727, 0.2173156887292862, 0.33762526512145996, 0.41711264848709106, 0.2267526239156723, 0.27496078610420227, 0.3767223060131073, 0.18471309542655945, 0.45215561985969543, 0.6687034368515015, 0.8675538301467896, 0.90206378698349, 0.9168909192085266, 0.4738669693470001, 0.9510389566421509, 0.9488144516944885, 0.8619595170021057, 1.139054775238037, 0.4275650084018707, 0.9440854787826538, 0.7459109425544739, 0.7121797800064087, 0.6027572154998779, 0.6475688219070435, 0.5901814103126526, 0.16599230468273163, 0.13302665948867798, 0.3108597993850708, 0.14355522394180298, 0.19431649148464203, 0.2930816113948822, 0.5970500111579895, 0.5754887461662292, 0.16038723289966583, 0.2522227466106415, 0.4210248291492462, 0.19721953570842743, 0.2150203436613083, 0.2385236918926239, 0.2968723475933075, 0.4095509648323059], [0.0, 0.017711108550429344, 0.0, 0.0, 0.0005945139564573765, 0.0, 0.0, 0.0022367583587765694, 0.0, 0.0, 0.03724759817123413, 0.0, 1.2811468839645386, 0.32014748454093933, 0.18089862167835236, 0.23058661818504333, 0.020275529474020004, 0.08987797051668167, 0.049097683280706406, 0.0041295918636024, 0.10741076618432999, 0.0, 0.0, 0.11154448240995407, 0.05708817020058632, 0.0, 0.007679948583245277, 0.0, 9.328690528869629, 3.001720666885376, 0.5341219902038574, 10.235379219055176, 0.12789316475391388, 0.013808328658342361, 0.0, 0.03774166479706764, 0.21208465099334717, 0.0, 0.0, 0.0, 0.027762681245803833, 0.0, 0.0, 0.13525067269802094, 8.474609375, 1.9252692461013794, 1.2946809530258179, 2.7240841388702393, 0.0, 0.0, 0.04853057116270065, 0.0, 0.07371274381875992, 0.0, 0.0, 0.0, 0.0, 0.0, 0.0, 0.0, 0.0, 0.004359875340014696, 0.0, 0.0, 0.0, 0.024220187216997147, 0.0, 0.0, 0.0, 0.06165345758199692, 0.0, 0.0, 0.0, 0.0, 0.0, 0.057549696415662766, 0.02619640715420246, 0.0, 0.006919198203831911, 0.0, 0.0, 0.0, 0.0, 0.0, 0.0008400494698435068, 1.3753189705312252e-05, 0.0, 0.04664183780550957, 0.0, 0.0, 0.0, 0.0, 0.0, 0.0, 0.0493316650390625, 0.0]]
Time 1787.6419644355774
