Created graph
[-7.0, -5, -3.0]
[-6.0, -5, -4.0]
[-5.5, -5, -4.5]
[-5.25, -5, -4.75]
[-5.125, -5, -4.875]
[-5.0625, -5, -4.9375]
10 4 10
Score: 103.53327
Signatures: [[0.0, 0.0, 0.0, 0.0, 0.0, 0.0, 0.0, 0.0, 0.0, 0.0, 0.0, 0.0, 0.5331355929374695, 0.28845953941345215, 0.1954224854707718, 0.4194779694080353, 0.0, 0.0, 0.0, 0.0, 0.0, 0.0, 0.0, 0.0, 0.0025345461908727884, 0.0, 0.0, 0.0, 0.0, 0.041378628462553024, 0.0, 3.0617051124572754, 0.009816611185669899, 0.0, 0.0, 0.06671178340911865, 0.3662334680557251, 0.03357888385653496, 0.0, 0.09907282143831253, 0.02820628136396408, 0.015094473958015442, 0.0, 0.0, 12.35864543914795, 2.643472909927368, 4.203694820404053, 6.857912540435791, 0.0, 0.0, 0.040855471044778824, 0.0, 0.0, 0.0, 0.0, 0.0, 0.0020316001027822495, 0.0, 0.0, 0.0, 0.0, 0.0, 0.0, 0.0, 0.0, 0.0, 0.0, 0.0, 0.0, 0.0, 0.0, 0.0, 0.0, 0.0, 0.0, 0.0, 0.0, 0.0, 0.0, 0.055279526859521866, 0.0, 0.0, 0.0, 0.0, 0.0, 0.0, 0.0, 0.0, 0.0, 0.029403960332274437, 0.0, 0.0, 0.0, 0.0, 0.0, 0.0], [0.4543285667896271, 0.8401073217391968, 0.2782173752784729, 0.36490345001220703, 0.4102691411972046, 0.2929840683937073, 0.30326947569847107, 0.5611836910247803, 0.07616422325372696, 0.4588147699832916, 0.14034156501293182, 0.4515629708766937, 1.7609074115753174, 0.8025196194648743, 0.11351771652698517, 1.0765292644500732, 0.4455305337905884, 0.12800371646881104, 0.2832389175891876, 0.41827264428138733, 0.3393933176994324, 0.27840277552604675, 0.19192367792129517, 0.5398306846618652, 0.10759530961513519, 0.3293791115283966, 0.052564650774002075, 0.4926600456237793, 3.2104387283325195, 1.3463068008422852, 0.7197749018669128, 2.786377429962158, 0.47128942608833313, 0.15002542734146118, 2.8711485862731934, 0.3084891438484192, 1.0735794305801392, 0.6913012266159058, 2.372408151626587, 0.9378057718276978, 0.8380394577980042, 0.2802070081233978, 2.441230297088623, 0.5742946863174438, 2.0929360389709473, 1.313259243965149, 2.4455161094665527, 4.656559944152832, 0.12342152744531631, 0.20879949629306793, 0.1008877158164978, 0.0, 0.17599059641361237, 0.20477105677127838, 0.24596889317035675, 0.19668717682361603, 0.08163931965827942, 0.22460773587226868, 0.14180241525173187, 0.1738806962966919, 0.15186169743537903, 0.09228327870368958, 0.1994716227054596, 0.04113190993666649, 0.38480862975120544, 0.0, 0.6352978348731995, 0.554814875125885, 0.0, 0.19458922743797302, 0.21965163946151733, 0.31768420338630676, 0.18654324114322662, 0.3076538145542145, 0.07272469252347946, 0.1875821352005005, 0.045610468834638596, 0.41724616289138794, 0.04960596188902855, 0.0, 0.06452911347150803, 0.12070231139659882, 0.1712460219860077, 0.1597316414117813, 0.03822370246052742, 0.11016055941581726, 0.17570368945598602, 0.29181158542633057, 0.06827162951231003, 0.05941617861390114, 0.1278044432401657, 0.16809764504432678, 0.10063457489013672, 0.1502816379070282, 0.16476276516914368, 0.21328505873680115], [1.1592144966125488, 0.9974802136421204, 0.31625574827194214, 0.8137679696083069, 1.0042037963867188, 1.243822455406189, 0.30405914783477783, 0.8488250970840454, 1.2410246133804321, 1.0493500232696533, 0.21959218382835388, 0.8829512000083923, 0.1926974505186081, 1.2677799463272095, 0.3797158896923065, 0.9319532513618469, 0.7047076225280762, 0.729992687702179, 0.42585399746894836, 0.7418949007987976, 0.6426800489425659, 0.7788964509963989, 0.508880615234375, 0.8850044012069702, 0.44998621940612793, 0.5422623753547668, 0.3470453917980194, 0.5273467302322388, 0.2716118395328522, 0.7535896897315979, 0.18397337198257446, 1.2933721542358398, 1.4868894815444946, 1.6032971143722534, 4.799510955810547, 1.3323882818222046, 1.37445068359375, 1.2527239322662354, 4.118829250335693, 1.6619799137115479, 1.6389275789260864, 2.297400712966919, 4.7952423095703125, 1.6222933530807495, 1.8856467008590698, 2.4137046337127686, 2.8943424224853516, 0.0, 0.2982119917869568, 0.611786961555481, 0.5184701681137085, 0.4491134285926819, 0.12358023226261139, 0.6711934208869934, 0.6745458841323853, 0.5457680821418762, 0.21730493009090424, 0.3376365005970001, 0.41708269715309143, 0.22673331201076508, 0.274970680475235, 0.37670305371284485, 0.18472842872142792, 0.45213431119918823, 0.6687712073326111, 0.8675224781036377, 0.9021590948104858, 0.9169585108757019, 0.4738493263721466, 0.9510746598243713, 0.9488193392753601, 0.8620434403419495, 1.13922917842865, 0.4275915324687958, 0.9442024230957031, 0.7459426522254944, 0.7122284770011902, 0.6028878092765808, 0.6476408243179321, 0.5901563167572021, 0.16598309576511383, 0.13302169740200043, 0.3108654022216797, 0.14358247816562653, 0.19429661333560944, 0.29307690262794495, 0.5970283150672913, 0.5754938125610352, 0.1603771299123764, 0.25222641229629517, 0.4210200011730194, 0.19718395173549652, 0.21502190828323364, 0.2385350465774536, 0.2968518137931824, 0.40953657031059265], [0.0, 0.01770954392850399, 0.0, 0.0, 0.0005997118423692882, 0.0, 0.0, 0.0022375772241503, 0.0, 0.0, 0.037235110998153687, 0.0, 1.281063437461853, 0.32013049721717834, 0.18087948858737946, 0.23059017956256866, 0.020268011838197708, 0.08987537026405334, 0.04910480976104736, 0.004133069422096014, 0.10741668939590454, 0.0, 0.0, 0.11154427379369736, 0.057109586894512177, 0.0, 0.007684643846005201, 0.0, 9.328585624694824, 3.001690149307251, 0.5341044664382935, 10.235595703125, 0.1278865933418274, 0.01383919920772314, 0.0, 0.037728238850831985, 0.21207909286022186, 0.0, 0.0, 0.0, 0.02776760421693325, 0.0, 0.0, 0.13527950644493103, 8.474540710449219, 1.9252804517745972, 1.2946135997772217, 2.723954916000366, 0.0, 0.0, 0.048526596277952194, 0.0, 0.07371555268764496, 0.0, 0.0, 0.0, 0.0, 0.0, 0.0, 0.0, 0.0, 0.004358155187219381, 0.0, 0.0, 0.0, 0.024232100695371628, 0.0, 0.0, 0.0, 0.06167550012469292, 0.0, 0.0, 0.0, 0.0, 0.0, 0.05756815895438194, 0.026222223415970802, 0.0, 0.0069453176110982895, 0.0, 0.0, 0.0, 0.0, 0.0, 0.000840152963064611, 1.4017336980032269e-05, 0.0, 0.046658363193273544, 0.0, 0.0, 0.0, 0.0, 0.0, 0.0, 0.04932624474167824, 0.0]]
Time 1804.262013912201
