Created graph
[-7.0, -5, -3.0]
[-6.0, -5, -4.0]
[-5.5, -5, -4.5]
[-5.25, -5, -4.75]
[-4.875, -4.75, -4.625]
[-4.9375, -4.875, -4.8125]
1000 3 100
Score: 107.36697
Signatures: [[1.346843957901001, 1.3228497505187988, 0.44912585616111755, 0.9374094605445862, 1.1283214092254639, 1.3048100471496582, 0.44697919487953186, 1.0858505964279175, 1.1809512376785278, 1.266983151435852, 0.2613876163959503, 1.0666980743408203, 0.9407113790512085, 1.5045608282089233, 0.3956623673439026, 1.322601318359375, 0.8461828827857971, 0.6872538328170776, 0.5100847482681274, 0.8839855194091797, 0.7236122488975525, 0.870351254940033, 0.5839106440544128, 1.0310157537460327, 0.44312840700149536, 0.6820849180221558, 0.333000510931015, 0.7184219360351562, 1.108686923980713, 1.0428659915924072, 0.4945203363895416, 1.277928113937378, 1.5745432376861572, 1.5471456050872803, 6.334156513214111, 1.3702514171600342, 1.7308560609817505, 1.5335577726364136, 5.257793426513672, 2.0110440254211426, 1.9685816764831543, 2.297090530395508, 6.127677917480469, 1.7491014003753662, 1.597113847732544, 2.645547866821289, 3.8100385665893555, 1.9133328199386597, 0.36520957946777344, 0.6821813583374023, 0.5128749012947083, 0.3924604058265686, 0.18897505104541779, 0.732748806476593, 0.7633020281791687, 0.6262767314910889, 0.23452608287334442, 0.4397415518760681, 0.4605676233768463, 0.3058246076107025, 0.3510673940181732, 0.39157798886299133, 0.2878376245498657, 0.4202635884284973, 0.8581874966621399, 0.7693553566932678, 1.193247675895691, 1.1569186449050903, 0.4227518141269684, 0.9525408744812012, 0.9965295195579529, 0.9810172915458679, 1.181315302848816, 0.5985978245735168, 0.9306164383888245, 0.7537652254104614, 0.6718320846557617, 0.8133204579353333, 0.6304640769958496, 0.5266550183296204, 0.19346074759960175, 0.19816374778747559, 0.3833411633968353, 0.22235828638076782, 0.1920754462480545, 0.32346096634864807, 0.6497700214385986, 0.6598667502403259, 0.18406915664672852, 0.26087456941604614, 0.4567917585372925, 0.2731458842754364, 0.25709792971611023, 0.31366243958473206, 0.3349250555038452, 0.4939344823360443], [0.0011713411659002304, 0.23518478870391846, 0.0433301217854023, 0.05593199282884598, 0.08285271376371384, 0.0, 0.05617619305849075, 0.12252853810787201, 0.0, 0.0, 0.08230838179588318, 0.023451995104551315, 1.7080315351486206, 0.5552428960800171, 0.16766761243343353, 0.4617496132850647, 0.15186730027198792, 0.14632317423820496, 0.13906589150428772, 0.1102762371301651, 0.2242421954870224, 0.0037239601369947195, 0.0, 0.29971086978912354, 0.08134355396032333, 0.03224148601293564, 0.020355986431241035, 0.1396835744380951, 10.740610122680664, 3.5048205852508545, 0.7832008004188538, 11.152389526367188, 0.2397053986787796, 0.0011108375620096922, 0.0, 0.06597264856100082, 0.4573608934879303, 0.05316506326198578, 0.0, 0.05269218608736992, 0.17359521985054016, 0.0, 0.0, 0.27084609866142273, 8.36970329284668, 2.342384099960327, 2.044823169708252, 3.0016355514526367, 0.0, 0.02615457773208618, 0.04634478688240051, 0.0, 0.12892261147499084, 0.0, 0.0, 0.0, 0.021581429988145828, 0.021779868751764297, 0.011014638468623161, 0.022713912650942802, 0.0, 0.019984886050224304, 0.014997505582869053, 0.0, 0.014411809854209423, 0.014859330840408802, 0.10421879589557648, 0.0947701707482338, 0.0, 0.10742051899433136, 0.0, 0.014303985051810741, 0.0, 0.0, 0.0, 0.11061154305934906, 0.012660523876547813, 0.04170206934213638, 0.0, 0.0, 0.0, 0.0, 0.006171134766191244, 0.03306444361805916, 0.009763425216078758, 0.030084064230322838, 0.0, 0.1381787657737732, 0.010084426030516624, 0.0, 0.002412610687315464, 0.02683279477059841, 0.011276992969214916, 0.0, 0.11325886100530624, 0.03901186212897301], [0.0, 0.0, 0.0, 0.0, 0.0, 0.0, 0.0, 0.0, 0.0, 0.0, 0.0, 0.0, 0.7884535789489746, 0.29669666290283203, 0.25083568692207336, 0.5177070498466492, 0.0, 0.0, 0.0, 0.0, 0.0, 0.0, 0.0, 0.0, 0.010742852464318275, 0.0, 0.0, 0.0, 0.2067192643880844, 0.2359846532344818, 0.0, 4.259233474731445, 0.000915856915526092, 0.0, 0.121339812874794, 0.07491947710514069, 0.4439604878425598, 0.11130893975496292, 0.20108944177627563, 0.24016106128692627, 0.0414433516561985, 0.00038449178100563586, 0.0, 0.0, 14.350683212280273, 2.7874624729156494, 4.120713710784912, 8.354726791381836, 0.0, 0.0, 0.05793129652738571, 0.0, 0.0, 0.0, 0.0, 0.0, 0.0, 0.0, 0.0, 0.0, 0.0, 0.0, 0.0, 0.0, 0.0, 0.0, 0.0, 0.0, 0.0, 0.0, 0.0, 0.0, 0.0, 0.0, 0.0, 0.0, 0.0, 0.0, 0.0, 0.029960565268993378, 0.0, 0.0, 0.0, 0.0, 0.0, 0.0, 0.0, 0.0, 0.0, 0.0365862175822258, 0.0, 0.0, 0.0, 0.02079068124294281, 0.0, 0.0]]
Time 2694.270507335663
