Created graph
[-7.0, -5, -3.0]
[-6.0, -5, -4.0]
[-5.5, -5, -4.5]
[-5.25, -5, -4.75]
[-4.875, -4.75, -4.625]
[-4.6875, -4.625, -4.5625]
1000 3 25
Score: 111.12802
Signatures: [[1.4363943338394165, 1.337141990661621, 0.45854464173316956, 0.9541292786598206, 1.158780574798584, 1.378412127494812, 0.45260751247406006, 1.1360620260238647, 1.2863551378250122, 1.3769397735595703, 0.261141836643219, 1.082414984703064, 0.789008378982544, 1.458829402923584, 0.37085533142089844, 1.2601436376571655, 0.8549546003341675, 0.6928624510765076, 0.5223510265350342, 0.900933027267456, 0.7352162599563599, 0.9020001292228699, 0.6108535528182983, 1.0344115495681763, 0.443429559469223, 0.687311589717865, 0.3404666483402252, 0.729361891746521, 0.5291873812675476, 0.8110190033912659, 0.4550795555114746, 0.13126273453235626, 1.6254974603652954, 1.644573450088501, 6.6459059715271, 1.4195582866668701, 1.7048038244247437, 1.5598876476287842, 5.436249732971191, 2.0408623218536377, 2.0276410579681396, 2.4317262172698975, 6.4874491691589355, 1.7889341115951538, 0.0, 2.3201639652252197, 3.469897508621216, 1.2281774282455444, 0.40267008543014526, 0.7162754535675049, 0.5166806578636169, 0.41954246163368225, 0.19243574142456055, 0.7663312554359436, 0.7917844653129578, 0.6750144362449646, 0.23349794745445251, 0.4483046531677246, 0.4689486622810364, 0.3114071190357208, 0.3749459385871887, 0.41022565960884094, 0.29009583592414856, 0.4488828182220459, 0.9031820893287659, 0.8170352578163147, 1.2387956380844116, 1.1884639263153076, 0.4597303569316864, 1.002153754234314, 1.0571515560150146, 1.0298984050750732, 1.291634202003479, 0.6326671242713928, 1.027495265007019, 0.7843955755233765, 0.7224758267402649, 0.8634032011032104, 0.6857330799102783, 0.5422226786613464, 0.20363950729370117, 0.20555409789085388, 0.399607390165329, 0.22698014974594116, 0.1979551464319229, 0.33484750986099243, 0.6837298274040222, 0.6761514544487, 0.1882031261920929, 0.2657085061073303, 0.47267913818359375, 0.27756235003471375, 0.2736372947692871, 0.32548531889915466, 0.3364260792732239, 0.5111542344093323], [0.08481468260288239, 0.3799242377281189, 0.0905974805355072, 0.13522712886333466, 0.18009184300899506, 0.0322447307407856, 0.10335994511842728, 0.1994495391845703, 0.010465951636433601, 0.04054183512926102, 0.11306589841842651, 0.09464223682880402, 1.820878505706787, 0.6589521765708923, 0.17277811467647552, 0.5446151494979858, 0.24249997735023499, 0.2231321483850479, 0.18785253167152405, 0.20198367536067963, 0.30545321106910706, 0.07927664369344711, 0.03752076253294945, 0.43246108293533325, 0.09441594779491425, 0.11254116147756577, 0.05326694995164871, 0.2160647064447403, 11.802852630615234, 3.871134042739868, 0.8751733303070068, 12.226588249206543, 0.29830875992774963, 0.08197185397148132, 0.0, 0.08344898372888565, 0.46691039204597473, 0.07054735720157623, 0.0, 0.06240011751651764, 0.21341197192668915, 0.0, 0.0, 0.4361206591129303, 8.559846878051758, 2.530029296875, 1.8180532455444336, 2.9806466102600098, 0.0, 0.07292479276657104, 0.03511868044734001, 0.0030035977251827717, 0.14850576221942902, 0.012391230091452599, 0.04339101165533066, 0.0, 0.04250308498740196, 0.05756174400448799, 0.04757392778992653, 0.04973632097244263, 0.01776125282049179, 0.04552624374628067, 0.054343439638614655, 0.018904346972703934, 0.060805544257164, 0.06268585473299026, 0.18720071017742157, 0.20370760560035706, 0.0, 0.17342957854270935, 0.05402062088251114, 0.09444466233253479, 0.0, 0.01438693143427372, 0.0, 0.17120127379894257, 0.03935280814766884, 0.09682035446166992, 0.023114925250411034, 0.0, 0.002495617140084505, 0.016296595335006714, 0.03976481780409813, 0.05567176640033722, 0.02553187683224678, 0.059400685131549835, 0.022746635600924492, 0.2157624363899231, 0.033090900629758835, 0.00016015277651604265, 0.03695477545261383, 0.05531955510377884, 0.030382677912712097, 0.0, 0.15237122774124146, 0.07538995146751404], [0.0, 0.0, 0.0, 0.0, 0.0, 0.0, 0.0, 0.00015184270159807056, 0.0, 0.0, 0.0, 0.04375496134161949, 0.9361515641212463, 0.39648884534835815, 0.3054251968860626, 0.6355569958686829, 0.0, 0.0, 0.0, 0.0, 0.0, 0.0, 0.0, 0.0, 0.04554920271039009, 0.0, 0.0, 0.0, 0.0, 0.1995062530040741, 0.0, 4.209863185882568, 0.08884181082248688, 0.0, 0.6383159160614014, 0.17283697426319122, 0.6423203945159912, 0.23618274927139282, 0.6644598245620728, 0.425289124250412, 0.17116227746009827, 0.1314449906349182, 0.32909393310546875, 6.331654003588483e-05, 15.514082908630371, 3.155625343322754, 5.015745639801025, 9.029878616333008, 0.0, 4.4125470594735816e-05, 0.12272987514734268, 0.0, 0.0, 0.015469328500330448, 0.0, 0.0, 0.006999009754508734, 0.007181379944086075, 0.0013921901118010283, 3.779536564252339e-05, 0.0, 0.0, 0.0, 0.0, 0.0, 0.0, 0.0, 0.0, 0.0, 0.0, 0.0, 0.0, 0.0, 0.02135615237057209, 0.0, 0.0, 0.0, 0.0, 0.0, 0.07098221033811569, 0.0035827222745865583, 0.0, 0.0, 0.0, 0.0, 0.0, 0.0, 0.0, 0.0, 0.05501963198184967, 0.0, 0.0, 0.0, 0.0438164658844471, 0.0, 0.0]]
Time 2696.101576089859
