Created graph
[-7.0, -5, -3.0]
[-6.0, -5, -4.0]
[-5.5, -5, -4.5]
[-5.25, -5, -4.75]
[-5.125, -5, -4.875]
[-5.0625, -5, -4.9375]
100 3 200
Score: 107.209045
Signatures: [[1.2302284240722656, 1.2612282037734985, 0.42569202184677124, 0.8975511193275452, 1.0644820928573608, 1.2038207054138184, 0.4286927580833435, 1.019154667854309, 1.069283127784729, 1.140990138053894, 0.2533259987831116, 0.9958832859992981, 1.0375369787216187, 1.4959559440612793, 0.4059605300426483, 1.3442119359970093, 0.8280609846115112, 0.6564443111419678, 0.4888305068016052, 0.8399156928062439, 0.6922388672828674, 0.8028216361999512, 0.5334228277206421, 1.0038504600524902, 0.4292810559272766, 0.6432775259017944, 0.3132961094379425, 0.6905025243759155, 1.3292847871780396, 1.1483389139175415, 0.49196839332580566, 1.8984479904174805, 1.4935685396194458, 1.4147939682006836, 5.743908405303955, 1.2978928089141846, 1.7240310907363892, 1.469748854637146, 4.916315078735352, 1.949620008468628, 1.864091396331787, 2.112166404724121, 5.597543716430664, 1.6674227714538574, 2.878058433532715, 2.8398220539093018, 4.010715961456299, 2.38128662109375, 0.32663172483444214, 0.6277503967285156, 0.49969926476478577, 0.36060208082199097, 0.17665065824985504, 0.6822202801704407, 0.711208701133728, 0.570706844329834, 0.2277742326259613, 0.41414254903793335, 0.43211302161216736, 0.2900097668170929, 0.31814172863960266, 0.3636968433856964, 0.2729116380214691, 0.38380730152130127, 0.7878546714782715, 0.6982117891311646, 1.1192806959152222, 1.0872050523757935, 0.3844449520111084, 0.895492434501648, 0.9067558646202087, 0.8935281038284302, 1.0696179866790771, 0.5492575168609619, 0.8348618745803833, 0.7101292610168457, 0.6111721396446228, 0.7484872341156006, 0.5648416876792908, 0.49707895517349243, 0.1786966323852539, 0.18234114348888397, 0.3542768359184265, 0.21049723029136658, 0.17892935872077942, 0.3026463985443115, 0.5993156433105469, 0.6160640120506287, 0.17094910144805908, 0.2510227859020233, 0.4203713536262512, 0.26029545068740845, 0.23504489660263062, 0.29379403591156006, 0.3267733156681061, 0.45913904905319214], [0.0, 0.14656540751457214, 0.011488819494843483, 0.0028879193123430014, 0.012302244082093239, 0.0, 0.01940278708934784, 0.059112705290317535, 0.0, 0.0, 0.058457665145397186, 0.0, 1.592457890510559, 0.47288915514945984, 0.1636798083782196, 0.4219152629375458, 0.06992723047733307, 0.08787417411804199, 0.09419439733028412, 0.045006707310676575, 0.15276341140270233, 0.0, 0.0, 0.18377839028835297, 0.050918444991111755, 0.0, 0.0005870519089512527, 0.06878697872161865, 9.623614311218262, 3.132906913757324, 0.6940245628356934, 9.969977378845215, 0.14025430381298065, 0.0, 0.0, 0.03519497811794281, 0.439540833234787, 0.02134787105023861, 0.0, 0.030777083709836006, 0.07704031467437744, 0.0, 0.0, 0.1369699388742447, 7.6751885414123535, 2.1425859928131104, 2.0411572456359863, 2.6460657119750977, 0.0, 0.0002835082996170968, 0.04609483480453491, 0.0, 0.11119700223207474, 0.0, 0.0, 0.0, 0.004739477764815092, 1.294989760936005e-05, 0.0, 0.005034318193793297, 0.0, 0.002501916140317917, 8.067586350080092e-06, 0.0, 0.0, 0.0, 0.043084338307380676, 0.020962681621313095, 0.0, 0.04551117122173309, 0.0, 0.0, 0.0, 0.0, 0.0, 0.05162665992975235, 0.0, 0.0012034694664180279, 0.0, 0.0, 0.0, 0.0, 0.0, 0.01515764556825161, 7.53931890358217e-05, 0.008937974460422993, 0.0, 0.08990170806646347, 0.0, 0.0, 0.0, 0.0054810852743685246, 4.0559768876846647e-07, 0.0, 0.07834072411060333, 0.013317618519067764], [0.0, 0.0, 0.0, 0.0, 0.0, 0.0, 0.0, 0.0, 0.0, 0.0, 0.0, 0.0, 0.6068570613861084, 0.17684364318847656, 0.1810855269432068, 0.3574182093143463, 0.0, 0.0, 0.0, 0.0, 0.0, 0.0, 0.0, 0.0, 2.2497348254546523e-05, 0.0, 0.0, 0.0, 0.4404006004333496, 0.2273481786251068, 0.0, 4.094135284423828, 0.0, 0.0, 0.0, 0.008553472347557545, 0.24225090444087982, 0.01962275244295597, 0.0, 0.07614728063344955, 0.0, 0.0, 0.0, 0.0, 13.012913703918457, 2.3207812309265137, 3.2688345909118652, 7.673895835876465, 0.0, 0.0, 0.011037624441087246, 0.0, 0.0, 0.0, 0.0, 0.0, 0.0, 0.0, 0.0, 0.0, 0.0, 0.0, 0.0, 0.0, 0.0, 0.0, 0.0, 0.0, 0.0, 0.0, 0.0, 0.0, 0.0, 0.0, 0.0, 0.0, 0.0, 0.0, 0.0, 2.654415584402159e-05, 0.0, 0.0, 0.0, 0.0, 0.0, 0.0, 0.0, 0.0, 0.0, 0.017118368297815323, 0.0, 0.0, 0.0, 0.0015832065837457776, 0.0, 0.0]]
Time 4107.417594194412
