Created graph
[-7.0, -5, -3.0]
[-6.0, -5, -4.0]
[-5.5, -5, -4.5]
[-5.25, -5, -4.75]
[-5.125, -5, -4.875]
[-5.0625, -5, -4.9375]
10 3 10
Score: 107.2454
Signatures: [[1.2250889539718628, 1.2557525634765625, 0.42384636402130127, 0.8936389088630676, 1.0597827434539795, 1.1985958814620972, 0.42676371335983276, 1.014917016029358, 1.0647637844085693, 1.136293649673462, 0.25211089849472046, 0.9914759993553162, 1.0325995683670044, 1.4891059398651123, 0.4038730561733246, 1.3381718397140503, 0.8243517875671387, 0.653409481048584, 0.48662328720092773, 0.8361890316009521, 0.6890878081321716, 0.7991721630096436, 0.5309145450592041, 0.9991892576217651, 0.42727676033973694, 0.6404709219932556, 0.31192830204963684, 0.6873853802680969, 1.3200056552886963, 1.142327904701233, 0.4893214702606201, 1.8841499090194702, 1.4870879650115967, 1.408700704574585, 5.719114303588867, 1.2924178838729858, 1.7161349058151245, 1.4632885456085205, 4.893964767456055, 1.9408096075057983, 1.8557697534561157, 2.103135108947754, 5.572601318359375, 1.6599762439727783, 2.8555309772491455, 2.826331377029419, 3.9916787147521973, 2.3676090240478516, 0.32524850964546204, 0.6249693036079407, 0.49748510122299194, 0.35897475481033325, 0.17581281065940857, 0.679155707359314, 0.7079707384109497, 0.568236768245697, 0.22676391899585724, 0.4123017489910126, 0.4301885962486267, 0.2886829674243927, 0.31671690940856934, 0.3621346354484558, 0.27169692516326904, 0.38214269280433655, 0.7843076586723328, 0.6952025294303894, 1.1141029596328735, 1.082196593284607, 0.3827432096004486, 0.8916389346122742, 0.9027948379516602, 0.8896515369415283, 1.0651640892028809, 0.546890139579773, 0.8312146067619324, 0.706924557685852, 0.6086956858634949, 0.7451806664466858, 0.5624380111694336, 0.4948517382144928, 0.17785955965518951, 0.18155354261398315, 0.35275086760520935, 0.20948684215545654, 0.17814193665981293, 0.30128011107444763, 0.5967105031013489, 0.6133314967155457, 0.17018096148967743, 0.2498757690191269, 0.41853439807891846, 0.25909721851348877, 0.23405379056930542, 0.29247474670410156, 0.3252468705177307, 0.45703834295272827], [0.0, 0.1453297883272171, 0.011274334974586964, 0.002747028134763241, 0.012096608057618141, 0.0, 0.01921555958688259, 0.0585886612534523, 0.0, 0.0, 0.05803534761071205, 0.0, 1.5825167894363403, 0.47055360674858093, 0.162603497505188, 0.4193660020828247, 0.06935277581214905, 0.08723372220993042, 0.0934612974524498, 0.044584110379219055, 0.15167813003063202, 0.0, 0.0, 0.18241991102695465, 0.05057482421398163, 0.0, 0.0005485642468556762, 0.06826558709144592, 9.572335243225098, 3.116368293762207, 0.6892756819725037, 9.908366203308105, 0.13896892964839935, 0.0, 0.0, 0.03473677486181259, 0.4359239339828491, 0.021047137677669525, 0.0, 0.030517131090164185, 0.07624470442533493, 0.0, 0.0, 0.13575105369091034, 7.606005668640137, 2.1264636516571045, 2.0219404697418213, 2.6142196655273438, 0.0, 0.00023282466281671077, 0.0457213893532753, 0.0, 0.1104106605052948, 0.0, 0.0, 0.0, 0.004707571119070053, 6.689811016258318e-06, 0.0, 0.004944954067468643, 0.0, 0.002400170313194394, 6.493405635410454e-06, 0.0, 0.0, 0.0, 0.04269048199057579, 0.02069862000644207, 0.0, 0.04496145248413086, 0.0, 0.0, 0.0, 0.0, 0.0, 0.051205769181251526, 0.0, 0.0010803574696183205, 0.0, 0.0, 0.0, 0.0, 0.0, 0.01499950047582388, 5.7182289310730994e-05, 0.008797205053269863, 0.0, 0.08907735347747803, 0.0, 0.0, 0.0, 0.005407709628343582, 0.0, 0.0, 0.07777175307273865, 0.013133958913385868], [0.0, 0.0, 0.0, 0.0, 0.0, 0.0, 0.0, 0.0, 0.0, 0.0, 0.0, 0.0, 0.5997894406318665, 0.17388474941253662, 0.17964591085910797, 0.35399481654167175, 0.0, 0.0, 0.0, 0.0, 0.0, 0.0, 0.0, 0.0, 1.2084960872016381e-06, 0.0, 0.0, 0.0, 0.41752946376800537, 0.2177339494228363, 0.0, 4.049746513366699, 0.0, 0.0, 0.0, 0.008276782929897308, 0.24034862220287323, 0.019225064665079117, 0.0, 0.07526034116744995, 0.0, 0.0, 0.0, 0.0, 12.934696197509766, 2.302666425704956, 3.2484517097473145, 7.629059314727783, 0.0, 0.0, 0.010864048264920712, 0.0, 0.0, 0.0, 0.0, 0.0, 0.0, 0.0, 0.0, 0.0, 0.0, 0.0, 0.0, 0.0, 0.0, 0.0, 0.0, 0.0, 0.0, 0.0, 0.0, 0.0, 0.0, 0.0, 0.0, 0.0, 0.0, 0.0, 0.0, 9.24826326809125e-06, 0.0, 0.0, 0.0, 0.0, 0.0, 0.0, 0.0, 0.0, 0.0, 0.016933823004364967, 0.0, 0.0, 0.0, 0.00153451319783926, 0.0, 0.0]]
Time 1800.1981592178345
