Created graph
[-7.0, -5, -3.0]
[-6.0, -5, -4.0]
[-5.5, -5, -4.5]
[-5.25, -5, -4.75]
[-5.125, -5, -4.875]
[-5.0625, -5, -4.9375]
100 4 200
Score: 103.52077
Signatures: [[0.0, 0.0, 0.0, 0.0, 0.0, 0.0, 0.0, 0.0, 0.0, 0.0, 0.0, 0.0, 0.5367609262466431, 0.2907036542892456, 0.19662687182426453, 0.42196300625801086, 0.0, 0.0, 0.0, 0.0, 0.0, 0.0, 0.0, 0.0, 0.0029564499855041504, 0.0, 0.0, 0.0, 0.0, 0.045954640954732895, 0.0, 3.093998670578003, 0.010230008512735367, 0.0, 0.0, 0.06741049885749817, 0.3676488697528839, 0.03406524658203125, 0.0, 0.0993533805012703, 0.028630917891860008, 0.01657707616686821, 0.0, 0.0, 12.43305778503418, 2.661310911178589, 4.226928234100342, 6.891346454620361, 0.0, 0.0, 0.04129338636994362, 0.0, 0.0, 0.0, 0.0, 0.0, 0.002124117687344551, 0.0, 0.0, 0.0, 0.0, 0.0, 0.0, 0.0, 0.0, 0.0, 0.0, 0.0, 0.0, 0.0, 0.0, 0.0, 0.0, 0.0, 0.0, 0.0, 0.0, 0.0, 0.0, 0.05617844685912132, 0.0, 0.0, 0.0, 0.0, 0.0, 0.0, 0.0, 0.0, 0.0, 0.029900511726737022, 0.0, 0.0, 0.0, 0.0, 0.0, 0.0], [0.4547581672668457, 0.8431491851806641, 0.2779071033000946, 0.3668297827243805, 0.41237732768058777, 0.29497912526130676, 0.30381444096565247, 0.5617780685424805, 0.07532351464033127, 0.4582637846469879, 0.14104822278022766, 0.4531635046005249, 1.7721238136291504, 0.8102424144744873, 0.11501329392194748, 1.0844322443008423, 0.44872531294822693, 0.13022015988826752, 0.28372955322265625, 0.4199416935443878, 0.3412581980228424, 0.28019729256629944, 0.1915958970785141, 0.543738842010498, 0.10831227153539658, 0.3313988745212555, 0.05255840718746185, 0.4945686161518097, 3.240086793899536, 1.361050009727478, 0.7240493297576904, 2.8286681175231934, 0.4728521406650543, 0.1492607742547989, 2.8626749515533447, 0.31021973490715027, 1.0828843116760254, 0.692710280418396, 2.371342658996582, 0.9445746541023254, 0.8396766781806946, 0.2784639298915863, 2.429370641708374, 0.5793765187263489, 2.14285945892334, 1.3340867757797241, 2.4606773853302, 4.703467845916748, 0.1230514645576477, 0.2093973308801651, 0.10111846774816513, 0.0, 0.17651547491550446, 0.20496773719787598, 0.24635471403598785, 0.19608074426651, 0.08194181323051453, 0.225065678358078, 0.1417989730834961, 0.17481794953346252, 0.15120887756347656, 0.09240753948688507, 0.2001323252916336, 0.041988108307123184, 0.3838346004486084, 0.0, 0.6341854929924011, 0.5552579164505005, 0.0, 0.19567936658859253, 0.2206653356552124, 0.3166237771511078, 0.184706911444664, 0.30887922644615173, 0.06956985592842102, 0.18735073506832123, 0.04496506601572037, 0.41691529750823975, 0.04860599339008331, 0.0, 0.06470904499292374, 0.1208835244178772, 0.17158080637454987, 0.1601138710975647, 0.038602642714977264, 0.11071749031543732, 0.17457906901836395, 0.29054316878318787, 0.06894940137863159, 0.05935364589095116, 0.1278943568468094, 0.16832107305526733, 0.10106281191110611, 0.15114155411720276, 0.1665707677602768, 0.2125222384929657], [1.1649702787399292, 1.0038740634918213, 0.3192504048347473, 0.8170202374458313, 1.0080853700637817, 1.247434377670288, 0.30667415261268616, 0.8544641137123108, 1.2454941272735596, 1.0554484128952026, 0.22079998254776, 0.887148380279541, 0.20014142990112305, 1.2720506191253662, 0.38081246614456177, 0.9374143481254578, 0.7074763178825378, 0.7311057448387146, 0.4285002648830414, 0.7454283237457275, 0.6454781293869019, 0.781658947467804, 0.5119794011116028, 0.8885840177536011, 0.4513425827026367, 0.5443811416625977, 0.3482072353363037, 0.5307283997535706, 0.2844650447368622, 0.7570477724075317, 0.18755902349948883, 1.294359803199768, 1.492681860923767, 1.6090965270996094, 4.838501453399658, 1.3364951610565186, 1.3799127340316772, 1.2601428031921387, 4.1483941078186035, 1.6685526371002197, 1.648240089416504, 2.3062355518341064, 4.835452556610107, 1.6270626783370972, 1.8851289749145508, 2.417879819869995, 2.912707567214966, 0.0, 0.30013197660446167, 0.6145073175430298, 0.5204137563705444, 0.4502113461494446, 0.12475182116031647, 0.6743143200874329, 0.6778988838195801, 0.5489389300346375, 0.21816644072532654, 0.3397943079471588, 0.41920676827430725, 0.2279476821422577, 0.27726390957832336, 0.3782210052013397, 0.18617044389247894, 0.4528335630893707, 0.6740545630455017, 0.8695248365402222, 0.9103134870529175, 0.9233106374740601, 0.47498902678489685, 0.953811764717102, 0.9520200490951538, 0.867175817489624, 1.1446832418441772, 0.4298728108406067, 0.9496716260910034, 0.7492629885673523, 0.7143298983573914, 0.6077196002006531, 0.650394856929779, 0.5914192795753479, 0.16681578755378723, 0.13403262197971344, 0.3125821053981781, 0.1449144184589386, 0.1947212666273117, 0.2942470610141754, 0.6005738377571106, 0.5796717405319214, 0.16078276932239532, 0.2532089054584503, 0.4229215085506439, 0.19876621663570404, 0.21591037511825562, 0.23959866166114807, 0.29765281081199646, 0.4127820134162903], [0.0, 0.017607862129807472, 0.0, 0.0, 0.0006085759378038347, 0.0, 0.0, 0.002365069929510355, 0.0, 0.0, 0.03741718828678131, 0.0, 1.2870407104492188, 0.32086503505706787, 0.18220531940460205, 0.23072382807731628, 0.020059265196323395, 0.09031563997268677, 0.04952895641326904, 0.004176793619990349, 0.10796167701482773, 0.0, 0.0, 0.1118147075176239, 0.05734819173812866, 0.0, 0.007934867404401302, 0.0, 9.377178192138672, 3.0152804851531982, 0.5362408757209778, 10.28993034362793, 0.12914739549160004, 0.014747143723070621, 0.0, 0.03822201490402222, 0.21318572759628296, 0.0, 0.0, 0.0, 0.02814091555774212, 0.0, 0.0, 0.13566747307777405, 8.54024887084961, 1.938028335571289, 1.3089739084243774, 2.7491278648376465, 0.0, 0.0, 0.0489765964448452, 0.0, 0.07409438490867615, 0.0, 0.0, 0.0, 0.0, 0.0, 0.0, 0.0, 0.0, 0.004554495215415955, 0.0, 0.0, 0.0, 0.02498987317085266, 0.0, 0.0, 0.0, 0.062373626977205276, 0.0, 0.0, 0.0, 0.0, 0.0, 0.058371733874082565, 0.026959381997585297, 0.0, 0.0074937366880476475, 0.0, 0.0, 0.0, 0.0, 0.0, 0.0008913428755477071, 2.8590024157892913e-05, 0.0, 0.04763521999120712, 0.0, 0.0, 0.0, 0.0, 0.0, 0.0, 0.0494493804872036, 0.0]]
Time 4104.765373468399
