Created graph
[-7.0, -5, -3.0]
[-6.0, -5, -4.0]
[-5.5, -5, -4.5]
[-5.25, -5, -4.75]
[-5.125, -5, -4.875]
[-5.0625, -5, -4.9375]
10 4 50
Score: 103.53319
Signatures: [[0.0, 0.0, 0.0, 0.0, 0.0, 0.0, 0.0, 0.0, 0.0, 0.0, 0.0, 0.0, 0.5331225395202637, 0.288504034280777, 0.19541847705841064, 0.41951799392700195, 0.0, 0.0, 0.0, 0.0, 0.0, 0.0, 0.0, 0.0, 0.002554673468694091, 0.0, 0.0, 0.0, 0.0, 0.041387178003787994, 0.0, 3.0620479583740234, 0.009854615665972233, 0.0, 0.0, 0.06674506515264511, 0.36628037691116333, 0.03360052406787872, 0.0, 0.0990937203168869, 0.02822044864296913, 0.015075096860527992, 0.0, 0.0, 12.359272956848145, 2.6436119079589844, 4.203896999359131, 6.858064651489258, 0.0, 0.0, 0.04087134823203087, 0.0, 0.0, 0.0, 0.0, 0.0, 0.0020371810533106327, 0.0, 0.0, 0.0, 0.0, 0.0, 0.0, 0.0, 0.0, 0.0, 0.0, 0.0, 0.0, 0.0, 0.0, 0.0, 0.0, 0.0, 0.0, 0.0, 0.0, 0.0, 0.0, 0.05528813600540161, 0.0, 0.0, 0.0, 0.0, 0.0, 0.0, 0.0, 0.0, 0.0, 0.029411127790808678, 0.0, 0.0, 0.0, 0.0, 0.0, 0.0], [0.45421871542930603, 0.8399443030357361, 0.2781657576560974, 0.3647578954696655, 0.4100356101989746, 0.29280972480773926, 0.3032337427139282, 0.5610484480857849, 0.07616928219795227, 0.4586906433105469, 0.1402917057275772, 0.45143094658851624, 1.7607576847076416, 0.8022683262825012, 0.11350417137145996, 1.0762128829956055, 0.4453432857990265, 0.12783721089363098, 0.28304269909858704, 0.41801902651786804, 0.33917567133903503, 0.27815279364585876, 0.1918744593858719, 0.5395179986953735, 0.10745519399642944, 0.32926270365715027, 0.05249102786183357, 0.4924687445163727, 3.2099995613098145, 1.345737338066101, 0.7196198105812073, 2.785930871963501, 0.4711162745952606, 0.15006573498249054, 2.871644973754883, 0.3084854483604431, 1.0732783079147339, 0.6912405490875244, 2.373413324356079, 0.9377790093421936, 0.8379676938056946, 0.2804795801639557, 2.4422857761383057, 0.5741106867790222, 2.0932998657226562, 1.313130259513855, 2.4462943077087402, 4.6566267013549805, 0.12341195344924927, 0.20870505273342133, 0.10085220634937286, 0.0, 0.17593179643154144, 0.204660102725029, 0.24588914215564728, 0.19652016460895538, 0.08162353187799454, 0.22457532584667206, 0.14176957309246063, 0.1738549768924713, 0.1518430858850479, 0.09224291145801544, 0.19944818317890167, 0.04102050140500069, 0.3848074972629547, 0.0, 0.6353216171264648, 0.5547576546669006, 0.0, 0.19450925290584564, 0.2195710986852646, 0.31759458780288696, 0.18664409220218658, 0.30766576528549194, 0.07286171615123749, 0.1874934732913971, 0.04563387110829353, 0.41727253794670105, 0.04965231567621231, 0.0, 0.06452403962612152, 0.12066803127527237, 0.171199768781662, 0.15970772504806519, 0.03818817809224129, 0.11011422425508499, 0.17556042969226837, 0.2916320860385895, 0.06822409480810165, 0.059385884553194046, 0.12769654393196106, 0.16803458333015442, 0.10061579197645187, 0.1502896398305893, 0.1646980196237564, 0.21324913203716278], [1.1593451499938965, 0.997658908367157, 0.3163214921951294, 0.8139248490333557, 1.0044357776641846, 1.244020938873291, 0.30410897731781006, 0.8489708304405212, 1.2410615682601929, 1.04948091506958, 0.2196349799633026, 0.8831189274787903, 0.1927722990512848, 1.268022060394287, 0.3797382712364197, 0.9322181940078735, 0.7048745155334473, 0.7301650643348694, 0.42601296305656433, 0.7421265840530396, 0.6428461670875549, 0.7791284322738647, 0.5089454054832458, 0.8852686882019043, 0.4501020014286041, 0.5423896908760071, 0.3471197187900543, 0.5275390148162842, 0.27186495065689087, 0.7539715766906738, 0.18409228324890137, 1.293649673461914, 1.4870312213897705, 1.6033003330230713, 4.799350738525391, 1.3324289321899414, 1.3747469186782837, 1.2528393268585205, 4.118307113647461, 1.6620943546295166, 1.6390520334243774, 2.2972946166992188, 4.7946929931640625, 1.6225025653839111, 1.8854438066482544, 2.4139621257781982, 2.894014358520508, 0.0, 0.2982303202152252, 0.6118784546852112, 0.5185198783874512, 0.4491429924964905, 0.12362603843212128, 0.6713224053382874, 0.6746461391448975, 0.5459256172180176, 0.2173280566930771, 0.3376821279525757, 0.4171351492404938, 0.22677266597747803, 0.27499672770500183, 0.3767436742782593, 0.1847589910030365, 0.4522344768047333, 0.6688122749328613, 0.8675912022590637, 0.9021884799003601, 0.917056679725647, 0.4738871157169342, 0.9511688351631165, 0.9489150643348694, 0.8621501326560974, 1.1391879320144653, 0.4276018738746643, 0.944115936756134, 0.746028482913971, 0.7122411727905273, 0.6028973460197449, 0.6476187705993652, 0.5901773571968079, 0.16599814593791962, 0.13305702805519104, 0.31090906262397766, 0.14361140131950378, 0.19433842599391937, 0.293131023645401, 0.5971642136573792, 0.5756515264511108, 0.16042128205299377, 0.2522631883621216, 0.421124666929245, 0.19725021719932556, 0.21505039930343628, 0.2385389804840088, 0.2969125509262085, 0.40958699584007263], [0.0, 0.0177512988448143, 0.0, 0.0, 0.0006170625565573573, 0.0, 0.0, 0.0022633769549429417, 0.0, 0.0, 0.03725062683224678, 0.0, 1.2812683582305908, 0.3202057182788849, 0.18090271949768066, 0.23067641258239746, 0.020318787544965744, 0.08990903943777084, 0.04915809631347656, 0.004181982018053532, 0.10748470574617386, 0.0, 0.0, 0.11162733286619186, 0.05713146924972534, 0.0, 0.0076989163644611835, 0.0, 9.329052925109863, 3.001985549926758, 0.5341845750808716, 10.236065864562988, 0.12792791426181793, 0.013822768814861774, 0.0, 0.03771646320819855, 0.21216188371181488, 0.0, 0.0, 0.0, 0.02778630517423153, 0.0, 0.0, 0.13533331453800201, 8.47498607635498, 1.9254087209701538, 1.2945259809494019, 2.7243661880493164, 0.0, 0.0, 0.04852753132581711, 0.0, 0.07373908162117004, 0.0, 0.0, 0.0, 0.0, 0.0, 0.0, 0.0, 0.0, 0.004366954788565636, 0.0, 0.0, 0.0, 0.024224571883678436, 0.0, 0.0, 0.0, 0.06169550493359566, 0.0, 0.0, 0.0, 0.0, 0.0, 0.057589754462242126, 0.02621457912027836, 0.0, 0.006936654914170504, 0.0, 0.0, 0.0, 0.0, 0.0, 0.000844264985062182, 1.505813816038426e-05, 0.0, 0.04670323431491852, 0.0, 0.0, 0.0, 0.0, 0.0, 0.0, 0.04934649169445038, 0.0]]
Time 1783.5636847019196
