Created graph
[-7.0, -5, -3.0]
[-6.0, -5, -4.0]
[-5.5, -5, -4.5]
[-5.25, -5, -4.75]
[-5.125, -5, -4.875]
[-5.0625, -5, -4.9375]
1 3 50
Score: 107.25031
Signatures: [[1.2246688604354858, 1.2553157806396484, 0.4236970841884613, 0.8933333158493042, 1.0594102144241333, 1.1981887817382812, 0.42660748958587646, 1.014594316482544, 1.0644105672836304, 1.1359254121780396, 0.2520032823085785, 0.9911424517631531, 1.0321687459945679, 1.4885133504867554, 0.4036819636821747, 1.3376715183258057, 0.8240556120872498, 0.6531604528427124, 0.48644816875457764, 0.8358895778656006, 0.688820481300354, 0.7988960146903992, 0.5307071805000305, 0.9988006353378296, 0.42711418867111206, 0.6402477622032166, 0.31182801723480225, 0.6871224045753479, 1.3192030191421509, 1.141772747039795, 0.48910263180732727, 1.8829176425933838, 1.48654305934906, 1.4082112312316895, 5.717087745666504, 1.2919706106185913, 1.7154868841171265, 1.4627742767333984, 4.892111301422119, 1.9400867223739624, 1.8550941944122314, 2.1024258136749268, 5.570672512054443, 1.6593434810638428, 2.8535268306732178, 2.8252196311950684, 3.990067958831787, 2.366480588912964, 0.32513806223869324, 0.624754011631012, 0.49730342626571655, 0.35884302854537964, 0.175742506980896, 0.6789214015007019, 0.7077142000198364, 0.5680558085441589, 0.22667865455150604, 0.4121621549129486, 0.43004655838012695, 0.28857678174972534, 0.31660687923431396, 0.36200475692749023, 0.27159711718559265, 0.382011353969574, 0.7840355038642883, 0.6949618458747864, 1.1136622428894043, 1.0817859172821045, 0.38260936737060547, 0.8913243412971497, 0.9024706482887268, 0.8893385529518127, 1.064804196357727, 0.5467004776000977, 0.8309177756309509, 0.7066690921783447, 0.6085020303726196, 0.7449092268943787, 0.5622361302375793, 0.4946684241294861, 0.17779000103473663, 0.1814897209405899, 0.3526233732700348, 0.20940515398979187, 0.1780792772769928, 0.3011695444583893, 0.5964974164962769, 0.6131065487861633, 0.17011769115924835, 0.24979160726070404, 0.41839155554771423, 0.2590019702911377, 0.23397620022296906, 0.2923664450645447, 0.3251200318336487, 0.4568563997745514], [0.0, 0.14525264501571655, 0.011268915608525276, 0.002743565244600177, 0.012088972143828869, 0.0, 0.01920754462480545, 0.05855688080191612, 0.0, 0.0, 0.0580095537006855, 0.0, 1.5817030668258667, 0.4703502953052521, 0.1624973565340042, 0.4191744029521942, 0.06932432949542999, 0.08719630539417267, 0.09341715276241302, 0.04456615075469017, 0.15160967409610748, 0.0, 0.0, 0.18233680725097656, 0.050556253641843796, 0.0, 0.0005467122537083924, 0.06825488060712814, 9.567699432373047, 3.1149332523345947, 0.688888669013977, 9.902680397033691, 0.1388862580060959, 0.0, 0.0, 0.03471830114722252, 0.43567195534706116, 0.02104165032505989, 0.0, 0.030513610690832138, 0.07620842009782791, 0.0, 0.0, 0.1356857568025589, 7.599845886230469, 2.124955654144287, 2.020137071609497, 2.6114437580108643, 0.0, 0.0002308252005605027, 0.045697007328271866, 0.0, 0.11034888029098511, 0.0, 0.0, 0.0, 0.004712088033556938, 6.394470801751595e-06, 0.0, 0.004949627909809351, 0.0, 0.0023988699540495872, 6.887299605295993e-06, 0.0, 0.0, 0.0, 0.04267984256148338, 0.02068929933011532, 0.0, 0.04493547976016998, 0.0, 0.0, 0.0, 0.0, 0.0, 0.05118269473314285, 0.0, 0.0010784179903566837, 0.0, 0.0, 0.0, 0.0, 0.0, 0.014989015646278858, 5.718387910746969e-05, 0.008793900720775127, 0.0, 0.08903121203184128, 0.0, 0.0, 0.0, 0.005408856086432934, 0.0, 0.0, 0.07773154973983765, 0.013132600113749504], [0.0, 0.0, 0.0, 0.0, 0.0, 0.0, 0.0, 0.0, 0.0, 0.0, 0.0, 0.0, 0.5992600917816162, 0.17369404435157776, 0.17956911027431488, 0.3537365794181824, 0.0, 0.0, 0.0, 0.0, 0.0, 0.0, 0.0, 0.0, 5.998105052640312e-07, 0.0, 0.0, 0.0, 0.4159451425075531, 0.21705560386180878, 0.0, 4.046879768371582, 0.0, 0.0, 0.0, 0.008252380415797234, 0.24018070101737976, 0.019193455576896667, 0.0, 0.07521092891693115, 0.0, 0.0, 0.0, 0.0, 12.929407119750977, 2.3014934062957764, 3.2472167015075684, 7.62590217590332, 0.0, 0.0, 0.01085038110613823, 0.0, 0.0, 0.0, 0.0, 0.0, 0.0, 0.0, 0.0, 0.0, 0.0, 0.0, 0.0, 0.0, 0.0, 0.0, 0.0, 0.0, 0.0, 0.0, 0.0, 0.0, 0.0, 0.0, 0.0, 0.0, 0.0, 0.0, 0.0, 8.488266757922247e-06, 0.0, 0.0, 0.0, 0.0, 0.0, 0.0, 0.0, 0.0, 0.0, 0.016917940229177475, 0.0, 0.0, 0.0, 0.0015331393806263804, 0.0, 0.0]]
Time 2716.841939687729
