Created graph
[-7.0, -5, -3.0]
[-6.0, -5, -4.0]
[-5.5, -5, -4.5]
[-5.25, -5, -4.75]
[-4.875, -4.75, -4.625]
[-4.9375, -4.875, -4.8125]
1000 4 200
Score: 105.00383
Signatures: [[0.7375121116638184, 1.2936160564422607, 0.3766985535621643, 0.7217929363250732, 0.9075237512588501, 0.7851349711418152, 0.3625991642475128, 0.7070251107215881, 0.3358648419380188, 0.6435511708259583, 0.253851056098938, 0.8739409446716309, 2.3005220890045166, 1.6808284521102905, 0.22511892020702362, 2.0709965229034424, 0.871375322341919, 0.6929503679275513, 0.7252813577651978, 0.992607831954956, 0.9940142035484314, 0.7483041286468506, 0.34464263916015625, 1.341599702835083, 0.43612784147262573, 0.6981235146522522, 0.28006985783576965, 0.9567630887031555, 5.388657093048096, 2.8489906787872314, 0.9657021164894104, 4.988615036010742, 1.100608229637146, 0.3787948191165924, 0.9239503741264343, 0.6554572582244873, 1.4736602306365967, 0.7554994821548462, 0.0, 1.0585763454437256, 0.6021416187286377, 0.017286844551563263, 0.0, 1.223016619682312, 2.4504239559173584, 2.4715590476989746, 1.0491783618927002, 2.991135835647583, 0.08649416267871857, 0.37083640694618225, 0.29914751648902893, 0.07452314347028732, 0.31555745005607605, 0.4508543610572815, 0.48055028915405273, 0.511383593082428, 0.21275432407855988, 0.2908731698989868, 0.2577499449253082, 0.21079625189304352, 0.12989133596420288, 0.16818758845329285, 0.23675021529197693, 0.25416430830955505, 0.27776503562927246, 0.3693601191043854, 0.5235482454299927, 0.6980254650115967, 0.13548891246318817, 0.41817179322242737, 0.47473132610321045, 0.48204702138900757, 0.0006999595207162201, 0.24039866030216217, 0.0, 0.4094858169555664, 0.07826454937458038, 0.34078270196914673, 0.018732085824012756, 0.1708468198776245, 0.06806518137454987, 0.15023362636566162, 0.3154918849468231, 0.18855445086956024, 0.10331276804208755, 0.24844913184642792, 0.42273563146591187, 0.6436582803726196, 0.14609791338443756, 0.1825297772884369, 0.3287578225135803, 0.25232914090156555, 0.11959163099527359, 0.10268107056617737, 0.3971925377845764, 0.32180318236351013], [0.0, 0.0, 0.0, 0.0, 0.0, 0.0, 0.0, 0.0, 0.0, 0.0, 0.0, 0.0, 0.813930869102478, 0.0, 0.12068433314561844, 0.0, 0.0, 0.0, 0.0, 0.0, 0.0, 0.0, 0.0, 0.0, 0.0, 0.0, 0.0, 0.0, 9.14213752746582, 2.570554256439209, 0.4098324775695801, 10.735138893127441, 0.0, 0.0, 0.13621436059474945, 0.0, 0.0, 0.0, 0.5076830387115479, 0.0, 0.07703171670436859, 0.02187006175518036, 0.5267337560653687, 0.0, 9.652978897094727, 1.7967513799667358, 2.266591787338257, 2.6378672122955322, 0.0, 0.0, 0.0, 0.0, 0.01274683978408575, 0.0, 0.0, 0.0, 0.0, 0.0, 0.0, 0.0, 0.0, 0.0, 0.0, 0.0, 0.0, 0.0, 0.0, 0.0, 0.0, 0.017281806096434593, 0.0, 0.0, 0.05189359933137894, 0.0, 0.009181491099298, 0.004761737771332264, 0.04363355413079262, 0.0, 0.04380751773715019, 0.0, 0.0, 0.0, 0.0, 0.0, 0.0, 0.0, 0.0, 0.0, 0.0, 0.0, 0.0, 0.0, 0.0, 0.0, 0.0, 0.0], [0.0, 0.0, 0.0, 0.0, 0.0, 0.0, 0.0, 0.0, 0.0, 0.0, 0.006838421802967787, 0.0, 0.9704263806343079, 0.37539687752723694, 0.2796182930469513, 0.4712032377719879, 0.0, 0.0, 0.0, 0.0, 0.0, 0.0, 0.0, 0.0, 0.0, 0.0, 0.0, 0.0, 0.02449861355125904, 0.25274133682250977, 0.01796015352010727, 3.391941547393799, 0.012151150032877922, 0.0, 0.2781069278717041, 0.05558598414063454, 0.5729255080223083, 0.09905897080898285, 0.2768384516239166, 0.16431133449077606, 0.09799818694591522, 0.10933449119329453, 0.0, 0.0, 13.734254837036133, 2.9370694160461426, 4.369146823883057, 8.445503234863281, 0.0, 0.0, 0.06598791480064392, 0.0, 0.0, 0.0, 0.0, 0.0, 0.0, 0.0, 0.0, 0.0, 0.0, 0.0, 0.0, 0.0, 0.0, 0.0, 0.0, 0.0, 0.0, 0.0, 0.0, 0.0, 0.0, 0.0, 0.0, 0.0, 0.0, 0.0, 0.0, 0.03576510399580002, 0.0, 0.0, 0.0, 0.0, 0.0, 0.0, 0.0, 0.0, 0.0, 0.01755617931485176, 0.0, 0.0, 0.0, 0.017024317756295204, 0.0, 0.0], [1.066901683807373, 0.8552771210670471, 0.30253615975379944, 0.6407532691955566, 0.7851530313491821, 0.9829502701759338, 0.3107912242412567, 0.8261479139328003, 1.1036345958709717, 1.0171197652816772, 0.17852120101451874, 0.7050938606262207, 0.27223941683769226, 0.9262129664421082, 0.31146982312202454, 0.5740161538124084, 0.5061229467391968, 0.43957656621932983, 0.23798078298568726, 0.48024284839630127, 0.3032200038433075, 0.5429050922393799, 0.4407567083835602, 0.5331284403800964, 0.27925559878349304, 0.37681078910827637, 0.22019928693771362, 0.3306668698787689, 0.0, 0.22837412357330322, 0.20232848823070526, 0.042501356452703476, 1.188622236251831, 1.4928736686706543, 6.312598705291748, 1.143097162246704, 1.2215473651885986, 1.2586997747421265, 5.466533184051514, 1.6434890031814575, 1.8281673192977905, 2.4155290126800537, 6.544927597045898, 1.3652524948120117, 0.6094334125518799, 1.8173140287399292, 3.4243130683898926, 0.7524920701980591, 0.35709863901138306, 0.5343331694602966, 0.4064832925796509, 0.382084459066391, 0.08250220119953156, 0.5419219732284546, 0.5694547891616821, 0.41810789704322815, 0.14934274554252625, 0.32668596506118774, 0.3529210686683655, 0.22231808304786682, 0.31135809421539307, 0.3385297656059265, 0.19234447181224823, 0.3142295777797699, 0.7814118266105652, 0.6369667053222656, 1.0556955337524414, 0.9216077327728271, 0.38920116424560547, 0.8561939001083374, 0.8192569613456726, 0.8190793991088867, 1.2672513723373413, 0.5160325169563293, 1.0406484603881836, 0.6354226469993591, 0.6772091388702393, 0.7244187593460083, 0.670040488243103, 0.4706524610519409, 0.17133857309818268, 0.13555927574634552, 0.23892955482006073, 0.15446986258029938, 0.15261946618556976, 0.23158212006092072, 0.4766978323459625, 0.42925748229026794, 0.12468649446964264, 0.19416581094264984, 0.32204657793045044, 0.1724053919315338, 0.22246649861335754, 0.28576594591140747, 0.20237311720848083, 0.37499523162841797]]
Time 2735.9508328437805
