Created graph
[-7.0, -5, -3.0]
[-6.0, -5, -4.0]
[-5.5, -5, -4.5]
[-5.25, -5, -4.75]
[-4.875, -4.75, -4.625]
[-4.9375, -4.875, -4.8125]
1000 4 250
Score: 104.76053
Signatures: [[0.7382075190544128, 1.2911949157714844, 0.37630313634872437, 0.720293402671814, 0.907466471195221, 0.7859309315681458, 0.362947553396225, 0.7080156207084656, 0.3361727297306061, 0.6439753770828247, 0.2538653314113617, 0.8750336766242981, 2.293642997741699, 1.6812857389450073, 0.2262566089630127, 2.0697600841522217, 0.8713598251342773, 0.6936615705490112, 0.7272858619689941, 0.9935219287872314, 0.9950153231620789, 0.7476683259010315, 0.34601494669914246, 1.3417407274246216, 0.4362696409225464, 0.6986888647079468, 0.2804652452468872, 0.9589858651161194, 5.408745765686035, 2.8543496131896973, 0.9686207175254822, 4.990737438201904, 1.0995640754699707, 0.377413272857666, 0.9233161211013794, 0.6548994779586792, 1.4705630540847778, 0.752159833908081, 0.0, 1.059159278869629, 0.6053104996681213, 0.01576794683933258, 0.0, 1.22362220287323, 2.4419212341308594, 2.466782569885254, 1.0665538311004639, 2.9838452339172363, 0.08637119084596634, 0.37085431814193726, 0.2986009418964386, 0.0744415670633316, 0.31571733951568604, 0.4514075219631195, 0.4801082909107208, 0.5108951926231384, 0.21238039433956146, 0.29133421182632446, 0.2579496204853058, 0.21065469086170197, 0.13050270080566406, 0.16835972666740417, 0.2368476539850235, 0.25427913665771484, 0.2781597375869751, 0.3697405457496643, 0.5215034484863281, 0.6969026327133179, 0.135481059551239, 0.41539645195007324, 0.4749337136745453, 0.4826661944389343, 0.0006122771301306784, 0.24024257063865662, 0.0, 0.41114526987075806, 0.07750797271728516, 0.34060731530189514, 0.018805382773280144, 0.17136284708976746, 0.06821979582309723, 0.1496482938528061, 0.3150242865085602, 0.1884385198354721, 0.10342136025428772, 0.2480926215648651, 0.4226597845554352, 0.643659770488739, 0.14648635685443878, 0.18137650191783905, 0.3286251723766327, 0.2526427209377289, 0.11970861256122589, 0.10156004130840302, 0.3970595598220825, 0.3219606578350067], [0.0, 0.0, 0.0, 0.0, 0.0, 0.0, 0.0, 0.0, 0.0, 0.0, 0.0, 0.0, 0.8191145062446594, 0.0, 0.12156175822019577, 0.0, 0.0, 0.0, 0.0, 0.0, 0.0, 0.0, 0.0, 0.0, 0.0, 0.0, 0.0, 0.0, 9.1427583694458, 2.5753068923950195, 0.40876299142837524, 10.757721900939941, 0.0, 0.0, 0.13151554763317108, 0.0, 0.0, 0.0, 0.5060184001922607, 0.0, 0.07619696110486984, 0.0235002264380455, 0.5264493823051453, 0.0, 9.676310539245605, 1.8089362382888794, 2.2606048583984375, 2.6374452114105225, 0.0, 0.0, 0.0, 0.0, 0.012660086154937744, 0.0, 0.0, 0.0, 0.0, 0.0, 0.0, 0.0, 0.0, 0.0, 0.0, 0.0, 0.0, 0.0, 0.0, 0.0, 0.0, 0.018879437819123268, 0.0, 0.0, 0.05146649107336998, 0.0, 0.00895054079592228, 0.004524539690464735, 0.04381813481450081, 0.0, 0.04380994662642479, 0.0, 0.0, 0.0, 0.0, 0.0, 0.0, 0.0, 0.0, 0.0, 0.0, 0.0, 0.0, 0.0, 0.0, 0.0, 0.0, 0.0], [0.0, 0.0, 0.0, 0.0, 0.0, 0.0, 0.0, 0.0, 0.0, 0.0, 0.00681812409311533, 0.0, 0.9713418483734131, 0.3752964437007904, 0.2776823937892914, 0.47218751907348633, 0.0, 0.0, 0.0, 0.0, 0.0, 0.0, 0.0, 0.0, 0.0, 0.0, 0.0, 0.0, 0.02652086690068245, 0.2487398236989975, 0.01913919858634472, 3.377437114715576, 0.012656274251639843, 0.0, 0.27985960245132446, 0.05566372722387314, 0.5740196108818054, 0.10019955039024353, 0.27647995948791504, 0.1632852554321289, 0.09738420695066452, 0.10758329927921295, 0.0, 0.0, 13.713984489440918, 2.9317314624786377, 4.363409996032715, 8.455939292907715, 0.0, 0.0, 0.06633644551038742, 0.0, 0.0, 0.0, 0.0, 0.0, 0.0, 0.0, 0.0, 0.0, 0.0, 0.0, 0.0, 0.0, 0.0, 0.0, 0.0, 0.0, 0.0, 0.0, 0.0, 0.0, 0.0, 0.0, 0.0, 0.0, 0.0, 0.0, 0.0, 0.035056181252002716, 0.0, 0.0, 0.0, 0.0, 0.0, 0.0, 0.0, 0.0, 0.0, 0.018126456066966057, 0.0, 0.0, 0.0, 0.017461292445659637, 0.0, 0.0], [1.065613031387329, 0.8558105826377869, 0.30262500047683716, 0.6410348415374756, 0.7849023938179016, 0.9819751977920532, 0.3102947771549225, 0.8250017762184143, 1.1031503677368164, 1.0162187814712524, 0.1784096211194992, 0.704109787940979, 0.27261263132095337, 0.9256896376609802, 0.31136202812194824, 0.573602020740509, 0.5057818293571472, 0.4391057789325714, 0.23687735199928284, 0.479195773601532, 0.30216720700263977, 0.5425856709480286, 0.43979141116142273, 0.5323681831359863, 0.27883827686309814, 0.37610965967178345, 0.21995478868484497, 0.3293479084968567, 0.0, 0.22597026824951172, 0.20086129009723663, 0.043390486389398575, 1.1884417533874512, 1.4935537576675415, 6.3128767013549805, 1.1431758403778076, 1.2215256690979004, 1.259217381477356, 5.465877532958984, 1.6429883241653442, 1.826846957206726, 2.4153084754943848, 6.544238090515137, 1.3641036748886108, 0.6158681511878967, 1.816541075706482, 3.419537305831909, 0.7515734434127808, 0.35708335041999817, 0.5343369841575623, 0.4064324200153351, 0.3818933367729187, 0.08230490982532501, 0.5411821603775024, 0.5691452622413635, 0.41812941431999207, 0.14941883087158203, 0.32641375064849854, 0.35257217288017273, 0.22217591106891632, 0.31088539958000183, 0.33834901452064514, 0.19211319088935852, 0.31387051939964294, 0.7810319662094116, 0.636622428894043, 1.0562095642089844, 0.9215573668479919, 0.3890104591846466, 0.8566416501998901, 0.818748414516449, 0.8182976245880127, 1.267093300819397, 0.5157552361488342, 1.0405954122543335, 0.6343953609466553, 0.677629292011261, 0.7243725061416626, 0.6698510646820068, 0.470587819814682, 0.17121270298957825, 0.13572923839092255, 0.238947793841362, 0.15442334115505219, 0.15238091349601746, 0.23167181015014648, 0.47641292214393616, 0.4289202392101288, 0.1243644580245018, 0.19406408071517944, 0.3220173418521881, 0.17203772068023682, 0.2220923900604248, 0.28594714403152466, 0.20235073566436768, 0.37456148862838745]]
Time 2713.6601288318634
