Created graph
[-7.0, -5, -3.0]
[-6.0, -5, -4.0]
[-5.5, -5, -4.5]
[-5.25, -5, -4.75]
[-4.875, -4.75, -4.625]
[-4.6875, -4.625, -4.5625]
100 3 10
Score: 110.83234
Signatures: [[1.3219419717788696, 1.2237582206726074, 0.4196905195713043, 0.8745824098587036, 1.0609419345855713, 1.2647390365600586, 0.4137800931930542, 1.045192003250122, 1.184874415397644, 1.271657109260559, 0.23796258866786957, 0.9912628531455994, 0.7247455716133118, 1.331855297088623, 0.3382258117198944, 1.151814341545105, 0.7834154367446899, 0.6344143748283386, 0.47890159487724304, 0.8267709612846375, 0.6742411851882935, 0.8272905349731445, 0.5578271150588989, 0.9467970728874207, 0.40450114011764526, 0.6293472051620483, 0.31278935074806213, 0.6658233404159546, 0.4536174535751343, 0.7342149615287781, 0.4139050841331482, 0.11295638978481293, 1.4922348260879517, 1.5116572380065918, 6.106706142425537, 1.3066661357879639, 1.5612497329711914, 1.428308129310608, 4.971926689147949, 1.8693413734436035, 1.8596274852752686, 2.2365314960479736, 5.954277038574219, 1.636900544166565, 0.0, 2.1310911178588867, 3.1861627101898193, 1.1451168060302734, 0.371940553188324, 0.6590797901153564, 0.4717268645763397, 0.3836730420589447, 0.17653842270374298, 0.7018402218818665, 0.7241384983062744, 0.6226418018341064, 0.21304933726787567, 0.4115036427974701, 0.42985060811042786, 0.28474247455596924, 0.34508928656578064, 0.3765866458415985, 0.2649831771850586, 0.41282379627227783, 0.8285952210426331, 0.7515726089477539, 1.131237268447876, 1.0872082710266113, 0.4231986701488495, 0.9213058352470398, 0.9721249341964722, 0.9453370571136475, 1.1921683549880981, 0.5812211036682129, 0.9470886588096619, 0.7207768559455872, 0.6662830710411072, 0.7928410172462463, 0.6310099959373474, 0.4962916672229767, 0.18564298748970032, 0.18852384388446808, 0.3664950430393219, 0.2072327584028244, 0.1816128045320511, 0.30694353580474854, 0.6258419156074524, 0.6200932860374451, 0.17205709218978882, 0.2431875765323639, 0.43333297967910767, 0.25344666838645935, 0.2528250217437744, 0.2983095943927765, 0.30748772621154785, 0.4669511616230011], [0.07972415536642075, 0.33823543787002563, 0.08221303671598434, 0.12108100950717926, 0.1642952859401703, 0.03506285324692726, 0.09282653778791428, 0.18000850081443787, 0.015011154115200043, 0.04089147597551346, 0.09937961399555206, 0.09181912988424301, 1.5652676820755005, 0.5697261095046997, 0.14394892752170563, 0.4699085056781769, 0.21577472984790802, 0.19697631895542145, 0.1664828062057495, 0.17979812622070312, 0.2700086236000061, 0.07414492219686508, 0.03659394755959511, 0.3809114396572113, 0.08621576428413391, 0.10187993943691254, 0.04826030880212784, 0.1957310140132904, 10.28207778930664, 3.365518569946289, 0.7634638547897339, 10.570202827453613, 0.2541944980621338, 0.0785265788435936, 0.0, 0.06770233064889908, 0.39811593294143677, 0.05790122225880623, 0.0, 0.048425331711769104, 0.184401273727417, 0.0, 0.0, 0.39040860533714294, 7.2012128829956055, 2.13967227935791, 1.4874569177627563, 2.473712205886841, 0.0, 0.06368931382894516, 0.030390901491045952, 0.0053441524505615234, 0.1302969604730606, 0.013041903264820576, 0.041415225714445114, 0.0, 0.03762870281934738, 0.05027757212519646, 0.04279676824808121, 0.045221634209156036, 0.01704678125679493, 0.04134977608919144, 0.049776047468185425, 0.0198209211230278, 0.05784694105386734, 0.057765137404203415, 0.1707560271024704, 0.18264825642108917, 0.0, 0.15564869344234467, 0.05065702646970749, 0.08934328705072403, 0.0006138394237495959, 0.01084950566291809, 0.0, 0.15324284136295319, 0.03766970708966255, 0.08923433721065521, 0.02347658760845661, 0.0, 0.0024332620669156313, 0.015196041204035282, 0.03753094747662544, 0.049594566226005554, 0.023281263187527657, 0.05295905843377113, 0.025133175775408745, 0.19153164327144623, 0.030464205890893936, 0.0, 0.03463960438966751, 0.050355471670627594, 0.027508176863193512, 0.0, 0.13401563465595245, 0.06815040111541748], [0.0, 0.0, 0.0, 0.0, 0.0, 0.0, 0.0, 0.00032416186877526343, 0.0, 0.0, 0.0, 0.03858740255236626, 0.8308305144309998, 0.35897356271743774, 0.276638388633728, 0.5709421038627625, 0.0, 0.0, 0.0, 0.0, 0.0, 0.0, 0.0, 0.0, 0.03953944146633148, 0.0, 0.0, 0.0, 0.0, 0.1677122265100479, 0.0, 3.709352731704712, 0.09153425693511963, 0.0, 0.6163617968559265, 0.16394253075122833, 0.5818221569061279, 0.2225755751132965, 0.6332765817642212, 0.3923366367816925, 0.16414210200309753, 0.13196492195129395, 0.33982357382774353, 0.0018620450282469392, 13.836554527282715, 2.8235933780670166, 4.510965824127197, 8.02541446685791, 0.0, 0.003408668329939246, 0.11251714080572128, 0.0, 0.0, 0.0160206388682127, 0.0, 0.0, 0.007534461561590433, 0.008821142837405205, 0.0028031354304403067, 0.00011297233868390322, 0.0, 0.0, 0.0, 0.0, 0.0, 0.0, 0.0, 0.0, 0.0, 0.0, 0.0, 0.0, 0.0, 0.024826979264616966, 0.0, 0.0, 0.0, 0.0, 0.0, 0.06656290590763092, 0.0046452865935862064, 0.0, 0.0, 0.0, 0.0, 0.0, 0.0, 0.0, 0.0, 0.05056387186050415, 0.0, 0.0, 0.0, 0.04129679873585701, 0.0, 0.0]]
Time 4108.644449472427
