Created graph
[-7.0, -5, -3.0]
[-6.0, -5, -4.0]
[-5.5, -5, -4.5]
[-5.25, -5, -4.75]
[-5.125, -5, -4.875]
[-5.0625, -5, -4.9375]
10 3 50
Score: 107.2469
Signatures: [[1.2251156568527222, 1.2557975053787231, 0.42386189103126526, 0.893671452999115, 1.0598158836364746, 1.1986311674118042, 0.42677804827690125, 1.014940857887268, 1.0647894144058228, 1.1363130807876587, 0.2521201968193054, 0.9915178418159485, 1.0326204299926758, 1.489159107208252, 0.40387827157974243, 1.338222622871399, 0.8243793845176697, 0.6534357070922852, 0.4866407513618469, 0.8362170457839966, 0.6890972256660461, 0.7992051839828491, 0.5309316515922546, 0.9992188811302185, 0.4272938370704651, 0.6404938101768494, 0.31194213032722473, 0.6874085068702698, 1.320014476776123, 1.142327070236206, 0.48933619260787964, 1.8841345310211182, 1.487116813659668, 1.4087327718734741, 5.71924352645874, 1.2924489974975586, 1.716200590133667, 1.4633430242538452, 4.894104957580566, 1.9408689737319946, 1.855821967124939, 2.103181838989258, 5.572786808013916, 1.6600207090377808, 2.8556082248687744, 2.826432704925537, 3.991830825805664, 2.3677327632904053, 0.3252568244934082, 0.6249861121177673, 0.49750325083732605, 0.358985960483551, 0.1758153885602951, 0.6791791319847107, 0.70799320936203, 0.568259060382843, 0.22677242755889893, 0.4123150408267975, 0.43020519614219666, 0.2886941134929657, 0.3167244791984558, 0.36214113235473633, 0.2717067301273346, 0.3821524977684021, 0.7843340635299683, 0.6952185034751892, 1.1141364574432373, 1.0822280645370483, 0.3827536106109619, 0.8916528224945068, 0.9028109908103943, 0.889671266078949, 1.0651758909225464, 0.5469024181365967, 0.831223726272583, 0.706943154335022, 0.6087017059326172, 0.745193362236023, 0.5624383687973022, 0.494865745306015, 0.1778663545846939, 0.1815594583749771, 0.3527566194534302, 0.2094973772764206, 0.1781480610370636, 0.3012903928756714, 0.5967251658439636, 0.6133518218994141, 0.1701868623495102, 0.249886617064476, 0.4185490310192108, 0.2591068148612976, 0.23405897617340088, 0.2924819588661194, 0.3252584934234619, 0.4570545256137848], [0.0, 0.14533762633800507, 0.011274569667875767, 0.0027481988072395325, 0.012099743820726871, 0.0, 0.019214145839214325, 0.058590952306985855, 0.0, 0.0, 0.05803705006837845, 0.0, 1.5825908184051514, 0.4705553650856018, 0.16260915994644165, 0.41939055919647217, 0.06936027109622955, 0.08723361045122147, 0.09347045421600342, 0.04458770900964737, 0.15169471502304077, 0.0, 0.0, 0.18243353068828583, 0.05057874694466591, 0.0, 0.000548061216250062, 0.06827635318040848, 9.572471618652344, 3.1164824962615967, 0.689307689666748, 9.908525466918945, 0.13897483050823212, 0.0, 0.0, 0.03474083170294762, 0.4359900653362274, 0.02105148322880268, 0.0, 0.030518751591444016, 0.07625053077936172, 0.0, 0.0, 0.1357480138540268, 7.606093406677246, 2.1264865398406982, 2.021895170211792, 2.614226818084717, 0.0, 0.00023354603035841137, 0.04572393745183945, 0.0, 0.11041752994060516, 0.0, 0.0, 0.0, 0.004708752501755953, 6.7732116804108955e-06, 0.0, 0.004949042107909918, 0.0, 0.002401808276772499, 6.5825506680994295e-06, 0.0, 0.0, 0.0, 0.04269121214747429, 0.020705968141555786, 0.0, 0.044969022274017334, 0.0, 0.0, 0.0, 0.0, 0.0, 0.05120944231748581, 0.0, 0.001081434078514576, 0.0, 0.0, 0.0, 0.0, 0.0, 0.014998017810285091, 5.7536006352165714e-05, 0.00879981741309166, 0.0, 0.08908214420080185, 0.0, 0.0, 0.0, 0.005408015102148056, 0.0, 0.0, 0.07777585834264755, 0.013134420849382877], [0.0, 0.0, 0.0, 0.0, 0.0, 0.0, 0.0, 0.0, 0.0, 0.0, 0.0, 0.0, 0.5998210310935974, 0.173904687166214, 0.17965468764305115, 0.35400068759918213, 0.0, 0.0, 0.0, 0.0, 0.0, 0.0, 0.0, 0.0, 1.1366462331352523e-06, 0.0, 0.0, 0.0, 0.4177468419075012, 0.2177979201078415, 0.0, 4.050191879272461, 0.0, 0.0, 0.0, 0.008275503292679787, 0.24030087888240814, 0.019220460206270218, 0.0, 0.07526637613773346, 0.0, 0.0, 0.0, 0.0, 12.935327529907227, 2.302800416946411, 3.248666286468506, 7.629344463348389, 0.0, 0.0, 0.010861063376069069, 0.0, 0.0, 0.0, 0.0, 0.0, 0.0, 0.0, 0.0, 0.0, 0.0, 0.0, 0.0, 0.0, 0.0, 0.0, 0.0, 0.0, 0.0, 0.0, 0.0, 0.0, 0.0, 0.0, 0.0, 0.0, 0.0, 0.0, 0.0, 9.182545909425244e-06, 0.0, 0.0, 0.0, 0.0, 0.0, 0.0, 0.0, 0.0, 0.0, 0.01693405583500862, 0.0, 0.0, 0.0, 0.0015356072690337896, 0.0, 0.0]]
Time 1798.001231431961
