Created graph
[-7.0, -5, -3.0]
[-6.0, -5, -4.0]
[-5.5, -5, -4.5]
[-5.25, -5, -4.75]
[-5.125, -5, -4.875]
[-5.0625, -5, -4.9375]
0 3 200
Score: 107.25081
Signatures: [[1.2246195077896118, 1.255263090133667, 0.42367908358573914, 0.8932963609695435, 1.0593657493591309, 1.1981408596038818, 0.42658865451812744, 1.014556884765625, 1.0643689632415771, 1.1358819007873535, 0.25199034810066223, 0.9911020994186401, 1.0321190357208252, 1.4884430170059204, 0.4036603569984436, 1.3376119136810303, 0.8240202069282532, 0.653130292892456, 0.4864267110824585, 0.835853636264801, 0.6887899041175842, 0.7988624572753906, 0.5306821465492249, 0.9987547993659973, 0.4270945191383362, 0.6402208805084229, 0.3118157386779785, 0.6870906949043274, 1.3191088438034058, 1.141710638999939, 0.4890764355659485, 1.8827805519104004, 1.4864791631698608, 1.4081538915634155, 5.716855525970459, 1.2919179201126099, 1.7154085636138916, 1.462712287902832, 4.8918938636779785, 1.940001368522644, 1.855013370513916, 2.102344274520874, 5.570444583892822, 1.6592692136764526, 2.8533003330230713, 2.8250887393951416, 3.9898760318756104, 2.3663489818573, 0.325125128030777, 0.6247286200523376, 0.49728158116340637, 0.35882750153541565, 0.17573444545269012, 0.6788934469223022, 0.7076836824417114, 0.568033754825592, 0.22666826844215393, 0.41214534640312195, 0.4300292730331421, 0.2885640263557434, 0.3165940046310425, 0.3619898855686188, 0.2715848982334137, 0.38199615478515625, 0.7840030789375305, 0.6949337124824524, 1.113610029220581, 1.0817375183105469, 0.3825935423374176, 0.8912882804870605, 0.9024333357810974, 0.8893019556999207, 1.0647635459899902, 0.5466785430908203, 0.8308842182159424, 0.7066389918327332, 0.608479917049408, 0.7448779344558716, 0.5622137784957886, 0.494646817445755, 0.1777816116809845, 0.18148210644721985, 0.3526087999343872, 0.20939502120018005, 0.1780717968940735, 0.30115604400634766, 0.5964723229408264, 0.6130795478820801, 0.17011016607284546, 0.24978125095367432, 0.4183743894100189, 0.25899049639701843, 0.2339671403169632, 0.2923538088798523, 0.3251045346260071, 0.4568345248699188], [0.0, 0.14524419605731964, 0.011268457397818565, 0.0027434867806732655, 0.012088362127542496, 0.0, 0.019207028672099113, 0.05855373665690422, 0.0, 0.0, 0.05800672620534897, 0.0, 1.5816049575805664, 0.4703289866447449, 0.16248512268066406, 0.41915109753608704, 0.06932096928358078, 0.0871925801038742, 0.09341154992580414, 0.04456432908773422, 0.1516009271144867, 0.0, 0.0, 0.182326540350914, 0.05055396258831024, 0.0, 0.0005466004367917776, 0.06825296580791473, 9.567172050476074, 3.1147634983062744, 0.6888427138328552, 9.902021408081055, 0.13887743651866913, 0.0, 0.0, 0.03471679612994194, 0.4356386065483093, 0.02104124240577221, 0.0, 0.03051406517624855, 0.07620497792959213, 0.0, 0.0, 0.13567952811717987, 7.599137306213379, 2.1247897148132324, 2.0199475288391113, 2.6111271381378174, 0.0, 0.0002305930102011189, 0.04569413885474205, 0.0, 0.11034148186445236, 0.0, 0.0, 0.0, 0.004712791182100773, 6.3638881329097785e-06, 0.0, 0.0049498556181788445, 0.0, 0.0023986687883734703, 6.9362363319669385e-06, 0.0, 0.0, 0.0, 0.0426795594394207, 0.020688315853476524, 0.0, 0.044932302087545395, 0.0, 0.0, 0.0, 0.0, 0.0, 0.05118020623922348, 0.0, 0.0010783063480630517, 0.0, 0.0, 0.0, 0.0, 0.0, 0.014988318085670471, 5.7166114856954664e-05, 0.008793632499873638, 0.0, 0.08902607858181, 0.0, 0.0, 0.0, 0.005409101489931345, 0.0, 0.0, 0.07772720605134964, 0.013132705353200436], [0.0, 0.0, 0.0, 0.0, 0.0, 0.0, 0.0, 0.0, 0.0, 0.0, 0.0, 0.0, 0.5991988778114319, 0.17367014288902283, 0.17955976724624634, 0.35370662808418274, 0.0, 0.0, 0.0, 0.0, 0.0, 0.0, 0.0, 0.0, 5.530452540369879e-07, 0.0, 0.0, 0.0, 0.4157477021217346, 0.2169761061668396, 0.0, 4.046531677246094, 0.0, 0.0, 0.0, 0.008249432779848576, 0.24016627669334412, 0.019190222024917603, 0.0, 0.0752040222287178, 0.0, 0.0, 0.0, 0.0, 12.9287691116333, 2.301345109939575, 3.247051239013672, 7.62552547454834, 0.0, 0.0, 0.010849233716726303, 0.0, 0.0, 0.0, 0.0, 0.0, 0.0, 0.0, 0.0, 0.0, 0.0, 0.0, 0.0, 0.0, 0.0, 0.0, 0.0, 0.0, 0.0, 0.0, 0.0, 0.0, 0.0, 0.0, 0.0, 0.0, 0.0, 0.0, 0.0, 8.421804523095489e-06, 0.0, 0.0, 0.0, 0.0, 0.0, 0.0, 0.0, 0.0, 0.0, 0.016916286200284958, 0.0, 0.0, 0.0, 0.0015330041060224175, 0.0, 0.0]]
Time 1916.0339341163635
