Created graph
[-7.0, -5, -3.0]
[-6.0, -5, -4.0]
[-5.5, -5, -4.5]
[-5.25, -5, -4.75]
[-5.125, -5, -4.875]
[-5.0625, -5, -4.9375]
1 3 25
Score: 107.25034
Signatures: [[1.2246675491333008, 1.2553142309188843, 0.4236965477466583, 0.8933324217796326, 1.0594093799591064, 1.1981874704360962, 0.42660677433013916, 1.0145930051803589, 1.0644094944000244, 1.1359241008758545, 0.25200289487838745, 0.9911414384841919, 1.0321687459945679, 1.4885121583938599, 0.40368199348449707, 1.337671160697937, 0.8240552544593811, 0.6531596779823303, 0.4864477515220642, 0.8358885049819946, 0.6888200640678406, 0.7988951802253723, 0.5307067632675171, 0.9987999200820923, 0.4271138608455658, 0.6402473449707031, 0.3118276298046112, 0.6871216893196106, 1.319203495979309, 1.1417725086212158, 0.48910242319107056, 1.8829221725463867, 1.486541748046875, 1.4082099199295044, 5.717081546783447, 1.2919700145721436, 1.715485692024231, 1.4627727270126343, 4.892107009887695, 1.9400848150253296, 1.8550920486450195, 2.102424144744873, 5.570666790008545, 1.6593424081802368, 2.8535304069519043, 2.8252205848693848, 3.9900665283203125, 2.366480827331543, 0.32513776421546936, 0.6247537136077881, 0.4973031282424927, 0.3588426113128662, 0.1757424771785736, 0.6789208054542542, 0.7077134847640991, 0.5680554509162903, 0.22667840123176575, 0.41216182708740234, 0.43004608154296875, 0.2885764241218567, 0.3166064918041229, 0.36200445890426636, 0.2715967893600464, 0.38201096653938293, 0.784034788608551, 0.6949610710144043, 1.1136610507965088, 1.0817850828170776, 0.3826088309288025, 0.8913238048553467, 0.9024698734283447, 0.8893375992774963, 1.0648033618927002, 0.546700119972229, 0.830917239189148, 0.7066685557365417, 0.6085014343261719, 0.7449085712432861, 0.5622355341911316, 0.49466800689697266, 0.17778970301151276, 0.18148957192897797, 0.3526231348514557, 0.20940490067005157, 0.17807906866073608, 0.3011690080165863, 0.5964964628219604, 0.6131057143211365, 0.17011748254299164, 0.24979153275489807, 0.4183911383152008, 0.25900155305862427, 0.23397597670555115, 0.2923662066459656, 0.3251194655895233, 0.456855833530426], [0.0, 0.14525280892848969, 0.011269069276750088, 0.0027436986565589905, 0.012089132331311703, 0.0, 0.019207732751965523, 0.05855720490217209, 0.0, 0.0, 0.058009516447782516, 0.0, 1.5816991329193115, 0.47035086154937744, 0.16249758005142212, 0.4191724359989166, 0.06932374835014343, 0.08719600737094879, 0.093416728079319, 0.04456605389714241, 0.15160900354385376, 0.0, 0.0, 0.1823360025882721, 0.05055602639913559, 0.0, 0.0005467088776640594, 0.06825463473796844, 9.567687034606934, 3.1149260997772217, 0.6888871192932129, 9.90266227722168, 0.13888630270957947, 0.0, 0.0, 0.034718193113803864, 0.4356704354286194, 0.021041519939899445, 0.0, 0.030513852834701538, 0.0762084349989891, 0.0, 0.0, 0.13568545877933502, 7.599828243255615, 2.1249520778656006, 2.0201337337493896, 2.6114399433135986, 0.0, 0.00023083588166628033, 0.045696597546339035, 0.0, 0.11034850776195526, 0.0, 0.0, 0.0, 0.0047121308743953705, 6.386515451595187e-06, 0.0, 0.004949449095875025, 0.0, 0.002398843877017498, 6.88650288793724e-06, 0.0, 0.0, 0.0, 0.04268034175038338, 0.02068895660340786, 0.0, 0.0449354462325573, 0.0, 0.0, 0.0, 0.0, 0.0, 0.05118251591920853, 0.0, 0.0010785654885694385, 0.0, 0.0, 0.0, 0.0, 0.0, 0.014989092946052551, 5.7189416111214086e-05, 0.008794034831225872, 0.0, 0.08903113752603531, 0.0, 0.0, 0.0, 0.00540891895070672, 0.0, 0.0, 0.07773160189390182, 0.01313265971839428], [0.0, 0.0, 0.0, 0.0, 0.0, 0.0, 0.0, 0.0, 0.0, 0.0, 0.0, 0.0, 0.5992580056190491, 0.17369206249713898, 0.17956799268722534, 0.353736013174057, 0.0, 0.0, 0.0, 0.0, 0.0, 0.0, 0.0, 0.0, 6.021848548698472e-07, 0.0, 0.0, 0.0, 0.4159381687641144, 0.2170550674200058, 0.0, 4.046867370605469, 0.0, 0.0, 0.0, 0.008251996710896492, 0.24018001556396484, 0.019193271175026894, 0.0, 0.07521002739667892, 0.0, 0.0, 0.0, 0.0, 12.929384231567383, 2.301485300064087, 3.2472097873687744, 7.625884056091309, 0.0, 0.0, 0.010850485414266586, 0.0, 0.0, 0.0, 0.0, 0.0, 0.0, 0.0, 0.0, 0.0, 0.0, 0.0, 0.0, 0.0, 0.0, 0.0, 0.0, 0.0, 0.0, 0.0, 0.0, 0.0, 0.0, 0.0, 0.0, 0.0, 0.0, 0.0, 0.0, 8.492185770592187e-06, 0.0, 0.0, 0.0, 0.0, 0.0, 0.0, 0.0, 0.0, 0.0, 0.016917778179049492, 0.0, 0.0, 0.0, 0.0015331096947193146, 0.0, 0.0]]
Time 2804.8767302036285
