Created graph
[-7.0, -5, -3.0]
[-6.0, -5, -4.0]
[-5.5, -5, -4.5]
[-5.25, -5, -4.75]
[-5.125, -5, -4.875]
[-5.0625, -5, -4.9375]
10 4 250
Score: 103.530876
Signatures: [[0.0, 0.0, 0.0, 0.0, 0.0, 0.0, 0.0, 0.0, 0.0, 0.0, 0.0, 0.0, 0.5331940650939941, 0.2885291874408722, 0.1954321563243866, 0.4195830225944519, 0.0, 0.0, 0.0, 0.0, 0.0, 0.0, 0.0, 0.0, 0.0025634693447500467, 0.0, 0.0, 0.0, 0.0, 0.041464220732450485, 0.0, 3.063004970550537, 0.00986110232770443, 0.0, 0.0, 0.06675444543361664, 0.36632040143013, 0.03361118584871292, 0.0, 0.09910943359136581, 0.028213007375597954, 0.015089278109371662, 0.0, 0.0, 12.361197471618652, 2.6440622806549072, 4.204352378845215, 6.859004497528076, 0.0, 0.0, 0.04088973253965378, 0.0, 0.0, 0.0, 0.0, 0.0, 0.0020460104569792747, 0.0, 0.0, 0.0, 0.0, 0.0, 0.0, 0.0, 0.0, 0.0, 0.0, 0.0, 0.0, 0.0, 0.0, 0.0, 0.0, 0.0, 0.0, 0.0, 0.0, 0.0, 0.0, 0.05530301481485367, 0.0, 0.0, 0.0, 0.0, 0.0, 0.0, 0.0, 0.0, 0.0, 0.0294240340590477, 0.0, 0.0, 0.0, 0.0, 0.0, 0.0], [0.454223096370697, 0.8399625420570374, 0.2781517803668976, 0.3648764193058014, 0.41000211238861084, 0.29283952713012695, 0.303240031003952, 0.5610547065734863, 0.07610978186130524, 0.4586952328681946, 0.14029501378536224, 0.4514535665512085, 1.7609354257583618, 0.8022767305374146, 0.11359167098999023, 1.0761072635650635, 0.4454512596130371, 0.12780211865901947, 0.282990425825119, 0.41801995038986206, 0.3391852080821991, 0.2781185209751129, 0.19183212518692017, 0.5396202802658081, 0.10748185217380524, 0.3292592465877533, 0.05248337611556053, 0.492473840713501, 3.210236072540283, 1.3458749055862427, 0.7197008728981018, 2.785947561264038, 0.4711342751979828, 0.15003979206085205, 2.871407985687256, 0.3084833025932312, 1.0734814405441284, 0.6912721395492554, 2.3734772205352783, 0.9378176927566528, 0.8379971981048584, 0.2805025279521942, 2.442086935043335, 0.574095606803894, 2.0941295623779297, 1.3131266832351685, 2.4464645385742188, 4.65700101852417, 0.1233997493982315, 0.20868860185146332, 0.10086919367313385, 0.0, 0.1759028136730194, 0.20468102395534515, 0.24596597254276276, 0.1964937299489975, 0.0816146582365036, 0.22461090981960297, 0.1417393982410431, 0.17391258478164673, 0.15182490646839142, 0.09227977693080902, 0.19945921003818512, 0.04103759676218033, 0.3847667872905731, 0.0, 0.6353087425231934, 0.5547312498092651, 0.0, 0.19449079036712646, 0.21954073011875153, 0.3175559639930725, 0.1865558922290802, 0.3076815903186798, 0.07278908789157867, 0.1874057501554489, 0.045562248677015305, 0.4172459542751312, 0.049674443900585175, 0.0, 0.0645090639591217, 0.12066253274679184, 0.17123815417289734, 0.15969623625278473, 0.03818868473172188, 0.11009840667247772, 0.17554761469364166, 0.29155972599983215, 0.06823648512363434, 0.059373416006565094, 0.12769155204296112, 0.16806496679782867, 0.10059402883052826, 0.15029680728912354, 0.16469478607177734, 0.21321791410446167], [1.1593797206878662, 0.9977064728736877, 0.3163529336452484, 0.8138718008995056, 1.0044963359832764, 1.244030237197876, 0.3041258752346039, 0.8490378260612488, 1.2411396503448486, 1.0495346784591675, 0.21963469684123993, 0.8831422328948975, 0.1927907019853592, 1.2680435180664062, 0.3796961009502411, 0.9323611855506897, 0.7048428058624268, 0.730182945728302, 0.42606380581855774, 0.7421559691429138, 0.6428670287132263, 0.7791846990585327, 0.5089908838272095, 0.8852306604385376, 0.45008864998817444, 0.5424150824546814, 0.34713390469551086, 0.5275641679763794, 0.27196523547172546, 0.7539483904838562, 0.18408913910388947, 1.2937800884246826, 1.4870651960372925, 1.6033670902252197, 4.7997965812683105, 1.3324811458587646, 1.3746742010116577, 1.2528880834579468, 4.118476867675781, 1.662161111831665, 1.639125943183899, 2.2973639965057373, 4.795186519622803, 1.6225281953811646, 1.8851333856582642, 2.414055824279785, 2.8941285610198975, 0.0, 0.29825320839881897, 0.6119270324707031, 0.5185132622718811, 0.44913530349731445, 0.12365227937698364, 0.6713320016860962, 0.6746108531951904, 0.5459722280502319, 0.21733394265174866, 0.3376843333244324, 0.4171787202358246, 0.22674338519573212, 0.27502986788749695, 0.3767252266407013, 0.18476176261901855, 0.4522307813167572, 0.6688887476921082, 0.8676149249076843, 0.9022411108016968, 0.9171220064163208, 0.47389939427375793, 0.9512038826942444, 0.9489678740501404, 0.8622089624404907, 1.1392943859100342, 0.42761850357055664, 0.9442064166069031, 0.746114194393158, 0.712310254573822, 0.6029600501060486, 0.6476236581802368, 0.5901700854301453, 0.1660134494304657, 0.13306720554828644, 0.31089240312576294, 0.14362840354442596, 0.19433821737766266, 0.29315218329429626, 0.5971865653991699, 0.5757092833518982, 0.16041535139083862, 0.2522751986980438, 0.421140193939209, 0.19723919034004211, 0.21507728099822998, 0.23854409158229828, 0.2969188690185547, 0.40961506962776184], [0.0, 0.01776324026286602, 0.0, 0.0, 0.0006214851746335626, 0.0, 0.0, 0.0022663481067866087, 0.0, 0.0, 0.03726207837462425, 0.0, 1.2813613414764404, 0.32027292251586914, 0.1809108406305313, 0.2307172417640686, 0.02031208947300911, 0.0899495854973793, 0.049184758216142654, 0.004192897584289312, 0.1075035035610199, 0.0, 0.0, 0.11163782328367233, 0.0571306012570858, 0.0, 0.007706904783844948, 0.0, 9.32970142364502, 3.0021603107452393, 0.5342113971710205, 10.23658561706543, 0.12795281410217285, 0.013845077715814114, 0.0, 0.03773709386587143, 0.21217526495456696, 0.0, 0.0, 0.0, 0.027803728356957436, 0.0, 0.0, 0.13538922369480133, 8.47568130493164, 1.9256384372711182, 1.2947843074798584, 2.724677085876465, 0.0, 0.0, 0.04852445423603058, 0.0, 0.0737544521689415, 0.0, 0.0, 0.0, 0.0, 0.0, 0.0, 0.0, 0.0, 0.0043648406863212585, 0.0, 0.0, 0.0, 0.02423965185880661, 0.0, 0.0, 0.0, 0.06172540783882141, 0.0, 0.0, 0.0, 0.0, 0.0, 0.057630058377981186, 0.026239575818181038, 0.0, 0.006939129903912544, 0.0, 0.0, 0.0, 0.0, 0.0, 0.0008481063414365053, 1.6061565474956296e-05, 0.0, 0.04674586281180382, 0.0, 0.0, 0.0, 0.0, 0.0, 0.0, 0.049364179372787476, 0.0]]
Time 1794.028748035431
