Created graph
[-7.0, -5, -3.0]
[-6.0, -5, -4.0]
[-5.5, -5, -4.5]
[-5.25, -5, -4.75]
[-5.125, -5, -4.875]
[-5.0625, -5, -4.9375]
1 4 50
Score: 103.534935
Signatures: [[0.0, 0.0, 0.0, 0.0, 0.0, 0.0, 0.0, 0.0, 0.0, 0.0, 0.0, 0.0, 0.5328644514083862, 0.2883341908454895, 0.1953335404396057, 0.41934970021247864, 0.0, 0.0, 0.0, 0.0, 0.0, 0.0, 0.0, 0.0, 0.0025229952298104763, 0.0, 0.0, 0.0, 0.0, 0.041078176349401474, 0.0, 3.0598959922790527, 0.009804114699363708, 0.0, 0.0, 0.06667093187570572, 0.36615291237831116, 0.03354126960039139, 0.0, 0.09908056259155273, 0.028170617297291756, 0.014927806332707405, 0.0, 0.0, 12.35383129119873, 2.6423180103302, 4.202154636383057, 6.85569429397583, 0.0, 0.0, 0.04083472862839699, 0.0, 0.0, 0.0, 0.0, 0.0, 0.0020365959499031305, 0.0, 0.0, 0.0, 0.0, 0.0, 0.0, 0.0, 0.0, 0.0, 0.0, 0.0, 0.0, 0.0, 0.0, 0.0, 0.0, 0.0, 0.0, 0.0, 0.0, 0.0, 0.0, 0.055212002247571945, 0.0, 0.0, 0.0, 0.0, 0.0, 0.0, 0.0, 0.0, 0.0, 0.029364751651883125, 0.0, 0.0, 0.0, 0.0, 0.0, 0.0], [0.45423099398612976, 0.8397209644317627, 0.2782101333141327, 0.3646913468837738, 0.40983912348747253, 0.2926974892616272, 0.30319637060165405, 0.5609780550003052, 0.07623539119958878, 0.45876339077949524, 0.14022383093833923, 0.4513187110424042, 1.759747862815857, 0.8014838099479675, 0.11342337727546692, 1.0752720832824707, 0.44515088200569153, 0.12759929895401, 0.2829408347606659, 0.41788169741630554, 0.33901292085647583, 0.2779829800128937, 0.19189348816871643, 0.5392332077026367, 0.10742246359586716, 0.3290703296661377, 0.05249299108982086, 0.4923168420791626, 3.20701003074646, 1.3443101644515991, 0.7192478775978088, 2.7817766666412354, 0.4710177481174469, 0.15019704401493073, 2.8724820613861084, 0.3083265721797943, 1.0726090669631958, 0.6912308931350708, 2.3738272190093994, 0.9371934533119202, 0.8378892540931702, 0.2807290554046631, 2.443605661392212, 0.5736411213874817, 2.089193344116211, 1.3109910488128662, 2.4446473121643066, 4.652239799499512, 0.12345363944768906, 0.20863160490989685, 0.10086172074079514, 0.0, 0.1758609116077423, 0.20467904210090637, 0.2459726482629776, 0.19657833874225616, 0.08158563077449799, 0.2245807945728302, 0.14175637066364288, 0.1738300323486328, 0.15191182494163513, 0.09226678311824799, 0.19941598176956177, 0.04095570743083954, 0.38490423560142517, 0.0, 0.6354929208755493, 0.5547321438789368, 0.0, 0.19443844258785248, 0.2194579541683197, 0.3177231550216675, 0.18680530786514282, 0.30758970975875854, 0.0731622651219368, 0.18744811415672302, 0.04564911872148514, 0.41732853651046753, 0.04980376362800598, 0.0, 0.06450163573026657, 0.12066664546728134, 0.17121730744838715, 0.15966878831386566, 0.03816188871860504, 0.11007694154977798, 0.17568819224834442, 0.291714072227478, 0.06818091869354248, 0.05940212309360504, 0.12771613895893097, 0.1680479645729065, 0.10055805742740631, 0.150226429104805, 0.16451407968997955, 0.2133183777332306], [1.1587823629379272, 0.9970356822013855, 0.31603533029556274, 0.8135545253753662, 1.0040866136550903, 1.24365234375, 0.30386000871658325, 0.8484965562820435, 1.240675449371338, 1.0489295721054077, 0.21951742470264435, 0.8827168345451355, 0.19206584990024567, 1.2676410675048828, 0.37959691882133484, 0.9318444132804871, 0.7045630216598511, 0.7300763130187988, 0.4258063733577728, 0.7417933344841003, 0.6425848007202148, 0.7788902521133423, 0.5086649060249329, 0.8848862051963806, 0.44995397329330444, 0.5422036051750183, 0.34701958298683167, 0.5272078514099121, 0.27079933881759644, 0.7536450624465942, 0.18374089896678925, 1.2936224937438965, 1.4864766597747803, 1.602741003036499, 4.795751094818115, 1.3320730924606323, 1.3741105794906616, 1.2520928382873535, 4.11537504196167, 1.6614835262298584, 1.638166904449463, 2.296471357345581, 4.7909345626831055, 1.6220450401306152, 1.8851717710494995, 2.4137213230133057, 2.8924567699432373, 0.0, 0.2980510890483856, 0.611655592918396, 0.518321692943573, 0.4490378201007843, 0.1235295832157135, 0.6710188984870911, 0.6742559671401978, 0.545646071434021, 0.21725143492221832, 0.3374599516391754, 0.4169599413871765, 0.22661800682544708, 0.27478474378585815, 0.3765767812728882, 0.1846025437116623, 0.4521655738353729, 0.6683346629142761, 0.8674290180206299, 0.9013738632202148, 0.9164646863937378, 0.47379228472709656, 0.9509104490280151, 0.948644757270813, 0.861660897731781, 1.1387133598327637, 0.4273713231086731, 0.9436224102973938, 0.7457789182662964, 0.7120941281318665, 0.6024425625801086, 0.6473350524902344, 0.5900523066520691, 0.1659243106842041, 0.13295143842697144, 0.3107161223888397, 0.14348867535591125, 0.19429205358028412, 0.29301387071609497, 0.5968202948570251, 0.5752803087234497, 0.16036847233772278, 0.25217199325561523, 0.42093130946159363, 0.19708137214183807, 0.2149876058101654, 0.2384296953678131, 0.29684481024742126, 0.4092782735824585], [0.0, 0.017777958884835243, 0.0, 0.0, 0.0006180707132443786, 0.0, 0.0, 0.0022617049980908632, 0.0, 0.0, 0.037243764847517014, 0.0, 1.2807679176330566, 0.3201885521411896, 0.18076731264591217, 0.2307189702987671, 0.020329583436250687, 0.08989439159631729, 0.04914431273937225, 0.004184514284133911, 0.10744364559650421, 0.0, 0.0, 0.11160561442375183, 0.05710102990269661, 0.0, 0.007677021902054548, 0.0, 9.324833869934082, 3.00076961517334, 0.5340128540992737, 10.231017112731934, 0.12782327830791473, 0.013734853826463223, 0.0, 0.037690386176109314, 0.21207886934280396, 0.0, 0.0, 0.0, 0.027761027216911316, 0.0, 0.0, 0.13533303141593933, 8.469035148620605, 1.9242913722991943, 1.2933955192565918, 2.7222230434417725, 0.0, 0.0, 0.048479195684194565, 0.0, 0.07371595501899719, 0.0, 0.0, 0.0, 0.0, 0.0, 0.0, 0.0, 0.0, 0.00434526614844799, 0.0, 0.0, 0.0, 0.024156514555215836, 0.0, 0.0, 0.0, 0.061632268130779266, 0.0, 0.0, 0.0, 0.0, 0.0, 0.057539232075214386, 0.026157446205615997, 0.0, 0.00687457574531436, 0.0, 0.0, 0.0, 0.0, 0.0, 0.00084009172860533, 1.4207536878529936e-05, 0.0, 0.04664142057299614, 0.0, 0.0, 0.0, 0.0, 0.0, 0.0, 0.04935028776526451, 0.0]]
Time 2747.517030954361
