Created graph
[-7.0, -5, -3.0]
[-6.0, -5, -4.0]
[-5.5, -5, -4.5]
[-5.25, -5, -4.75]
[-5.125, -5, -4.875]
[-5.0625, -5, -4.9375]
1 4 10
Score: 103.534935
Signatures: [[0.0, 0.0, 0.0, 0.0, 0.0, 0.0, 0.0, 0.0, 0.0, 0.0, 0.0, 0.0, 0.5328699946403503, 0.2883334159851074, 0.19533328711986542, 0.419351726770401, 0.0, 0.0, 0.0, 0.0, 0.0, 0.0, 0.0, 0.0, 0.0025222981348633766, 0.0, 0.0, 0.0, 0.0, 0.041083164513111115, 0.0, 3.059889554977417, 0.00980225671082735, 0.0, 0.0, 0.06666912138462067, 0.366155207157135, 0.03354226052761078, 0.0, 0.09908157587051392, 0.028170723468065262, 0.014924522489309311, 0.0, 0.0, 12.353803634643555, 2.642310380935669, 4.202140808105469, 6.855710506439209, 0.0, 0.0, 0.0408325158059597, 0.0, 0.0, 0.0, 0.0, 0.0, 0.002036317018792033, 0.0, 0.0, 0.0, 0.0, 0.0, 0.0, 0.0, 0.0, 0.0, 0.0, 0.0, 0.0, 0.0, 0.0, 0.0, 0.0, 0.0, 0.0, 0.0, 0.0, 0.0, 0.0, 0.05521039664745331, 0.0, 0.0, 0.0, 0.0, 0.0, 0.0, 0.0, 0.0, 0.0, 0.029363835230469704, 0.0, 0.0, 0.0, 0.0, 0.0, 0.0], [0.45424383878707886, 0.8397315740585327, 0.27821677923202515, 0.36469799280166626, 0.40985918045043945, 0.29272082448005676, 0.3031984269618988, 0.5609875917434692, 0.07624255120754242, 0.4587826430797577, 0.14022743701934814, 0.45132681727409363, 1.7597407102584839, 0.8014905452728271, 0.11342348158359528, 1.0752781629562378, 0.4451594948768616, 0.12760360538959503, 0.28294602036476135, 0.4178963601589203, 0.3390233516693115, 0.2779998779296875, 0.1919039934873581, 0.5392349362373352, 0.1074276939034462, 0.3290773928165436, 0.05249544978141785, 0.4923262894153595, 3.2069742679595947, 1.344312310218811, 0.7192428708076477, 2.7817656993865967, 0.47103264927864075, 0.15020935237407684, 2.8725085258483887, 0.30832916498184204, 1.0726242065429688, 0.6912376284599304, 2.3738534450531006, 0.9371938705444336, 0.8379045724868774, 0.2807411551475525, 2.4436490535736084, 0.5736654996871948, 2.0891165733337402, 1.3109962940216064, 2.4446208477020264, 4.65217924118042, 0.12345834076404572, 0.20863893628120422, 0.10086803883314133, 0.0, 0.175863116979599, 0.20467957854270935, 0.24598035216331482, 0.19658976793289185, 0.08158726990222931, 0.22458478808403015, 0.14175912737846375, 0.17382848262786865, 0.15191510319709778, 0.09226971119642258, 0.1994185596704483, 0.04096321016550064, 0.3849170506000519, 0.0, 0.6355056762695312, 0.5547448396682739, 0.0, 0.1944500207901001, 0.21946948766708374, 0.3177362084388733, 0.1868196278810501, 0.30759429931640625, 0.07317579537630081, 0.1874575912952423, 0.04565604031085968, 0.4173396825790405, 0.04981275647878647, 0.0, 0.06450353562831879, 0.12067116796970367, 0.17122027277946472, 0.15967316925525665, 0.038162749260663986, 0.11008016765117645, 0.17569918930530548, 0.2917264699935913, 0.0681835189461708, 0.059407684952020645, 0.12772242724895477, 0.16804733872413635, 0.10056040436029434, 0.1502288579940796, 0.164518341422081, 0.2133244127035141], [1.1587718725204468, 0.9970225095748901, 0.3160286843776703, 0.813547670841217, 1.0040699243545532, 1.243634581565857, 0.30385687947273254, 0.8484870791435242, 1.2406724691390991, 1.0489152669906616, 0.219513937830925, 0.882707953453064, 0.19205275177955627, 1.2676305770874023, 0.3795972764492035, 0.9318302273750305, 0.7045536637306213, 0.7300716638565063, 0.4257999658584595, 0.7417804598808289, 0.6425764560699463, 0.778876006603241, 0.5086559057235718, 0.8848810791969299, 0.4499496519565582, 0.5421963334083557, 0.34701740741729736, 0.5271971225738525, 0.2707865238189697, 0.7536293268203735, 0.18373650312423706, 1.2936139106750488, 1.486466407775879, 1.6027357578277588, 4.795725345611572, 1.3320719003677368, 1.3740925788879395, 1.2520833015441895, 4.1153459548950195, 1.6614781618118286, 1.638152837753296, 2.296466588973999, 4.790894985198975, 1.6220265626907349, 1.8852119445800781, 2.413710832595825, 2.89245867729187, 0.0, 0.2980477809906006, 0.6116499900817871, 0.5183177590370178, 0.44903865456581116, 0.12352689355611801, 0.6710176467895508, 0.6742495894432068, 0.5456368923187256, 0.21724964678287506, 0.33745577931404114, 0.41695740818977356, 0.22661784291267395, 0.2747817635536194, 0.3765745460987091, 0.184599369764328, 0.45215994119644165, 0.6683238744735718, 0.8674294948577881, 0.9013616442680359, 0.9164528250694275, 0.47379255294799805, 0.950904130935669, 0.9486364722251892, 0.8616511225700378, 1.138705849647522, 0.4273674190044403, 0.943615198135376, 0.7457728981971741, 0.7120909094810486, 0.6024330854415894, 0.647330641746521, 0.5900541543960571, 0.1659225970506668, 0.13294753432273865, 0.31071341037750244, 0.1434842199087143, 0.19429107010364532, 0.2930108904838562, 0.5968119502067566, 0.5752701163291931, 0.16036617755889893, 0.2521677315235138, 0.4209260940551758, 0.1970805525779724, 0.21498554944992065, 0.2384275496006012, 0.2968408763408661, 0.4092726409435272], [0.0, 0.01777822896838188, 0.0, 0.0, 0.0006170659326016903, 0.0, 0.0, 0.002261432819068432, 0.0, 0.0, 0.037243377417325974, 0.0, 1.2807635068893433, 0.3201882839202881, 0.18076567351818085, 0.23071807622909546, 0.020329272374510765, 0.08989358693361282, 0.04914380982518196, 0.004182931035757065, 0.10744139552116394, 0.0, 0.0, 0.1116064041852951, 0.057100098580121994, 0.0, 0.007676742505282164, 0.0, 9.324812889099121, 3.0007543563842773, 0.5340146422386169, 10.23096752166748, 0.1278214454650879, 0.01373271644115448, 0.0, 0.03769150376319885, 0.2120746225118637, 0.0, 0.0, 0.0, 0.02775970846414566, 0.0, 0.0, 0.13532832264900208, 8.468982696533203, 1.924277424812317, 1.2933995723724365, 2.7222020626068115, 0.0, 0.0, 0.04847889393568039, 0.0, 0.07371553778648376, 0.0, 0.0, 0.0, 0.0, 0.0, 0.0, 0.0, 0.0, 0.004345058463513851, 0.0, 0.0, 0.0, 0.02415594831109047, 0.0, 0.0, 0.0, 0.06162988021969795, 0.0, 0.0, 0.0, 0.0, 0.0, 0.0575370155274868, 0.026155678555369377, 0.0, 0.006872835103422403, 0.0, 0.0, 0.0, 0.0, 0.0, 0.0008400370716117322, 1.4143049156700727e-05, 0.0, 0.04663939028978348, 0.0, 0.0, 0.0, 0.0, 0.0, 0.0, 0.04934950917959213, 0.0]]
Time 2738.9154636859894
