Created graph
[-7.0, -5, -3.0]
[-6.0, -5, -4.0]
[-5.5, -5, -4.5]
[-5.25, -5, -4.75]
[-4.875, -4.75, -4.625]
[-4.9375, -4.875, -4.8125]
1000 3 5
Score: 107.27952
Signatures: [[1.3444790840148926, 1.3206884860992432, 0.44825196266174316, 0.9349028468132019, 1.1255241632461548, 1.3025258779525757, 0.4462715685367584, 1.0816946029663086, 1.1776268482208252, 1.2639065980911255, 0.2612115442752838, 1.062729001045227, 0.9396643042564392, 1.5028674602508545, 0.39441266655921936, 1.3197777271270752, 0.8445897698402405, 0.685542106628418, 0.508743405342102, 0.8825082182884216, 0.7216070890426636, 0.8684297204017639, 0.5834453701972961, 1.0301321744918823, 0.4426077902317047, 0.6811869144439697, 0.33206358551979065, 0.7184020280838013, 1.1117010116577148, 1.045365810394287, 0.49397191405296326, 1.2918795347213745, 1.5709996223449707, 1.542392373085022, 6.315245151519775, 1.365810751914978, 1.7269926071166992, 1.529953122138977, 5.249482154846191, 2.0055696964263916, 1.9623976945877075, 2.2893123626708984, 6.107946395874023, 1.7459025382995605, 1.5896315574645996, 2.639484405517578, 3.797914981842041, 1.9048031568527222, 0.36472922563552856, 0.6799798607826233, 0.5118924975395203, 0.3919350802898407, 0.18893451988697052, 0.730678379535675, 0.7612101435661316, 0.6240946650505066, 0.23479926586151123, 0.43825870752334595, 0.4589104652404785, 0.3055760860443115, 0.34957975149154663, 0.39064058661460876, 0.28781983256340027, 0.41942673921585083, 0.8552974462509155, 0.7671218514442444, 1.1914138793945312, 1.1545300483703613, 0.42185837030410767, 0.9488673210144043, 0.994028627872467, 0.9795747995376587, 1.1779122352600098, 0.5970581769943237, 0.9278820157051086, 0.7507684826850891, 0.6691230535507202, 0.8118406534194946, 0.6294071674346924, 0.5256209969520569, 0.19328497350215912, 0.19797641038894653, 0.3829735815525055, 0.22191791236400604, 0.19180412590503693, 0.3229333460330963, 0.6491544842720032, 0.6588032841682434, 0.1839798241853714, 0.2602350413799286, 0.4555020332336426, 0.2727816104888916, 0.25648340582847595, 0.3131072521209717, 0.3349340260028839, 0.49365296959877014], [0.0011852096067741513, 0.23173387348651886, 0.04264439642429352, 0.05545099079608917, 0.08188173919916153, 0.0, 0.055322326719760895, 0.12120763212442398, 0.0, 0.0, 0.08096950501203537, 0.024080872535705566, 1.679753303527832, 0.5496252775192261, 0.16379588842391968, 0.4532153308391571, 0.1492713987827301, 0.1445978283882141, 0.13612717390060425, 0.10840380936861038, 0.2209397554397583, 0.0035677566193044186, 0.0, 0.2942160665988922, 0.07903875410556793, 0.032098591327667236, 0.019889231771230698, 0.13621175289154053, 10.609121322631836, 3.4520456790924072, 0.7701566219329834, 11.010283470153809, 0.23682503402233124, 0.0015671395231038332, 0.0, 0.06758856773376465, 0.44895073771476746, 0.052075859159231186, 0.0, 0.05378365144133568, 0.1709163635969162, 0.0, 0.0, 0.2678713798522949, 8.247696876525879, 2.305809497833252, 2.011077404022217, 2.957998752593994, 0.0, 0.02579071931540966, 0.045399051159620285, 0.0, 0.12658102810382843, 0.0, 0.0, 0.0, 0.020655767992138863, 0.021829577162861824, 0.011179501190781593, 0.021661369130015373, 0.0, 0.019664963707327843, 0.014651743695139885, 0.0, 0.01427957508713007, 0.014996054582297802, 0.10325109958648682, 0.0942673608660698, 0.0, 0.10623648017644882, 0.0, 0.013337770476937294, 0.0, 0.0, 0.0, 0.10926748812198639, 0.013119559735059738, 0.04106533154845238, 0.0, 0.0, 0.0, 0.0, 0.00581724988296628, 0.03261018544435501, 0.009443994611501694, 0.0293041430413723, 0.0, 0.1360246241092682, 0.009734953753650188, 0.0, 0.0024764323607087135, 0.026321060955524445, 0.011143842712044716, 0.0, 0.11112146824598312, 0.03821028769016266], [0.0, 0.0, 0.0, 0.0, 0.0, 0.0, 0.0, 0.0, 0.0, 0.0, 0.0, 0.0, 0.776220440864563, 0.28925514221191406, 0.2500820755958557, 0.5132552981376648, 0.0, 0.0, 0.0, 0.0, 0.0, 0.0, 0.0, 0.0, 0.011403762735426426, 0.0, 0.0, 0.0, 0.14934520423412323, 0.22059664130210876, 0.0, 4.140336990356445, 0.0007412899867631495, 0.0, 0.12803368270397186, 0.07222693413496017, 0.4389124810695648, 0.11045481264591217, 0.19944201409816742, 0.23630499839782715, 0.04285509139299393, 0.0010033732978627086, 0.0, 0.0, 14.163334846496582, 2.750864028930664, 4.074947834014893, 8.249574661254883, 0.0, 0.0, 0.057432979345321655, 0.0, 0.0, 0.0, 0.0, 0.0, 0.0, 0.0, 0.0, 0.0, 0.0, 0.0, 0.0, 0.0, 0.0, 0.0, 0.0, 0.0, 0.0, 0.0, 0.0, 0.0, 0.0, 0.0, 0.0, 0.0, 0.0, 0.0, 0.0, 0.0294771920889616, 0.0, 0.0, 0.0, 0.0, 0.0, 0.0, 0.0, 0.0, 0.0, 0.03614691272377968, 0.0, 0.0, 0.0, 0.020251121371984482, 0.0, 0.0]]
Time 2636.760145664215
