Created graph
[-7.0, -5, -3.0]
[-6.0, -5, -4.0]
[-5.5, -5, -4.5]
[-5.25, -5, -4.75]
[-5.125, -5, -4.875]
[-5.0625, -5, -4.9375]
1 3 10
Score: 107.25029
Signatures: [[1.2246657609939575, 1.2553106546401978, 0.4236953854560852, 0.8933296799659729, 1.0594068765640259, 1.1981850862503052, 0.4266059696674347, 1.0145916938781738, 1.0644081830978394, 1.1359235048294067, 0.2520022392272949, 0.991137683391571, 1.0321645736694336, 1.4885082244873047, 0.40368136763572693, 1.3376659154891968, 0.8240530490875244, 0.6531571745872498, 0.48644593358039856, 0.8358859419822693, 0.6888194680213928, 0.7988923192024231, 0.530705451965332, 0.9987967014312744, 0.4271126389503479, 0.6402454376220703, 0.3118264973163605, 0.6871194839477539, 1.3191965818405151, 1.1417704820632935, 0.48910045623779297, 1.8829154968261719, 1.4865397214889526, 1.4082088470458984, 5.717078685760498, 1.2919676303863525, 1.7154804468154907, 1.4627691507339478, 4.892102241516113, 1.9400802850723267, 1.8550903797149658, 2.1024227142333984, 5.570661544799805, 1.659338116645813, 2.8535242080688477, 2.8252112865448, 3.9900565147399902, 2.3664774894714355, 0.3251376450061798, 0.6247526407241821, 0.4973018169403076, 0.35884183645248413, 0.1757422536611557, 0.6789186596870422, 0.7077118754386902, 0.568053662776947, 0.2266777604818344, 0.412160724401474, 0.43004488945007324, 0.2885756492614746, 0.3166061043739319, 0.36200419068336487, 0.27159619331359863, 0.38201022148132324, 0.7840330600738525, 0.6949602961540222, 1.1136587858200073, 1.0817826986312866, 0.3826085925102234, 0.8913227319717407, 0.9024696946144104, 0.8893365859985352, 1.0648038387298584, 0.5466991066932678, 0.8309176564216614, 0.7066674828529358, 0.6085015535354614, 0.7449082136154175, 0.5622361898422241, 0.49466732144355774, 0.17778950929641724, 0.18148908019065857, 0.35262298583984375, 0.20940382778644562, 0.17807845771312714, 0.3011681139469147, 0.5964957475662231, 0.6131040453910828, 0.17011713981628418, 0.24979102611541748, 0.41838982701301575, 0.25900131464004517, 0.2339753955602646, 0.2923656404018402, 0.3251185715198517, 0.4568544328212738], [0.0, 0.14525388181209564, 0.011269152164459229, 0.002744231140241027, 0.012089710682630539, 0.0, 0.019207976758480072, 0.05855763703584671, 0.0, 0.0, 0.05800970271229744, 0.0, 1.5816936492919922, 0.470352441072464, 0.1624973714351654, 0.4191741645336151, 0.06932409852743149, 0.08719725161790848, 0.0934169590473175, 0.04456712678074837, 0.15160895884037018, 0.0, 0.0, 0.18233662843704224, 0.05055618658661842, 0.0, 0.0005468575982376933, 0.06825516372919083, 9.567671775817871, 3.1149189472198486, 0.6888863444328308, 9.902637481689453, 0.13888688385486603, 0.0, 0.0, 0.034719351679086685, 0.43566983938217163, 0.021042440086603165, 0.0, 0.030514487996697426, 0.07620847225189209, 0.0, 0.0, 0.1356877088546753, 7.5998101234436035, 2.124950408935547, 2.02014422416687, 2.611426830291748, 0.0, 0.00023091740149538964, 0.045697249472141266, 0.0, 0.11034837365150452, 0.0, 0.0, 0.0, 0.004712161608040333, 6.399439826054731e-06, 0.0, 0.004949560388922691, 0.0, 0.0023988960310816765, 6.883567493787268e-06, 0.0, 0.0, 0.0, 0.04268072918057442, 0.020689653232693672, 0.0, 0.0449356809258461, 0.0, 0.0, 0.0, 0.0, 0.0, 0.05118265002965927, 0.0, 0.0010784949408844113, 0.0, 0.0, 0.0, 0.0, 0.0, 0.014989747665822506, 5.72273856960237e-05, 0.008794121444225311, 0.0, 0.08903150260448456, 0.0, 0.0, 0.0, 0.005408706143498421, 0.0, 0.0, 0.07773181796073914, 0.013133187778294086], [0.0, 0.0, 0.0, 0.0, 0.0, 0.0, 0.0, 0.0, 0.0, 0.0, 0.0, 0.0, 0.5992608070373535, 0.17369063198566437, 0.17956778407096863, 0.35373467206954956, 0.0, 0.0, 0.0, 0.0, 0.0, 0.0, 0.0, 0.0, 6.010592414895655e-07, 0.0, 0.0, 0.0, 0.4159379303455353, 0.21705509722232819, 0.0, 4.046866416931152, 0.0, 0.0, 0.0, 0.008251676335930824, 0.24018138647079468, 0.019193530082702637, 0.0, 0.0752108171582222, 0.0, 0.0, 0.0, 0.0, 12.929370880126953, 2.301482677459717, 3.2471909523010254, 7.625882148742676, 0.0, 0.0, 0.0108500886708498, 0.0, 0.0, 0.0, 0.0, 0.0, 0.0, 0.0, 0.0, 0.0, 0.0, 0.0, 0.0, 0.0, 0.0, 0.0, 0.0, 0.0, 0.0, 0.0, 0.0, 0.0, 0.0, 0.0, 0.0, 0.0, 0.0, 0.0, 0.0, 8.489259926136583e-06, 0.0, 0.0, 0.0, 0.0, 0.0, 0.0, 0.0, 0.0, 0.0, 0.01691771112382412, 0.0, 0.0, 0.0, 0.0015332171460613608, 0.0, 0.0]]
Time 2721.3211109638214
