Created graph
[-7.0, -5, -3.0]
[-6.0, -5, -4.0]
[-5.5, -5, -4.5]
[-5.25, -5, -4.75]
[-4.875, -4.75, -4.625]
[-4.9375, -4.875, -4.8125]
5000 3 50
Score: 106.332596
Signatures: [[0.023539243265986443, 0.3545771539211273, 0.07229764759540558, 0.09928416460752487, 0.12746044993400574, 0.0, 0.06800629198551178, 0.1720258593559265, 0.0, 0.0, 0.11035468429327011, 0.0333213247358799, 1.9201457500457764, 0.6887915730476379, 0.21879616379737854, 0.6719911694526672, 0.20965076982975006, 0.2089833766222, 0.20601630210876465, 0.16282664239406586, 0.3145897090435028, 0.03276151418685913, 0.0, 0.4160246253013611, 0.12104471027851105, 0.06143491342663765, 0.034132517874240875, 0.20598691701889038, 12.082740783691406, 4.249509334564209, 0.9296683073043823, 12.718220710754395, 0.3331247866153717, 0.017384925857186317, 0.0, 0.12581601738929749, 0.6339192390441895, 0.13003277778625488, 0.0, 0.11988991498947144, 0.2252567708492279, 0.0, 0.0, 0.35689789056777954, 10.376485824584961, 3.014732837677002, 2.5450446605682373, 3.3042397499084473, 0.0, 0.044750746339559555, 0.09165526181459427, 0.0, 0.17770640552043915, 0.0, 0.0001589255698490888, 0.0, 0.02858569286763668, 0.031012676656246185, 0.018066462129354477, 0.035351429134607315, 0.0002421205717837438, 0.033063385635614395, 0.016549237072467804, 0.003402624512091279, 0.029498489573597908, 0.03643286973237991, 0.14735861122608185, 0.13787727057933807, 0.0, 0.16017624735832214, 0.005488870199769735, 0.042117271572351456, 0.0, 0.0006600833148695529, 0.0, 0.15419209003448486, 0.027490640059113503, 0.0586407370865345, 0.0, 0.0, 0.0, 0.00398572813719511, 0.016795888543128967, 0.047594379633665085, 0.0166444294154644, 0.052231624722480774, 0.0, 0.21007736027240753, 0.017054565250873566, 0.0, 0.013199986889958382, 0.04304104670882225, 0.02141403779387474, 0.0, 0.1604064702987671, 0.06195375323295593], [0.0, 0.0, 0.0, 0.0, 0.0, 0.0, 0.0, 0.0, 0.0, 0.0, 0.0, 0.0, 1.3290787935256958, 0.4066188633441925, 0.2911618649959564, 0.5808922648429871, 0.0, 0.0, 0.0, 0.0, 0.0, 0.0, 0.0, 0.0, 0.0004484226810745895, 0.0, 0.0, 0.0, 2.5678699016571045, 0.813373863697052, 0.11182843893766403, 7.513938903808594, 0.0001088651770260185, 0.0, 0.061036139726638794, 0.058463357388973236, 0.5145456790924072, 0.07554091513156891, 0.1474321186542511, 0.21675917506217957, 0.04015727713704109, 0.0, 0.0, 0.0, 17.944252014160156, 3.44181489944458, 4.991393566131592, 10.505315780639648, 0.0, 0.0, 0.04204591363668442, 0.0, 0.0, 0.0, 0.0, 0.0, 0.0, 0.0, 0.0, 0.0, 0.0, 0.0, 0.0, 0.0, 0.0, 0.0, 0.0, 0.0, 0.0, 0.0, 0.0, 0.0, 0.0, 0.0, 0.0, 0.0, 0.0, 0.0, 0.0, 0.02475491538643837, 0.0, 0.0, 0.0, 0.0, 0.0, 0.0, 0.0, 0.0, 0.0, 0.03735228255391121, 0.0, 0.0, 0.0, 0.016381941735744476, 0.0, 0.0], [1.5396862030029297, 1.5137652158737183, 0.5130584239959717, 1.0709067583084106, 1.2950236797332764, 1.497665524482727, 0.5204672813415527, 1.2341731786727905, 1.3506163358688354, 1.4390819072723389, 0.3058677017688751, 1.225136637687683, 1.0685704946517944, 1.752923607826233, 0.46835488080978394, 1.5317471027374268, 0.9730455875396729, 0.7901211380958557, 0.57671058177948, 1.0116997957229614, 0.8249115943908691, 0.9937436580657959, 0.6822015643119812, 1.1877243518829346, 0.5130355358123779, 0.7803812623023987, 0.378365695476532, 0.8259990215301514, 1.0665183067321777, 1.155808448791504, 0.5685185790061951, 1.3428853750228882, 1.8033863306045532, 1.7787580490112305, 7.309565544128418, 1.5682374238967896, 2.006436824798584, 1.7751156091690063, 6.163697242736816, 2.339627742767334, 2.2813327312469482, 2.6382553577423096, 7.08167028427124, 2.0271215438842773, 1.9816293716430664, 3.0911426544189453, 4.504022121429443, 2.3595099449157715, 0.41876959800720215, 0.775849461555481, 0.5973618030548096, 0.4566032588481903, 0.21224136650562286, 0.8450464606285095, 0.8854352235794067, 0.7141162157058716, 0.27276796102523804, 0.5033227205276489, 0.527912974357605, 0.35318973660469055, 0.4024825096130371, 0.4473769962787628, 0.3357388377189636, 0.4799892008304596, 0.9853166937828064, 0.8781452178955078, 1.3870750665664673, 1.3403016328811646, 0.48793354630470276, 1.0871175527572632, 1.1460894346237183, 1.1197264194488525, 1.3504972457885742, 0.6865459680557251, 1.0716955661773682, 0.8638324737548828, 0.7588319778442383, 0.9359143972396851, 0.7237087488174438, 0.6158377528190613, 0.22767697274684906, 0.227003276348114, 0.4389180839061737, 0.2587907612323761, 0.2191113382577896, 0.3699382245540619, 0.751055896282196, 0.7505564093589783, 0.21278038620948792, 0.30511897802352905, 0.5239388346672058, 0.3140316605567932, 0.2900758981704712, 0.3669400215148926, 0.38521328568458557, 0.5733726620674133]]
Time 2402.4549243450165
