Created graph
[-7.0, -5, -3.0]
[-6.0, -5, -4.0]
[-5.5, -5, -4.5]
[-5.25, -5, -4.75]
[-5.125, -5, -4.875]
[-5.0625, -5, -4.9375]
10 4 200
Score: 103.5338
Signatures: [[0.0, 0.0, 0.0, 0.0, 0.0, 0.0, 0.0, 0.0, 0.0, 0.0, 0.0, 0.0, 0.5332202315330505, 0.2885555326938629, 0.19545316696166992, 0.4195966422557831, 0.0, 0.0, 0.0, 0.0, 0.0, 0.0, 0.0, 0.0, 0.0025637822691351175, 0.0, 0.0, 0.0, 0.0, 0.041532233357429504, 0.0, 3.0631039142608643, 0.009845398366451263, 0.0, 0.0, 0.06674208492040634, 0.36629509925842285, 0.033589091151952744, 0.0, 0.09911192208528519, 0.028212081640958786, 0.015078827738761902, 0.0, 0.0, 12.361237525939941, 2.6441032886505127, 4.204474925994873, 6.8589935302734375, 0.0, 0.0, 0.04087885469198227, 0.0, 0.0, 0.0, 0.0, 0.0, 0.002046840265393257, 0.0, 0.0, 0.0, 0.0, 0.0, 0.0, 0.0, 0.0, 0.0, 0.0, 0.0, 0.0, 0.0, 0.0, 0.0, 0.0, 0.0, 0.0, 0.0, 0.0, 0.0, 0.0, 0.055303316563367844, 0.0, 0.0, 0.0, 0.0, 0.0, 0.0, 0.0, 0.0, 0.0, 0.02941436693072319, 0.0, 0.0, 0.0, 0.0, 0.0, 0.0], [0.45425963401794434, 0.8400182723999023, 0.2781728506088257, 0.3648868501186371, 0.4100593626499176, 0.29289111495018005, 0.30325016379356384, 0.5610402822494507, 0.07613247632980347, 0.4587094783782959, 0.14029353857040405, 0.4514712691307068, 1.7608757019042969, 0.8022563457489014, 0.11357245594263077, 1.0760798454284668, 0.44547170400619507, 0.12782788276672363, 0.2829879820346832, 0.41805553436279297, 0.3392096757888794, 0.27816736698150635, 0.19185318052768707, 0.5396304726600647, 0.10749529302120209, 0.3292710781097412, 0.05249432846903801, 0.4925136864185333, 3.210005283355713, 1.3458353281021118, 0.7196868658065796, 2.7860498428344727, 0.47116950154304504, 0.15009866654872894, 2.8715219497680664, 0.3084871768951416, 1.0735642910003662, 0.6913718581199646, 2.3736183643341064, 0.9378600716590881, 0.8380701541900635, 0.2805321216583252, 2.4422812461853027, 0.5741463303565979, 2.0942187309265137, 1.31307053565979, 2.4461052417755127, 4.65697717666626, 0.1234113872051239, 0.2086958885192871, 0.10088130086660385, 0.0, 0.17591771483421326, 0.20469559729099274, 0.24600353837013245, 0.19652149081230164, 0.08160968124866486, 0.2246241569519043, 0.14175358414649963, 0.1739247590303421, 0.15184155106544495, 0.09227792918682098, 0.1994769424200058, 0.041045401245355606, 0.38480547070503235, 0.0, 0.6353641748428345, 0.5547681450843811, 0.0, 0.19455328583717346, 0.21955372393131256, 0.3176104724407196, 0.18661272525787354, 0.3077089488506317, 0.07283413410186768, 0.1874275952577591, 0.04558582603931427, 0.417290061712265, 0.04970555752515793, 0.0, 0.06451375037431717, 0.12068261206150055, 0.1712479144334793, 0.15970627963542938, 0.03819886967539787, 0.11013414710760117, 0.17557992041110992, 0.2916000187397003, 0.06824817508459091, 0.05939711257815361, 0.12772221863269806, 0.1680646538734436, 0.10060162842273712, 0.15031056106090546, 0.16469025611877441, 0.21323122084140778], [1.1593658924102783, 0.9976752400398254, 0.3163386881351471, 0.8138721585273743, 1.004464030265808, 1.2440094947814941, 0.30412182211875916, 0.8490561246871948, 1.2411333322525024, 1.0495377779006958, 0.21963819861412048, 0.883137583732605, 0.19281594455242157, 1.2680597305297852, 0.3797054588794708, 0.9323757886886597, 0.7048351168632507, 0.7301751971244812, 0.42606985569000244, 0.7421382069587708, 0.6428550481796265, 0.7791584134101868, 0.5089797377586365, 0.8852348327636719, 0.4500857889652252, 0.542412519454956, 0.34713178873062134, 0.5275391340255737, 0.27207624912261963, 0.753957211971283, 0.1840931475162506, 1.2936856746673584, 1.4870531558990479, 1.6033308506011963, 4.799740314483643, 1.3324859142303467, 1.3746275901794434, 1.2528281211853027, 4.118399620056152, 1.6621369123458862, 1.6390825510025024, 2.297362804412842, 4.795054912567139, 1.622513771057129, 1.8850619792938232, 2.414111852645874, 2.8943192958831787, 0.0, 0.29824671149253845, 0.6119234561920166, 0.5185149908065796, 0.44914400577545166, 0.12364459782838821, 0.67132967710495, 0.6745933294296265, 0.5459569096565247, 0.21734020113945007, 0.33767661452293396, 0.41717231273651123, 0.2267371267080307, 0.275017648935318, 0.3767290711402893, 0.18475009500980377, 0.4522298276424408, 0.6688639521598816, 0.8676255345344543, 0.9022025465965271, 0.9171041250228882, 0.4739021062850952, 0.9511744976043701, 0.9489657878875732, 0.8621772527694702, 1.1392627954483032, 0.4276013672351837, 0.9441788196563721, 0.7461066246032715, 0.7122989296913147, 0.6029300689697266, 0.6476094126701355, 0.5901755690574646, 0.166011244058609, 0.1330539435148239, 0.31089043617248535, 0.1436219960451126, 0.19433379173278809, 0.29312774538993835, 0.597169816493988, 0.5756882429122925, 0.16040831804275513, 0.25226789712905884, 0.4211214482784271, 0.19724306464195251, 0.21507486701011658, 0.23853687942028046, 0.2969250977039337, 0.4096108078956604], [0.0, 0.01776592992246151, 0.0, 0.0, 0.0006184655940160155, 0.0, 0.0, 0.00227278470993042, 0.0, 0.0, 0.037261541932821274, 0.0, 1.2813526391983032, 0.3202632665634155, 0.18089978396892548, 0.2307252287864685, 0.020306935533881187, 0.08993799239397049, 0.04918629676103592, 0.004186824429780245, 0.10749565809965134, 0.0, 0.0, 0.11163026094436646, 0.05712677910923958, 0.0, 0.007702198810875416, 0.0, 9.32967472076416, 3.002115249633789, 0.5342215299606323, 10.236446380615234, 0.1279510110616684, 0.013831411488354206, 0.0, 0.03774271160364151, 0.21218301355838776, 0.0, 0.0, 0.0, 0.0277947299182415, 0.0, 0.0, 0.1353737860918045, 8.475611686706543, 1.9255598783493042, 1.294832706451416, 2.7247068881988525, 0.0, 0.0, 0.04852534458041191, 0.0, 0.07375164330005646, 0.0, 0.0, 0.0, 0.0, 0.0, 0.0, 0.0, 0.0, 0.004365045577287674, 0.0, 0.0, 0.0, 0.024234594777226448, 0.0, 0.0, 0.0, 0.061702728271484375, 0.0, 0.0, 0.0, 0.0, 0.0, 0.05761982873082161, 0.026232481002807617, 0.0, 0.006929385010153055, 0.0, 0.0, 0.0, 0.0, 0.0, 0.0008455947390757501, 1.5442868971149437e-05, 0.0, 0.04673482105135918, 0.0, 0.0, 0.0, 0.0, 0.0, 0.0, 0.049363743513822556, 0.0]]
Time 1801.1385967731476
