Created graph
[-7.0, -5, -3.0]
[-6.0, -5, -4.0]
[-5.5, -5, -4.5]
[-5.25, -5, -4.75]
[-4.875, -4.75, -4.625]
[-4.6875, -4.625, -4.5625]
100 3 25
Score: 110.84203
Signatures: [[1.322735071182251, 1.22484290599823, 0.4200657606124878, 0.875343918800354, 1.0617111921310425, 1.2657239437103271, 0.4141070246696472, 1.045926809310913, 1.1855125427246094, 1.2723664045333862, 0.23814529180526733, 0.9921762943267822, 0.725258469581604, 1.332924246788025, 0.3383913040161133, 1.1528618335723877, 0.7841327786445618, 0.6349372267723083, 0.4793698191642761, 0.8273710608482361, 0.674649715423584, 0.8280224800109863, 0.5582345724105835, 0.9475513100624084, 0.40488505363464355, 0.6298515200614929, 0.3130914270877838, 0.6664527654647827, 0.4536517560482025, 0.734950602054596, 0.4142495393753052, 0.11323899030685425, 1.4929313659667969, 1.5124417543411255, 6.109554290771484, 1.3073304891586304, 1.5624217987060547, 1.4293594360351562, 4.974854946136475, 1.8706703186035156, 1.8608399629592896, 2.237746000289917, 5.958225727081299, 1.6379096508026123, 0.0, 2.1328258514404297, 3.188214063644409, 1.1463191509246826, 0.3720950782299042, 0.6594761610031128, 0.4720556437969208, 0.38401153683662415, 0.1766626238822937, 0.7024672031402588, 0.7247442603111267, 0.6231412887573242, 0.2132290005683899, 0.41182324290275574, 0.4302167296409607, 0.2849854826927185, 0.3453127145767212, 0.3767961859703064, 0.26516759395599365, 0.4130972921848297, 0.8291743993759155, 0.7520138025283813, 1.1319818496704102, 1.08794105052948, 0.42344143986701965, 0.9218408465385437, 0.9726589322090149, 0.9459763169288635, 1.192635178565979, 0.5815063118934631, 0.9474948644638062, 0.7212584614753723, 0.6665730476379395, 0.7932925224304199, 0.6312076449394226, 0.49661344289779663, 0.18576648831367493, 0.188662588596344, 0.366720050573349, 0.20743389427661896, 0.18177098035812378, 0.30720365047454834, 0.6263083815574646, 0.6205655336380005, 0.17223083972930908, 0.24339622259140015, 0.4336751103401184, 0.25373131036758423, 0.2529928684234619, 0.2984157204627991, 0.30771028995513916, 0.46730223298072815], [0.07969813048839569, 0.3384084403514862, 0.08219700306653976, 0.12113025784492493, 0.16430120170116425, 0.03496197983622551, 0.09283728152513504, 0.1800038069486618, 0.014934075996279716, 0.040893957018852234, 0.09943808615207672, 0.0916237086057663, 1.5663834810256958, 0.5699467658996582, 0.14416998624801636, 0.47008103132247925, 0.21582213044166565, 0.1971031278371811, 0.16655805706977844, 0.17992815375328064, 0.2702128291130066, 0.07412229478359222, 0.036575887352228165, 0.3810940682888031, 0.08613410592079163, 0.10193386673927307, 0.048245031386613846, 0.19571910798549652, 10.287962913513184, 3.368014335632324, 0.7639814615249634, 10.577205657958984, 0.25443336367607117, 0.07857086509466171, 0.0, 0.06772324442863464, 0.3981384038925171, 0.05770863592624664, 0.0, 0.048272907733917236, 0.18428441882133484, 0.0, 0.0, 0.39059680700302124, 7.209033966064453, 2.1420183181762695, 1.4883720874786377, 2.4752163887023926, 0.0, 0.06371384859085083, 0.030352065339684486, 0.00527062127366662, 0.13037388026714325, 0.013005662709474564, 0.04142521321773529, 0.0, 0.037707459181547165, 0.050288163125514984, 0.04276939108967781, 0.045212507247924805, 0.01704563945531845, 0.041380517184734344, 0.04979130998253822, 0.019783424213528633, 0.057799432426691055, 0.05778270959854126, 0.17084671556949615, 0.1827375739812851, 0.0, 0.15577881038188934, 0.05069956183433533, 0.08936306089162827, 0.0006213777232915163, 0.010861626826226711, 0.0, 0.15329290926456451, 0.03771066293120384, 0.08922675997018814, 0.02350630983710289, 0.0, 0.002413942012935877, 0.015180814079940319, 0.03748161718249321, 0.04958532378077507, 0.023295477032661438, 0.05294773727655411, 0.02503872476518154, 0.19162848591804504, 0.030428269878029823, 0.0, 0.03463273122906685, 0.050333596765995026, 0.02753099985420704, 0.0, 0.13411526381969452, 0.06819566339254379], [0.0, 0.0, 0.0, 0.0, 0.0, 0.0, 0.0, 0.0003792480274569243, 0.0, 0.0, 0.0, 0.03869135305285454, 0.8312330842018127, 0.35913702845573425, 0.2766002416610718, 0.5711234211921692, 0.0, 0.0, 0.0, 0.0, 0.0, 0.0, 0.0, 0.0, 0.03963259980082512, 0.0, 0.0, 0.0, 0.0, 0.16730007529258728, 0.0, 3.710050582885742, 0.0915420725941658, 0.0, 0.6166219115257263, 0.16403961181640625, 0.5822328329086304, 0.2228230983018875, 0.6335963010787964, 0.3926335275173187, 0.16431543231010437, 0.13205374777317047, 0.33970898389816284, 0.0019745456520467997, 13.839186668395996, 2.8237152099609375, 4.5125532150268555, 8.027912139892578, 0.0, 0.0033997297286987305, 0.11259549856185913, 0.0, 0.0, 0.015989696606993675, 0.0, 0.0, 0.007462803274393082, 0.008832104504108429, 0.002825654111802578, 0.00014990608906373382, 0.0, 0.0, 0.0, 0.0, 0.0, 0.0, 0.0, 0.0, 0.0, 0.0, 0.0, 0.0, 0.0, 0.024836907163262367, 0.0, 0.0, 0.0, 0.0, 0.0, 0.06654346734285355, 0.004665451589971781, 0.0, 0.0, 0.0, 0.0, 0.0, 0.0, 0.0, 0.0, 0.05056154355406761, 0.0, 0.0, 0.0, 0.04135533422231674, 0.0, 0.0]]
Time 4114.701258659363
