Created graph
[-7.0, -5, -3.0]
[-6.0, -5, -4.0]
[-5.5, -5, -4.5]
[-5.25, -5, -4.75]
[-4.875, -4.75, -4.625]
[-4.9375, -4.875, -4.8125]
5000 4 100
Score: 103.827446
Signatures: [[0.84707111120224, 1.5129244327545166, 0.4351588189601898, 0.8072518110275269, 1.0135085582733154, 0.8904885649681091, 0.4203145205974579, 0.8284618258476257, 0.39974644780158997, 0.7569206953048706, 0.30183425545692444, 0.9864757657051086, 2.609622001647949, 1.9549392461776733, 0.28949469327926636, 2.3040523529052734, 1.0220829248428345, 0.8108202219009399, 0.8447867631912231, 1.1524085998535156, 1.1723365783691406, 0.8456100821495056, 0.40080001950263977, 1.5821458101272583, 0.5049389600753784, 0.8003038763999939, 0.3224976062774658, 1.112694263458252, 6.920578479766846, 3.429203510284424, 1.0889607667922974, 6.867573261260986, 1.300993800163269, 0.4755070209503174, 1.403795838356018, 0.7677721381187439, 1.7494715452194214, 0.8489277362823486, 0.0, 1.209522008895874, 0.7567006945610046, 0.008980754762887955, 0.0, 1.4336475133895874, 3.611145496368408, 3.038200855255127, 1.6840918064117432, 3.3451900482177734, 0.09452322870492935, 0.4412170946598053, 0.3545820415019989, 0.07254932075738907, 0.3466748595237732, 0.4980286657810211, 0.5078808069229126, 0.5702788829803467, 0.24235214293003082, 0.3259277641773224, 0.309704452753067, 0.22627192735671997, 0.1552741527557373, 0.20047710835933685, 0.25608107447624207, 0.29988327622413635, 0.3421619236469269, 0.4553479850292206, 0.610443115234375, 0.8200568556785583, 0.1378161758184433, 0.4964783787727356, 0.5517903566360474, 0.555798351764679, 0.0030364433769136667, 0.2832219898700714, 0.0, 0.5261440873146057, 0.1294970065355301, 0.3918125331401825, 0.021218791604042053, 0.22273394465446472, 0.06831000745296478, 0.16401930153369904, 0.37259429693222046, 0.22301538288593292, 0.12199462205171585, 0.2987596392631531, 0.46822571754455566, 0.7567489147186279, 0.1664111614227295, 0.18907411396503448, 0.36073073744773865, 0.2924237847328186, 0.15148289501667023, 0.10951640456914902, 0.45165714621543884, 0.3903072774410248], [0.0, 0.0, 0.0, 0.0, 0.0, 0.0, 0.0, 0.0, 0.0, 0.0, 0.0, 0.0, 1.182193636894226, 0.0, 0.15347081422805786, 0.0, 0.0, 0.0, 0.0, 0.0, 0.0, 0.0, 0.0, 0.0, 0.0, 0.0, 0.0, 0.0, 10.946939468383789, 3.2351531982421875, 0.5612490177154541, 13.230711936950684, 0.0, 0.0, 0.10588022321462631, 0.0, 0.0, 0.0, 0.5653225779533386, 0.0, 0.07755834609270096, 0.04186759889125824, 0.5572858452796936, 0.0, 12.670092582702637, 2.4279885292053223, 2.9482197761535645, 4.056804656982422, 0.0, 0.0, 0.0, 0.0, 0.03473389893770218, 0.0, 0.0, 0.0, 0.0, 0.0, 0.0, 0.0, 0.0, 0.0, 0.0, 0.0, 0.0, 0.0, 0.0, 0.0, 0.0, 0.014572707936167717, 0.0, 0.0, 0.04771282523870468, 0.0, 6.999351171543822e-05, 0.0, 0.028264682739973068, 0.0, 0.04761478304862976, 0.0, 0.0, 0.0, 0.0, 0.0, 0.0, 0.0, 0.0, 0.0, 0.0, 0.0, 0.0, 0.0, 0.0, 0.0, 0.0, 0.0], [0.0, 0.0, 0.0, 0.0, 0.0, 0.0, 0.0, 0.0, 0.0, 0.0, 0.010247942991554737, 0.0, 1.2333532571792603, 0.5299230813980103, 0.3412693738937378, 0.6820740103721619, 0.0, 0.0, 0.0, 0.0, 0.0, 0.0, 0.0, 0.0, 0.00023650442017242312, 0.0, 0.0, 0.0, 0.813839852809906, 0.4896104335784912, 0.04965704679489136, 4.736056804656982, 0.022526808083057404, 0.0, 0.17341728508472443, 0.06758890300989151, 0.7209680080413818, 0.11914580315351486, 0.23505888879299164, 0.2094380259513855, 0.10132769495248795, 0.07594245672225952, 0.0, 0.0, 16.66309928894043, 3.604306936264038, 5.170046329498291, 10.22379207611084, 0.0, 0.0, 0.07706040889024734, 0.0, 0.0, 0.0, 0.0, 0.0, 0.0, 0.0, 0.0, 0.0, 0.0, 0.0, 0.0, 0.0, 0.0, 0.0, 0.0, 0.0, 0.0, 0.0, 0.0, 0.0, 0.0, 0.0, 0.0, 0.0, 0.0, 0.0, 0.0, 0.03226622939109802, 0.0, 0.0, 0.0, 0.0, 0.0, 0.0, 0.0, 0.0, 0.0, 0.03200601786375046, 0.0, 0.0, 0.0, 0.020045755431056023, 0.0, 0.0], [1.234525442123413, 1.0251067876815796, 0.3614632487297058, 0.7748259902000427, 0.9487022161483765, 1.1522883176803589, 0.370952844619751, 0.9539006352424622, 1.2433722019195557, 1.1494247913360596, 0.217487633228302, 0.8503814935684204, 0.40673184394836426, 1.1379743814468384, 0.36398568749427795, 0.7779632210731506, 0.6104890704154968, 0.5318551063537598, 0.2990529537200928, 0.5860195755958557, 0.39113849401474, 0.6599088907241821, 0.5222893357276917, 0.6672664880752563, 0.3426685333251953, 0.4632973074913025, 0.2607075870037079, 0.4244000017642975, 0.0, 0.3459617495536804, 0.2832171618938446, 0.0, 1.3876774311065674, 1.6762875318527222, 7.050797462463379, 1.3190122842788696, 1.4609198570251465, 1.4897377490997314, 6.289037227630615, 1.9389476776123047, 2.0931191444396973, 2.737969160079956, 7.449347972869873, 1.6041971445083618, 0.8586335778236389, 2.1576411724090576, 3.9106693267822266, 1.081010341644287, 0.4049668610095978, 0.6132349967956543, 0.48166990280151367, 0.4464764893054962, 0.11384733766317368, 0.6485196352005005, 0.6937639117240906, 0.49992579221725464, 0.18320459127426147, 0.38722553849220276, 0.4062148630619049, 0.27400386333465576, 0.3532179594039917, 0.38809800148010254, 0.2402004450559616, 0.3617199957370758, 0.8884957432746887, 0.7174091339111328, 1.235803484916687, 1.0816818475723267, 0.45321691036224365, 0.9777467846870422, 0.9440040588378906, 0.9451305270195007, 1.4237157106399536, 0.588847815990448, 1.170646071434021, 0.7151375412940979, 0.7508379220962524, 0.8333209156990051, 0.7547257542610168, 0.5386279821395874, 0.20563960075378418, 0.16501711308956146, 0.2819858193397522, 0.18522989749908447, 0.17675036191940308, 0.27149876952171326, 0.5683574676513672, 0.5131561756134033, 0.15048226714134216, 0.2347029149532318, 0.3877887427806854, 0.2091120183467865, 0.24545913934707642, 0.3352249264717102, 0.2569844126701355, 0.4381946623325348]]
Time 2485.2403724193573
