Created graph
[-7.0, -5, -3.0]
[-6.0, -5, -4.0]
[-5.5, -5, -4.5]
[-5.25, -5, -4.75]
[-5.125, -5, -4.875]
[-5.0625, -5, -4.9375]
10 3 25
Score: 107.24643
Signatures: [[1.2250995635986328, 1.2557768821716309, 0.4238552451133728, 0.8936578631401062, 1.0598028898239136, 1.1986140012741089, 0.42677009105682373, 1.0149307250976562, 1.0647770166397095, 1.1363004446029663, 0.2521131932735443, 0.9915087819099426, 1.0325921773910522, 1.4891293048858643, 0.40387415885925293, 1.338199496269226, 0.8243691921234131, 0.6534256339073181, 0.4866364598274231, 0.8362051844596863, 0.6890908479690552, 0.799194872379303, 0.5309253931045532, 0.9992010593414307, 0.42728883028030396, 0.6404851675033569, 0.3119373023509979, 0.6873970627784729, 1.3199753761291504, 1.14230215549469, 0.48933061957359314, 1.8841004371643066, 1.4870985746383667, 1.4087119102478027, 5.71916389465332, 1.292433261871338, 1.7161660194396973, 1.4633177518844604, 4.89402437210083, 1.9408330917358398, 1.8557919263839722, 2.103156089782715, 5.572707176208496, 1.6599942445755005, 2.8554790019989014, 2.826392650604248, 3.9917516708374023, 2.367685079574585, 0.32525312900543213, 0.624977707862854, 0.49749472737312317, 0.358982115983963, 0.17581400275230408, 0.6791716814041138, 0.707984447479248, 0.5682533383369446, 0.2267683744430542, 0.41230952739715576, 0.4302014112472534, 0.2886884808540344, 0.31672075390815735, 0.36213669180870056, 0.2717031240463257, 0.3821471035480499, 0.78432297706604, 0.6952077746391296, 1.114121675491333, 1.082214593887329, 0.38274887204170227, 0.8916435241699219, 0.9027993679046631, 0.8896610140800476, 1.0651589632034302, 0.5468974709510803, 0.8312147259712219, 0.7069329023361206, 0.6086965203285217, 0.7451850771903992, 0.5624314546585083, 0.494857519865036, 0.17786233127117157, 0.18155650794506073, 0.3527505695819855, 0.20949582755565643, 0.1781468540430069, 0.3012847602367401, 0.5967155694961548, 0.6133434176445007, 0.17018410563468933, 0.2498832494020462, 0.4185457229614258, 0.25910311937332153, 0.23405669629573822, 0.29247868061065674, 0.3252536952495575, 0.4570477306842804], [0.0, 0.14533908665180206, 0.01127683650702238, 0.0027494316454976797, 0.012101459316909313, 0.0, 0.019217485561966896, 0.058589402586221695, 0.0, 0.0, 0.05803770571947098, 0.0, 1.5825395584106445, 0.4705551862716675, 0.16260185837745667, 0.41936230659484863, 0.06935781240463257, 0.08723311126232147, 0.09346618503332138, 0.044587790966033936, 0.15168806910514832, 0.0, 0.0, 0.1824318766593933, 0.05057574063539505, 0.0, 0.0005483658169396222, 0.06827571243047714, 9.572282791137695, 3.116407632827759, 0.6892843842506409, 9.90825080871582, 0.13897475600242615, 0.0, 0.0, 0.03473780304193497, 0.43596506118774414, 0.021050604060292244, 0.0, 0.030520204454660416, 0.07624892145395279, 0.0, 0.0, 0.13575509190559387, 7.605770587921143, 2.126384735107422, 2.021759033203125, 2.614039421081543, 0.0, 0.0002333799347979948, 0.045722492039203644, 0.0, 0.1104135513305664, 0.0, 0.0, 0.0, 0.004707124084234238, 6.7919963839813136e-06, 0.0, 0.00494876503944397, 0.0, 0.0024019598495215178, 6.5986400841211434e-06, 0.0, 0.0, 0.0, 0.04269471392035484, 0.020702766254544258, 0.0, 0.04496951773762703, 0.0, 0.0, 0.0, 0.0, 0.0, 0.051210690289735794, 0.0, 0.0010824267519637942, 0.0, 0.0, 0.0, 0.0, 0.0, 0.014997364021837711, 5.750625496148132e-05, 0.008800510317087173, 0.0, 0.0890834629535675, 0.0, 0.0, 0.0, 0.005409921053797007, 0.0, 0.0, 0.07777420431375504, 0.013134850189089775], [0.0, 0.0, 0.0, 0.0, 0.0, 0.0, 0.0, 0.0, 0.0, 0.0, 0.0, 0.0, 0.5998002290725708, 0.17389050126075745, 0.17964953184127808, 0.3540056347846985, 0.0, 0.0, 0.0, 0.0, 0.0, 0.0, 0.0, 0.0, 1.2314891364439973e-06, 0.0, 0.0, 0.0, 0.41765114665031433, 0.21775931119918823, 0.0, 4.049963474273682, 0.0, 0.0, 0.0, 0.008279592730104923, 0.24031127989292145, 0.019228806719183922, 0.0, 0.07527264207601547, 0.0, 0.0, 0.0, 0.0, 12.934932708740234, 2.3027350902557373, 3.2486319541931152, 7.629117012023926, 0.0, 0.0, 0.010863007046282291, 0.0, 0.0, 0.0, 0.0, 0.0, 0.0, 0.0, 0.0, 0.0, 0.0, 0.0, 0.0, 0.0, 0.0, 0.0, 0.0, 0.0, 0.0, 0.0, 0.0, 0.0, 0.0, 0.0, 0.0, 0.0, 0.0, 0.0, 0.0, 9.27001383388415e-06, 0.0, 0.0, 0.0, 0.0, 0.0, 0.0, 0.0, 0.0, 0.0, 0.016933508217334747, 0.0, 0.0, 0.0, 0.0015354105271399021, 0.0, 0.0]]
Time 1802.1109809875488
