Created graph
[-7.0, -5, -3.0]
[-6.0, -5, -4.0]
[-5.5, -5, -4.5]
[-5.25, -5, -4.75]
[-4.875, -4.75, -4.625]
[-4.8125, -4.75, -4.6875]
5000 3 25
Score: 108.27094
Signatures: [[1.6681439876556396, 1.616982102394104, 0.5505242347717285, 1.1430844068527222, 1.3845314979553223, 1.6122907400131226, 0.5488735437393188, 1.3285340070724487, 1.4655888080596924, 1.5695111751556396, 0.32241830229759216, 1.3048352003097534, 1.074636459350586, 1.8233097791671753, 0.47436919808387756, 1.586253046989441, 1.0317972898483276, 0.8415490984916687, 0.622892439365387, 1.0800235271453857, 0.8852693438529968, 1.0713847875595093, 0.731652557849884, 1.260249376296997, 0.5414109826087952, 0.8314502835273743, 0.40512320399284363, 0.8848248720169067, 1.1781913042068481, 1.1838523149490356, 0.596548855304718, 1.0811724662780762, 1.9342021942138672, 1.9190226793289185, 7.815179347991943, 1.6736501455307007, 2.0933594703674316, 1.881258487701416, 6.512450218200684, 2.460319757461548, 2.418062686920166, 2.836148977279663, 7.612410545349121, 2.150857925415039, 1.153850793838501, 3.0492706298828125, 4.4651360511779785, 1.9594439268112183, 0.4556198716163635, 0.8375100493431091, 0.6303009390830994, 0.4904344975948334, 0.23184432089328766, 0.9053139686584473, 0.9464455842971802, 0.7742404937744141, 0.287432461977005, 0.5356124043464661, 0.5615845322608948, 0.3764326572418213, 0.43574288487434387, 0.4827158451080322, 0.3541013300418854, 0.5204283595085144, 1.0610949993133545, 0.9533036947250366, 1.4858522415161133, 1.4305906295776367, 0.5279200673103333, 1.1726230382919312, 1.235418677330017, 1.212573766708374, 1.4675772190093994, 0.7409421801567078, 1.1671324968338013, 0.9247065782546997, 0.8270851969718933, 1.0084022283554077, 0.78864586353302, 0.6474864482879639, 0.24283967912197113, 0.24463415145874023, 0.4732155501842499, 0.2756682336330414, 0.23549620807170868, 0.3992500901222229, 0.8058963418006897, 0.8100321292877197, 0.2270956039428711, 0.31976842880249023, 0.5620536208152771, 0.3362440764904022, 0.3155851662158966, 0.38785216212272644, 0.41040194034576416, 0.6159827709197998], [0.02888316474854946, 0.36268946528434753, 0.07375678420066833, 0.1053963452577591, 0.1406722366809845, 0.0, 0.08996807783842087, 0.18657799065113068, 0.0, 0.0, 0.11956927925348282, 0.04892336577177048, 2.283313035964966, 0.7526857852935791, 0.22495286166667938, 0.626279890537262, 0.23328594863414764, 0.22125954926013947, 0.19993549585342407, 0.18162691593170166, 0.3252629041671753, 0.030385399237275124, 0.0024572755210101604, 0.44852280616760254, 0.10064324736595154, 0.07421668618917465, 0.03902358561754227, 0.20389558374881744, 14.145554542541504, 4.6568779945373535, 1.0539087057113647, 15.023772239685059, 0.34419217705726624, 0.023897120729088783, 0.0, 0.08880598843097687, 0.6071193814277649, 0.07890814542770386, 0.0, 0.06544464081525803, 0.23750446736812592, 0.0, 0.0, 0.41557416319847107, 11.481402397155762, 3.2289719581604004, 2.7161617279052734, 4.2638959884643555, 0.0, 0.052649013698101044, 0.051066186279058456, 0.0, 0.17578893899917603, 0.0, 0.002331674797460437, 0.0, 0.0350831001996994, 0.044456079602241516, 0.0272140484303236, 0.038130927830934525, 0.0013840434839949012, 0.03444095700979233, 0.031691744923591614, 2.8001219106954522e-05, 0.03212074562907219, 0.03541792184114456, 0.1600889414548874, 0.16538311541080475, 0.0, 0.16606320440769196, 0.013071484863758087, 0.044543176889419556, 0.0, 0.0006372836651280522, 0.0, 0.1683649867773056, 0.024625781923532486, 0.07300761342048645, 0.0008681831532157958, 0.0, 0.0, 0.004124578554183245, 0.01865929365158081, 0.051648154854774475, 0.017902253195643425, 0.05122252553701401, 0.0, 0.21301767230033875, 0.02182360365986824, 0.0, 0.015198841691017151, 0.04427528753876686, 0.023883884772658348, 0.0, 0.16371634602546692, 0.06195523589849472], [0.0, 0.0, 0.0, 0.0, 0.0, 0.0, 0.0, 0.0, 0.0, 0.0, 0.0, 0.019280971959233284, 1.1213678121566772, 0.44337958097457886, 0.34411561489105225, 0.7241039276123047, 0.0, 0.0, 0.0, 0.0, 0.0, 0.0, 0.0, 0.0, 0.03677928075194359, 0.0, 0.0, 0.0, 0.5423380136489868, 0.42611512541770935, 0.0, 5.686918258666992, 0.027612464502453804, 0.0, 0.3135749101638794, 0.13915005326271057, 0.6527069211006165, 0.18163034319877625, 0.4033735692501068, 0.3848247826099396, 0.10327190905809402, 0.029070433229207993, 0.003752768039703369, 0.0, 18.620885848999023, 3.7389254570007324, 5.590591907501221, 10.833168983459473, 0.0, 0.0, 0.10084780305624008, 0.0, 0.0, 0.0, 0.0, 0.0, 0.0004367118526715785, 0.0009483273606747389, 0.0, 0.0, 0.0, 0.0, 0.0, 0.0, 0.0, 0.0, 0.0, 0.0, 0.0, 0.0, 0.0, 0.0, 0.0, 2.5356654077768326e-05, 0.0, 0.0, 0.0, 0.0, 0.0, 0.05372481048107147, 0.0, 0.0, 0.0, 0.0, 0.0, 0.0, 0.0, 0.0, 0.0, 0.05231471732258797, 0.0, 0.0, 0.0, 0.031910452991724014, 0.0, 0.0]]
Time 1801.065640449524
