Created graph
[-7.0, -5, -3.0]
[-6.0, -5, -4.0]
[-5.5, -5, -4.5]
[-5.25, -5, -4.75]
[-4.875, -4.75, -4.625]
[-4.9375, -4.875, -4.8125]
5000 3 200
Score: 106.11303
Signatures: [[0.02837129682302475, 0.3605663776397705, 0.07633302360773087, 0.10073093324899673, 0.125700443983078, 0.0, 0.07077370584011078, 0.17195236682891846, 0.0, 0.0, 0.11395551264286041, 0.033777862787246704, 1.9746793508529663, 0.7049250602722168, 0.22515377402305603, 0.7163373231887817, 0.21266376972198486, 0.21509450674057007, 0.2107047438621521, 0.16566500067710876, 0.31891289353370667, 0.0329350009560585, 4.069225906278007e-05, 0.4238746166229248, 0.12214329093694687, 0.06311468780040741, 0.034911323338747025, 0.21310466527938843, 12.215055465698242, 4.2894134521484375, 0.9455338716506958, 12.869389533996582, 0.3406811058521271, 0.016937755048274994, 0.0, 0.13758906722068787, 0.663326621055603, 0.14088477194309235, 0.0, 0.1299101859331131, 0.23344750702381134, 0.0, 0.0, 0.3698175549507141, 10.759271621704102, 3.0682549476623535, 2.6976680755615234, 3.519558906555176, 0.0, 0.044577110558748245, 0.09624390304088593, 0.0, 0.18039965629577637, 0.0, 0.00032231982913799584, 0.0, 0.029973167926073074, 0.029223423451185226, 0.018208540976047516, 0.03730357810854912, 0.0, 0.034807149320840836, 0.019306696951389313, 0.00387817551381886, 0.0331234373152256, 0.03829022869467735, 0.15336598455905914, 0.13581904768943787, 0.0, 0.16341747343540192, 0.005901172291487455, 0.047763437032699585, 0.0, 0.0013709408231079578, 0.0, 0.15407878160476685, 0.027605291455984116, 0.06263519078493118, 0.0, 0.0, 0.0, 0.003504859982058406, 0.019073303788900375, 0.04969293624162674, 0.0180309247225523, 0.05377725884318352, 0.0, 0.2184475213289261, 0.018926696851849556, 0.0, 0.013000001199543476, 0.04509947821497917, 0.019683878868818283, 0.0, 0.16492782533168793, 0.06582468748092651], [0.0, 0.0, 0.0, 0.0, 0.0, 0.0, 0.0, 0.0, 0.0, 0.0, 0.0, 0.0, 1.391370415687561, 0.4256819188594818, 0.30429765582084656, 0.5817590355873108, 0.0, 0.0, 0.0, 0.0, 0.0, 0.0, 0.0, 0.0, 0.001116373809054494, 0.0, 0.0, 0.0, 2.856583595275879, 0.9046485424041748, 0.11936242133378983, 8.016822814941406, 0.0, 0.0, 0.04032052680850029, 0.04866558685898781, 0.5248738527297974, 0.06709638983011246, 0.1375090479850769, 0.21363812685012817, 0.03222201392054558, 0.0, 0.0, 0.0, 18.742576599121094, 3.6283140182495117, 5.149636745452881, 10.958939552307129, 0.0, 0.0, 0.04012347385287285, 0.0, 0.0, 0.0, 0.0, 0.0, 0.0, 0.0, 0.0, 0.0, 0.0, 0.0, 0.0, 0.0, 0.0, 0.0, 0.0, 0.0, 0.0, 0.0, 0.0, 0.0, 0.0, 0.0, 0.0, 0.0, 0.0, 0.0, 0.0, 0.02459769695997238, 0.0, 0.0, 0.0, 0.0, 0.0, 0.0, 0.0, 0.0, 0.0, 0.03705234453082085, 0.0, 0.0, 0.0, 0.015232567675411701, 0.0, 0.0], [1.5463242530822754, 1.5246353149414062, 0.5147830247879028, 1.0796964168548584, 1.304398536682129, 1.5094122886657715, 0.5240464210510254, 1.2508200407028198, 1.3599910736083984, 1.4528125524520874, 0.3059002161026001, 1.233750820159912, 1.0784943103790283, 1.7592772245407104, 0.4707454442977905, 1.5428909063339233, 0.9827465415000916, 0.7930541634559631, 0.5813103914260864, 1.0186941623687744, 0.8322160840034485, 1.0022200345993042, 0.6838800311088562, 1.1954386234283447, 0.5161721706390381, 0.7839986085891724, 0.38217365741729736, 0.8272324800491333, 1.0908578634262085, 1.1705557107925415, 0.5749281048774719, 1.4085869789123535, 1.8162784576416016, 1.794156551361084, 7.364679336547852, 1.583622932434082, 2.0224530696868896, 1.7912752628326416, 6.2019500732421875, 2.3607189655303955, 2.3050811290740967, 2.6665966510772705, 7.1516618728637695, 2.0358755588531494, 2.0555267333984375, 3.1333532333374023, 4.5478010177612305, 2.3994476795196533, 0.42102232575416565, 0.7852014899253845, 0.6023715138435364, 0.4587637782096863, 0.2144193798303604, 0.8534309267997742, 0.8912169933319092, 0.7210655212402344, 0.27328789234161377, 0.5096166133880615, 0.5340763330459595, 0.35545188188552856, 0.40648624300956726, 0.4494752585887909, 0.3362482190132141, 0.48318856954574585, 0.993584394454956, 0.8849808573722839, 1.3915470838546753, 1.3502223491668701, 0.4924837350845337, 1.0972038507461548, 1.1550441980361938, 1.1246798038482666, 1.3633829355239868, 0.6913629770278931, 1.0826555490493774, 0.8734253644943237, 0.7676547169685364, 0.9416583180427551, 0.7299778461456299, 0.6198354363441467, 0.22803685069084167, 0.22769781947135925, 0.4409439265727997, 0.259174108505249, 0.21926945447921753, 0.3717111051082611, 0.7549268007278442, 0.753122091293335, 0.2124803215265274, 0.3097826838493347, 0.5272083878517151, 0.31548163294792175, 0.29367679357528687, 0.3697679936885834, 0.3867117464542389, 0.5719202160835266]]
Time 2696.1633853912354
