Created graph
[-7.0, -5, -3.0]
[-6.0, -5, -4.0]
[-5.5, -5, -4.5]
[-5.25, -5, -4.75]
[-4.875, -4.75, -4.625]
[-4.9375, -4.875, -4.8125]
1000 3 10
Score: 107.28489
Signatures: [[1.3414688110351562, 1.3165086507797241, 0.44717541337013245, 0.931833803653717, 1.1229397058486938, 1.298690915107727, 0.44486814737319946, 1.080428957939148, 1.1755818128585815, 1.2619001865386963, 0.26045680046081543, 1.0604913234710693, 0.9377866983413696, 1.4972732067108154, 0.39476147294044495, 1.3161792755126953, 0.8424021005630493, 0.6841189861297607, 0.5077202320098877, 0.8798877000808716, 0.7219033241271973, 0.8656705021858215, 0.5818756818771362, 1.0268239974975586, 0.44111114740371704, 0.6792027950286865, 0.3308093845844269, 0.7158050537109375, 1.108153223991394, 1.0417712926864624, 0.49243590235710144, 1.2876627445220947, 1.5680259466171265, 1.5404173135757446, 6.309406757354736, 1.3646318912506104, 1.7235815525054932, 1.5257251262664795, 5.235184192657471, 2.0007846355438232, 1.9594646692276, 2.2866454124450684, 6.0969648361206055, 1.7423217296600342, 1.5908749103546143, 2.6329002380371094, 3.791149854660034, 1.9063868522644043, 0.3638654053211212, 0.6791437268257141, 0.5103524923324585, 0.3904687762260437, 0.1887703239917755, 0.7285566926002502, 0.7593467831611633, 0.6227148771286011, 0.23353330790996552, 0.4373910427093506, 0.45763030648231506, 0.3043724298477173, 0.34950390458106995, 0.39026132225990295, 0.2868219316005707, 0.4184824228286743, 0.85399329662323, 0.7663570642471313, 1.1888352632522583, 1.1516495943069458, 0.42108649015426636, 0.948753297328949, 0.9932006001472473, 0.9772510528564453, 1.1770179271697998, 0.5960886478424072, 0.9275400638580322, 0.7505002617835999, 0.6688743829727173, 0.8106231093406677, 0.628788948059082, 0.5241951942443848, 0.1925368309020996, 0.19730918109416962, 0.3824659287929535, 0.2212773561477661, 0.19130001962184906, 0.321810781955719, 0.6469182372093201, 0.657049834728241, 0.18319645524024963, 0.2592589855194092, 0.45511487126350403, 0.2716802954673767, 0.2560633718967438, 0.3124678134918213, 0.3336593210697174, 0.492426335811615], [0.0007082574884407222, 0.23200593888759613, 0.04234343022108078, 0.05554678291082382, 0.08174861967563629, 0.0, 0.05563224479556084, 0.12139638513326645, 0.0, 0.0, 0.08123961091041565, 0.023614589124917984, 1.6919499635696411, 0.5495996475219727, 0.16590310633182526, 0.454145222902298, 0.14943590760231018, 0.14429159462451935, 0.13639655709266663, 0.10867388546466827, 0.22037023305892944, 0.0032120244577527046, 0.0, 0.29549723863601685, 0.07960937917232513, 0.031234510242938995, 0.020366359502077103, 0.13670094311237335, 10.670026779174805, 3.472853422164917, 0.7741482257843018, 11.075593948364258, 0.23785914480686188, 0.001022735028527677, 0.0, 0.06381206214427948, 0.44724687933921814, 0.05065043643116951, 0.0, 0.04891745373606682, 0.16995498538017273, 0.0, 0.0, 0.2676166594028473, 8.30831241607666, 2.323132276535034, 2.028745412826538, 2.9755642414093018, 0.0, 0.02592627890408039, 0.04544601961970329, 0.0, 0.12708543241024017, 0.0, 0.0, 0.0, 0.02097061648964882, 0.02169913426041603, 0.011258667334914207, 0.02198956534266472, 0.0, 0.019544560462236404, 0.014333627186715603, 0.0, 0.014392592012882233, 0.01433383859694004, 0.10323260724544525, 0.093677818775177, 0.0, 0.10576897859573364, 0.0, 0.012637419626116753, 0.0, 0.0, 0.0, 0.10902751982212067, 0.012564228847622871, 0.040638167411088943, 0.0, 0.0, 0.0, 0.0, 0.005462599918246269, 0.03257116302847862, 0.009452850557863712, 0.029462827369570732, 0.0, 0.1362147331237793, 0.009895223192870617, 0.0, 0.001986659597605467, 0.026420047506690025, 0.011153673753142357, 0.0, 0.11159101873636246, 0.03795953840017319], [0.0, 0.0, 0.0, 0.0, 0.0, 0.0, 0.0, 0.0, 0.0, 0.0, 0.0, 0.0, 0.7730926871299744, 0.293335497379303, 0.24782831966876984, 0.5141103863716125, 0.0, 0.0, 0.0, 0.0, 0.0, 0.0, 0.0, 0.0, 0.011435169726610184, 0.0, 0.0, 0.0, 0.15314620733261108, 0.22033745050430298, 0.0, 4.143656253814697, 0.0008511491469107568, 0.0, 0.12510046362876892, 0.07608107477426529, 0.44348737597465515, 0.11267823725938797, 0.20438362658023834, 0.24248094856739044, 0.04358651861548424, 0.0008187113562598825, 0.0, 0.0, 14.154194831848145, 2.746018409729004, 4.071827411651611, 8.249629974365234, 0.0, 0.0, 0.057997722178697586, 0.0, 0.0, 0.0, 0.0, 0.0, 0.0, 0.0, 0.0, 0.0, 0.0, 0.0, 0.0, 0.0, 0.0, 0.0, 0.0, 0.0, 0.0, 0.0, 0.0, 0.0, 0.0, 0.0, 0.0, 0.0, 0.0, 0.0, 0.0, 0.030213354155421257, 0.0, 0.0, 0.0, 0.0, 0.0, 0.0, 0.0, 0.0, 0.0, 0.03638724982738495, 0.0, 0.0, 0.0, 0.020501159131526947, 0.0, 0.0]]
Time 2651.5838971138
