Created graph
[-7.0, -5, -3.0]
[-6.0, -5, -4.0]
[-5.5, -5, -4.5]
[-5.25, -5, -4.75]
[-5.125, -5, -4.875]
[-5.0625, -5, -4.9375]
10 3 100
Score: 107.24583
Signatures: [[1.2251325845718384, 1.2558073997497559, 0.4238645136356354, 0.8936846256256104, 1.0598324537277222, 1.1986501216888428, 0.42678266763687134, 1.0149677991867065, 1.0648107528686523, 1.1363381147384644, 0.2521190643310547, 0.9915364384651184, 1.032617449760437, 1.4891585111618042, 0.40387970209121704, 1.3382278680801392, 0.8243897557258606, 0.6534411311149597, 0.4866451323032379, 0.8362244367599487, 0.689100444316864, 0.7992179989814758, 0.5309360027313232, 0.9992233514785767, 0.4272960424423218, 0.6404984593391418, 0.311947762966156, 0.6874100565910339, 1.3200278282165527, 1.142324447631836, 0.48934194445610046, 1.8841716051101685, 1.487140417098999, 1.4087618589401245, 5.719338417053223, 1.2924726009368896, 1.7162163257598877, 1.4633574485778809, 4.8941569328308105, 1.940891981124878, 1.85585355758667, 2.1032278537750244, 5.572903156280518, 1.6600358486175537, 2.8556885719299316, 2.8264498710632324, 3.9918694496154785, 2.367774486541748, 0.3252606689929962, 0.6249996423721313, 0.49750658869743347, 0.3589911460876465, 0.17581740021705627, 0.6791911721229553, 0.7080034613609314, 0.568271279335022, 0.2267712652683258, 0.41232478618621826, 0.4302150309085846, 0.2886961102485657, 0.3167320489883423, 0.36214637756347656, 0.27170810103416443, 0.38215968012809753, 0.7843511700630188, 0.6952300071716309, 1.1141440868377686, 1.0822407007217407, 0.3827604055404663, 0.8916701078414917, 0.9028246998786926, 0.8896855711936951, 1.0651987791061401, 0.5469134449958801, 0.8312427997589111, 0.7069560289382935, 0.6087205410003662, 0.7452068328857422, 0.5624501705169678, 0.49487099051475525, 0.1778661459684372, 0.18156112730503082, 0.3527596890926361, 0.20949891209602356, 0.17815017700195312, 0.3012944757938385, 0.5967316031455994, 0.6133580803871155, 0.17018824815750122, 0.24988918006420135, 0.4185546934604645, 0.2591097950935364, 0.23406411707401276, 0.29248541593551636, 0.3252580165863037, 0.45705434679985046], [0.0, 0.1453527808189392, 0.011280054226517677, 0.002750038169324398, 0.012101027183234692, 0.0, 0.019217966124415398, 0.058593135327100754, 0.0, 0.0, 0.058042973279953, 0.0, 1.5826642513275146, 0.4705681800842285, 0.16261157393455505, 0.4194205403327942, 0.06936954706907272, 0.08724237978458405, 0.09348034113645554, 0.04459564387798309, 0.15171056985855103, 0.0, 0.0, 0.18245473504066467, 0.05058423802256584, 0.0, 0.00054898951202631, 0.06828798353672028, 9.572787284851074, 3.116617441177368, 0.6893436908721924, 9.908920288085938, 0.13898557424545288, 0.0, 0.0, 0.03474162891507149, 0.43600842356681824, 0.021057147532701492, 0.0, 0.030529487878084183, 0.07625981420278549, 0.0, 0.0, 0.13576263189315796, 7.606531620025635, 2.12660813331604, 2.022014617919922, 2.614400863647461, 0.0, 0.00023397343466058373, 0.045727942138910294, 0.0, 0.11042403429746628, 0.0, 0.0, 0.0, 0.004712618887424469, 6.817419034632621e-06, 0.0, 0.004953617230057716, 0.0, 0.0024041496217250824, 6.729450433340389e-06, 0.0, 0.0, 0.0, 0.04269661381840706, 0.020708151161670685, 0.0, 0.04497596621513367, 0.0, 0.0, 0.0, 0.0, 0.0, 0.051216769963502884, 0.0, 0.0010832976549863815, 0.0, 0.0, 0.0, 0.0, 0.0, 0.01499949861317873, 5.802484884043224e-05, 0.008801449090242386, 0.0, 0.08909262716770172, 0.0, 0.0, 0.0, 0.005412273574620485, 0.0, 0.0, 0.07778270542621613, 0.013139111921191216], [0.0, 0.0, 0.0, 0.0, 0.0, 0.0, 0.0, 0.0, 0.0, 0.0, 0.0, 0.0, 0.5998954176902771, 0.1739441305398941, 0.1796756535768509, 0.35402733087539673, 0.0, 0.0, 0.0, 0.0, 0.0, 0.0, 0.0, 0.0, 1.0978793625326944e-06, 0.0, 0.0, 0.0, 0.4179627299308777, 0.2178584337234497, 0.0, 4.0505690574646, 0.0, 0.0, 0.0, 0.0082805585116148, 0.24033324420452118, 0.01922908052802086, 0.0, 0.07527277618646622, 0.0, 0.0, 0.0, 0.0, 12.935957908630371, 2.3029634952545166, 3.248847246170044, 7.629775047302246, 0.0, 0.0, 0.010864579118788242, 0.0, 0.0, 0.0, 0.0, 0.0, 0.0, 0.0, 0.0, 0.0, 0.0, 0.0, 0.0, 0.0, 0.0, 0.0, 0.0, 0.0, 0.0, 0.0, 0.0, 0.0, 0.0, 0.0, 0.0, 0.0, 0.0, 0.0, 0.0, 9.31879458221374e-06, 0.0, 0.0, 0.0, 0.0, 0.0, 0.0, 0.0, 0.0, 0.0, 0.016936641186475754, 0.0, 0.0, 0.0, 0.0015366553561761975, 0.0, 0.0]]
Time 1802.1443943977356
