Created graph
[-7.0, -5, -3.0]
[-6.0, -5, -4.0]
[-5.5, -5, -4.5]
[-5.25, -5, -4.75]
[-5.125, -5, -4.875]
[-5.0625, -5, -4.9375]
1 3 5
Score: 107.250336
Signatures: [[1.2246642112731934, 1.2553117275238037, 0.4236952066421509, 0.8933295011520386, 1.0594059228897095, 1.1981844902038574, 0.426605761051178, 1.0145914554595947, 1.0644067525863647, 1.1359208822250366, 0.25200220942497253, 0.9911376237869263, 1.032166600227356, 1.488507866859436, 0.40368080139160156, 1.3376669883728027, 0.8240525722503662, 0.6531574130058289, 0.48644548654556274, 0.8358852863311768, 0.6888177990913391, 0.7988923192024231, 0.53070467710495, 0.9987969398498535, 0.4271126687526703, 0.6402449011802673, 0.3118264973163605, 0.6871185302734375, 1.319200873374939, 1.1417701244354248, 0.489100843667984, 1.8829147815704346, 1.4865370988845825, 1.4082059860229492, 5.717067241668701, 1.2919656038284302, 1.715480923652649, 1.4627681970596313, 4.892092704772949, 1.9400779008865356, 1.855087161064148, 2.1024181842803955, 5.570649147033691, 1.6593375205993652, 2.8535163402557373, 2.8252112865448, 3.9900522232055664, 2.3664677143096924, 0.3251369893550873, 0.6247510313987732, 0.49730193614959717, 0.3588412404060364, 0.17574186623096466, 0.6789183616638184, 0.7077110409736633, 0.5680532455444336, 0.22667767107486725, 0.4121605157852173, 0.43004435300827026, 0.2885758876800537, 0.31660550832748413, 0.36200347542762756, 0.27159619331359863, 0.3820096552371979, 0.7840314507484436, 0.6949583888053894, 1.1136579513549805, 1.0817813873291016, 0.3826077878475189, 0.8913207054138184, 0.9024673104286194, 0.8893353343009949, 1.0648003816604614, 0.546698272228241, 0.8309146165847778, 0.7066662907600403, 0.6085000038146973, 0.7449063062667847, 0.5622345209121704, 0.4946659505367279, 0.17778916656970978, 0.1814889758825302, 0.35262221097946167, 0.2094039022922516, 0.1780782788991928, 0.3011685311794281, 0.5964952707290649, 0.6131033897399902, 0.17011679708957672, 0.249790757894516, 0.4183897376060486, 0.2590008080005646, 0.2339751422405243, 0.2923654615879059, 0.3251190185546875, 0.45685437321662903], [0.0, 0.14525067806243896, 0.011268947273492813, 0.002743429271504283, 0.012089002877473831, 0.0, 0.019207512959837914, 0.05855588987469673, 0.0, 0.0, 0.05800902843475342, 0.0, 1.581688642501831, 0.4703463912010193, 0.16249588131904602, 0.41917234659194946, 0.06932319700717926, 0.08719538152217865, 0.09341619163751602, 0.04456568881869316, 0.151607945561409, 0.0, 0.0, 0.182334303855896, 0.05055539682507515, 0.0, 0.000546737399417907, 0.06825500726699829, 9.567643165588379, 3.1149070262908936, 0.6888816356658936, 9.902594566345215, 0.13888520002365112, 0.0, 0.0, 0.034717511385679245, 0.4356623888015747, 0.02104099467396736, 0.0, 0.030514320358633995, 0.07620729506015778, 0.0, 0.0, 0.1356840431690216, 7.599758148193359, 2.1249306201934814, 2.020122766494751, 2.6114230155944824, 0.0, 0.00023082060215529054, 0.045696426182985306, 0.0, 0.11034765839576721, 0.0, 0.0, 0.0, 0.0047118342481553555, 6.370266874000663e-06, 0.0, 0.004948959685862064, 0.0, 0.0023986396845430136, 6.871945515740663e-06, 0.0, 0.0, 0.0, 0.04267944023013115, 0.020688265562057495, 0.0, 0.04493458569049835, 0.0, 0.0, 0.0, 0.0, 0.0, 0.05118165537714958, 0.0, 0.001078414381481707, 0.0, 0.0, 0.0, 0.0, 0.0, 0.014989127404987812, 5.7149678468704224e-05, 0.008793647401034832, 0.0, 0.0890306606888771, 0.0, 0.0, 0.0, 0.005408924072980881, 0.0, 0.0, 0.07773025333881378, 0.01313229463994503], [0.0, 0.0, 0.0, 0.0, 0.0, 0.0, 0.0, 0.0, 0.0, 0.0, 0.0, 0.0, 0.5992507934570312, 0.17369194328784943, 0.1795678436756134, 0.3537309765815735, 0.0, 0.0, 0.0, 0.0, 0.0, 0.0, 0.0, 0.0, 5.983060873404611e-07, 0.0, 0.0, 0.0, 0.41591376066207886, 0.2170463651418686, 0.0, 4.046839237213135, 0.0, 0.0, 0.0, 0.008251970633864403, 0.24018234014511108, 0.019192760810256004, 0.0, 0.07520951330661774, 0.0, 0.0, 0.0, 0.0, 12.929341316223145, 2.3014793395996094, 3.2471914291381836, 7.625857830047607, 0.0, 0.0, 0.010849920101463795, 0.0, 0.0, 0.0, 0.0, 0.0, 0.0, 0.0, 0.0, 0.0, 0.0, 0.0, 0.0, 0.0, 0.0, 0.0, 0.0, 0.0, 0.0, 0.0, 0.0, 0.0, 0.0, 0.0, 0.0, 0.0, 0.0, 0.0, 0.0, 8.491030712320935e-06, 0.0, 0.0, 0.0, 0.0, 0.0, 0.0, 0.0, 0.0, 0.0, 0.016917448490858078, 0.0, 0.0, 0.0, 0.001532791880890727, 0.0, 0.0]]
Time 2744.3859984874725
