Created graph
[-7.0, -5, -3.0]
[-6.0, -5, -4.0]
[-5.5, -5, -4.5]
[-5.25, -5, -4.75]
[-4.875, -4.75, -4.625]
[-4.6875, -4.625, -4.5625]
100 3 250
Score: 110.87634
Signatures: [[1.3226938247680664, 1.2249404191970825, 0.420011043548584, 0.8754242062568665, 1.061869740486145, 1.2658307552337646, 0.4141181409358978, 1.0464351177215576, 1.1857075691223145, 1.2726325988769531, 0.23809368908405304, 0.992366373538971, 0.7246661186218262, 1.3327116966247559, 0.3384002447128296, 1.1527239084243774, 0.7841664552688599, 0.6348395347595215, 0.47939780354499817, 0.8273854851722717, 0.6747434735298157, 0.8280539512634277, 0.5581938624382019, 0.9474983215332031, 0.4049242436885834, 0.6298619508743286, 0.3131183385848999, 0.6663829684257507, 0.45343154668807983, 0.7345163822174072, 0.41431277990341187, 0.1104351207613945, 1.4932550191879272, 1.5128378868103027, 6.1115217208862305, 1.307694673538208, 1.562366247177124, 1.4295120239257812, 4.975837707519531, 1.8709864616394043, 1.8614063262939453, 2.2385568618774414, 5.960669040679932, 1.6380373239517212, 0.0, 2.1320693492889404, 3.187927722930908, 1.1446775197982788, 0.3721122741699219, 0.6597352027893066, 0.47211939096450806, 0.3840116560459137, 0.1766672283411026, 0.7025988698005676, 0.7247641682624817, 0.623221218585968, 0.2132144421339035, 0.4119555354118347, 0.4303320348262787, 0.28498244285583496, 0.3453994691371918, 0.37685179710388184, 0.2651374042034149, 0.4131428003311157, 0.8293969035148621, 0.7521653175354004, 1.1320676803588867, 1.0880546569824219, 0.42350339889526367, 0.9219292998313904, 0.9728968143463135, 0.9459855556488037, 1.1929620504379272, 0.5816314816474915, 0.9476729035377502, 0.7214174866676331, 0.6669051051139832, 0.7933799028396606, 0.6313686966896057, 0.49669021368026733, 0.1857559084892273, 0.18863019347190857, 0.36668285727500916, 0.20737506449222565, 0.18172335624694824, 0.30719202756881714, 0.6263771057128906, 0.6204884648323059, 0.17216214537620544, 0.24345237016677856, 0.43368831276893616, 0.25368407368659973, 0.25303682684898376, 0.2984713613986969, 0.30765387415885925, 0.46716874837875366], [0.07980691641569138, 0.3389667272567749, 0.0823744609951973, 0.12130122631788254, 0.16434456408023834, 0.034879785031080246, 0.09301705658435822, 0.18011830747127533, 0.014788953587412834, 0.04073755443096161, 0.09966302663087845, 0.09169357270002365, 1.5694022178649902, 0.5714343786239624, 0.14466242492198944, 0.4716092050075531, 0.21627849340438843, 0.19755205512046814, 0.16691157221794128, 0.1802312135696411, 0.2706886827945709, 0.07423240691423416, 0.03662499785423279, 0.3819231390953064, 0.08626166731119156, 0.1020858883857727, 0.048330020159482956, 0.1960759311914444, 10.30986499786377, 3.3746135234832764, 0.7655477523803711, 10.596635818481445, 0.25506630539894104, 0.07836590707302094, 0.0, 0.06815070658922195, 0.3994849920272827, 0.05820576846599579, 0.0, 0.048854369670152664, 0.18533611297607422, 0.0, 0.0, 0.3911377489566803, 7.227993965148926, 2.1472949981689453, 1.493690013885498, 2.48287034034729, 0.0, 0.06383006274700165, 0.030437670648097992, 0.005244340747594833, 0.13060428202152252, 0.013046985492110252, 0.04144694656133652, 0.0, 0.03787234053015709, 0.05034907907247543, 0.04285084083676338, 0.04534100368618965, 0.016986358910799026, 0.04141036421060562, 0.04992612823843956, 0.019784219563007355, 0.05773497000336647, 0.057788703590631485, 0.1708991825580597, 0.1829056590795517, 0.0, 0.1559920459985733, 0.050617873668670654, 0.08948215842247009, 0.00035330935497768223, 0.01103009469807148, 0.0, 0.15351229906082153, 0.03755088895559311, 0.08934876322746277, 0.023375749588012695, 0.0, 0.0024704462848603725, 0.015186453238129616, 0.03754761442542076, 0.04969578608870506, 0.023351391777396202, 0.05307667702436447, 0.02495027333498001, 0.19208739697933197, 0.030535021796822548, 0.0, 0.03463347256183624, 0.050475575029850006, 0.02750963158905506, 0.0, 0.13444718718528748, 0.06832022964954376], [0.0, 0.0, 0.0, 0.0, 0.0, 0.0, 0.0, 0.00028067026869393885, 0.0, 0.0, 0.0, 0.038607221096754074, 0.8370180130004883, 0.36065301299095154, 0.2778114676475525, 0.573592483997345, 0.0, 0.0, 0.0, 0.0, 0.0, 0.0, 0.0, 0.0, 0.039765194058418274, 0.0, 0.0, 0.0, 0.0, 0.16921818256378174, 0.0, 3.736710786819458, 0.09147951006889343, 0.0, 0.6169745922088623, 0.16421592235565186, 0.584758460521698, 0.2232968807220459, 0.634614884853363, 0.3937731087207794, 0.1639380306005478, 0.13175471127033234, 0.33881789445877075, 0.001746959867887199, 13.914783477783203, 2.839646577835083, 4.534921646118164, 8.072514533996582, 0.0, 0.003222099505364895, 0.1130407527089119, 0.0, 0.0, 0.015847962349653244, 0.0, 0.0, 0.007398597430437803, 0.008778340183198452, 0.0027265262324362993, 7.559265213785693e-05, 0.0, 0.0, 0.0, 0.0, 0.0, 0.0, 0.0, 0.0, 0.0, 0.0, 0.0, 0.0, 0.0, 0.024585936218500137, 0.0, 0.0, 0.0, 0.0, 0.0, 0.06669578701257706, 0.004595658276230097, 0.0, 0.0, 0.0, 0.0, 0.0, 0.0, 0.0, 0.0, 0.050741180777549744, 0.0, 0.0, 0.0, 0.04143604636192322, 0.0, 0.0]]
Time 4096.717915296555
