Mutation Type	PD3851a	PD3890a	PD3904a	PD3905a	PD3945a	PD3989a	PD4005a	PD4006a	PD4069a	PD4072a	PD4080a	PD4085a	PD4086a	PD4088a	PD4103a	PD4107a	PD4109a	PD4115a	PD4116a	PD4120a	PD4192a	PD4194a	PD4198a	PD4199a	PD4224a	PD4225a	PD4248a	PD4255a	PD4261a	PD4266a	PD4267a	PD4315a	PD4604a	PD4605a	PD4606a	PD4607a	PD4608a	PD4613a	PD4826a	PD4833a	PD4836a	PD4841a	PD4847a	PD4951a	PD4952a	PD4953a	PD4954a	PD4955a	PD4957a	PD4958a	PD4959a	PD4962a	PD4963a	PD4965a	PD4966a	PD4967a	PD4968a	PD4970a	PD4971a	PD4972a	PD4975a	PD4976a	PD4980a	PD4981a	PD4982a	PD4983a	PD4985a	PD4986a	PD5928a	PD5934a	PD5935a	PD5936a	PD5942a	PD5944a	PD5947a	PD5951a	PD5956a	PD6018a	PD6041a	PD6042a	PD6043a	PD6044a	PD6045a	PD6046a	PD6049a	PD6409a	PD6410a	PD6411a	PD6413a	PD6417a	PD6418a	PD6422a	PD6466b	PD6719a	PD6720a	PD6721a	PD6722a	PD7199a	PD7201a	PD7207a	PD7208a	PD7209a	PD7210a	PD7212a	PD7214a	PD7215a	PD7216a	PD7217a	PD7218a	PD7219a	PD7221a	PD7321a	PD7404a	PD7409a	PD7431a	PD7433a	PD8618a	PD8622a	PD8623a
A[C>A]A	29	99	114	88	235	19	67	186	56	56	25	56	25	32	106	204	115	219	122	114	39	24	46	45	46	48	44	120	37	39	40	76	91	18	32	36	34	10	61	147	65	149	270	74	235	154	62	147	25	77	52	81	22	60	12	36	20	19	31	10	126	49	129	47	26	9	11	17	82	297	158	21	123	53	15	62	122	42	9	84	277	10	13	74	110	177	116	151	98	7	12	37	8	66	14	17	103	6	7	21	22	14	12	13	27	117	21	166	49	50	10	105	156	163	17	12	17	9	11
A[C>A]C	30	83	106	66	155	25	61	159	20	33	23	49	18	16	47	170	124	164	130	39	36	19	64	31	26	27	34	59	30	15	35	47	141	34	17	37	31	13	28	124	67	106	166	52	197	101	88	114	47	135	72	62	14	45	11	45	58	29	33	9	107	58	80	30	30	7	17	17	126	256	144	45	85	43	24	56	89	36	17	93	234	26	16	39	102	96	102	114	76	22	23	64	15	84	23	19	78	17	8	25	38	21	19	29	20	111	25	145	30	29	14	72	153	87	35	30	12	9	14
A[C>A]G	7	5	10	8	20	6	9	25	3	2	3	6	7	3	4	31	10	17	13	7	12	2	8	10	7	9	4	12	2	4	4	7	12	8	5	5	0	1	4	21	11	18	24	5	29	20	12	13	9	18	6	5	5	7	2	5	3	3	7	1	11	12	8	5	9	5	8	2	19	27	21	6	10	3	3	18	11	5	3	13	25	4	1	5	18	14	15	16	11	3	2	13	2	12	4	6	15	6	2	3	5	4	3	1	3	9	5	22	6	1	3	5	24	16	7	8	3	1	3
A[C>A]T	18	83	103	64	151	19	62	187	22	21	11	43	21	24	44	170	93	153	139	46	38	10	43	30	37	12	30	41	24	15	19	46	123	20	17	33	19	16	32	110	60	109	131	33	172	112	74	108	43	139	57	54	20	34	12	26	33	20	41	17	103	53	51	16	10	11	13	15	114	254	124	30	52	25	10	30	84	27	16	74	234	16	19	37	122	124	88	114	75	20	24	48	13	86	20	18	57	12	16	22	16	13	20	17	24	85	9	125	25	29	16	78	135	98	20	10	16	17	16
A[C>G]A	12	88	50	61	128	10	55	157	10	67	8	12	12	11	27	124	93	122	100	155	51	6	34	22	20	15	18	28	17	16	13	24	96	19	13	46	17	13	26	103	45	76	112	27	155	83	79	51	31	87	57	18	10	19	10	28	23	17	25	8	128	62	43	12	10	18	15	14	95	193	156	18	97	23	14	15	14	19	9	72	154	17	13	21	100	78	111	122	58	12	13	47	12	77	15	19	60	6	7	11	16	9	11	11	15	56	7	119	3	37	19	88	159	81	17	12	8	12	7
A[C>G]C	13	44	42	35	77	5	31	93	6	20	8	17	10	9	26	83	71	67	70	51	24	3	25	18	6	8	15	27	13	9	6	19	67	14	8	29	15	8	25	71	23	49	59	26	64	67	47	45	13	62	43	17	13	9	6	21	15	14	8	7	71	33	19	11	6	8	10	17	52	107	93	11	54	14	4	16	17	12	10	40	84	13	6	17	56	40	49	47	28	7	9	27	10	40	16	20	32	6	3	16	15	10	6	7	7	43	7	61	6	19	12	39	108	44	24	11	13	17	17
A[C>G]G	7	15	17	13	17	3	14	46	4	6	4	4	0	1	6	49	22	19	15	14	19	0	6	2	1	1	3	17	5	2	4	8	17	4	3	9	0	0	3	34	21	42	29	5	30	14	10	13	9	20	10	6	1	6	0	9	1	4	7	0	23	11	9	2	1	8	5	4	15	60	54	1	18	3	2	5	3	10	2	23	28	3	1	3	10	15	24	38	12	2	1	8	3	6	0	3	16	3	5	4	4	4	2	4	6	12	6	53	3	8	1	22	54	34	10	3	1	3	3
A[C>G]T	10	94	59	66	115	11	77	153	12	58	9	22	20	14	30	113	102	129	101	147	36	7	29	23	21	10	29	50	12	16	17	27	98	17	14	62	17	5	26	112	47	78	97	34	148	106	86	60	30	105	48	34	4	14	10	21	17	16	22	9	114	53	36	16	6	14	15	20	75	209	163	17	93	15	11	28	19	23	14	97	179	17	15	16	102	96	102	128	64	5	10	38	8	95	13	15	63	7	6	16	12	7	7	17	9	45	5	107	10	38	6	66	203	92	19	8	8	13	11
A[C>T]A	38	90	122	57	166	39	56	161	32	143	33	60	23	43	95	181	159	174	121	302	47	20	70	36	64	45	50	85	31	32	38	61	133	56	24	150	41	31	49	143	111	132	234	48	257	127	113	127	53	141	83	49	44	67	25	50	76	54	54	25	121	101	76	40	29	47	49	51	128	207	147	41	150	56	30	59	89	61	30	94	247	49	39	65	123	88	109	94	77	28	34	89	18	93	42	44	92	30	31	79	29	40	33	33	34	117	21	122	24	78	41	84	152	99	60	46	23	39	39
A[C>T]C	14	55	52	32	79	34	48	77	15	40	16	28	17	15	50	65	83	85	61	100	33	18	27	28	32	22	20	36	16	26	23	26	62	28	26	46	22	21	24	68	53	64	127	31	125	58	52	60	32	91	47	24	26	41	16	31	51	34	40	10	61	65	35	21	20	20	17	24	54	101	81	43	47	26	17	40	42	25	15	65	112	26	23	44	56	41	57	56	33	19	38	64	12	55	28	28	42	17	23	37	13	22	21	29	23	63	19	66	15	35	27	50	57	58	33	35	16	21	23
A[C>T]G	61	81	72	63	120	112	84	122	106	59	57	104	47	106	193	123	247	150	55	144	92	58	162	89	77	144	58	148	94	71	99	112	139	157	61	103	121	45	115	96	116	156	247	59	246	94	104	100	73	121	104	66	101	125	56	85	199	105	148	47	119	284	116	109	96	72	91	70	128	159	157	113	196	102	86	213	125	112	83	106	88	117	65	140	115	70	102	88	83	104	89	126	72	106	86	118	72	77	92	149	72	99	87	115	57	107	81	149	89	83	108	97	283	174	140	140	69	82	62
A[C>T]T	19	71	95	51	167	22	73	166	37	48	20	26	21	27	57	169	109	144	93	135	32	10	46	35	34	23	21	64	33	32	30	42	129	38	20	63	24	17	32	96	86	85	179	43	200	108	68	103	36	95	61	38	19	41	13	30	65	30	41	13	108	66	65	21	21	34	33	32	98	214	148	37	82	33	16	46	71	40	14	91	217	40	20	59	105	72	69	124	64	20	35	68	15	58	18	26	71	7	16	44	26	20	22	24	23	61	8	99	17	45	26	76	93	76	32	27	22	17	22
A[T>A]A	12	46	38	38	127	11	25	54	16	39	12	19	13	11	25	63	66	76	88	79	29	9	60	10	12	29	19	42	19	20	25	38	32	8	15	21	19	8	27	48	30	80	133	36	116	71	31	57	6	46	21	32	2	21	6	27	10	12	13	3	77	25	33	18	11	10	1	15	28	95	84	11	50	30	7	50	52	33	10	29	104	13	13	22	54	51	46	73	36	8	7	20	5	24	13	11	34	2	4	7	10	5	8	8	19	40	17	77	12	37	8	48	106	84	15	4	3	5	7
A[T>A]C	17	33	29	28	85	16	36	63	10	24	16	29	18	9	32	64	60	73	60	51	30	13	33	26	19	24	19	23	28	9	12	28	79	24	22	25	29	7	39	38	27	59	66	29	82	72	39	53	19	62	37	30	13	26	15	14	38	36	24	11	60	27	26	14	23	15	18	15	62	90	54	31	37	24	10	30	35	25	13	46	98	30	17	26	51	45	42	57	25	8	17	33	18	45	17	28	32	13	13	15	16	20	16	18	18	61	20	53	18	21	14	36	97	47	22	17	9	21	9
A[T>A]G	19	32	48	38	142	12	32	95	11	25	16	26	12	9	27	87	59	94	59	34	27	8	32	18	20	17	17	26	27	19	21	17	63	16	15	20	20	3	28	58	29	79	85	27	108	78	31	48	27	79	42	29	10	32	12	30	41	17	17	8	69	23	28	24	15	19	21	9	66	119	83	15	41	27	9	24	48	13	14	58	81	28	13	17	51	40	70	91	36	18	23	28	16	42	16	15	52	13	14	18	22	8	5	15	19	46	9	80	14	18	19	43	84	46	28	17	7	13	19
A[T>A]T	24	44	60	54	174	28	31	116	36	23	18	37	18	12	48	117	167	137	92	40	38	11	75	23	21	31	38	85	30	19	29	45	123	18	10	41	25	9	72	68	69	102	224	41	174	92	47	83	30	102	75	72	17	28	14	32	51	23	37	20	104	77	63	33	22	20	26	17	89	129	113	33	78	56	20	45	57	53	24	68	158	40	28	58	90	82	83	102	51	16	16	67	28	60	25	29	55	16	13	29	19	17	13	24	23	82	32	92	19	46	18	42	153	106	36	23	18	23	24
A[T>C]A	27	77	97	50	195	34	68	119	35	49	40	53	36	17	68	164	176	165	129	60	42	22	89	23	59	36	51	88	57	47	41	52	160	47	31	49	54	26	62	114	97	121	269	44	196	134	93	94	75	181	76	49	25	60	32	63	90	65	62	20	116	133	79	31	39	47	51	52	98	159	172	78	105	46	28	77	74	84	51	118	150	59	49	43	117	74	134	116	66	37	54	79	33	93	49	41	62	24	34	36	33	32	30	46	41	78	32	173	30	58	31	82	168	130	49	47	47	38	51
A[T>C]C	19	40	36	29	60	9	33	98	16	18	16	21	16	8	27	91	72	80	66	15	19	10	25	20	13	16	19	46	23	14	17	16	61	19	14	23	21	6	32	57	37	71	95	30	86	45	38	48	18	65	30	20	15	29	9	20	34	13	19	11	61	30	38	11	14	20	16	12	48	142	88	27	33	20	11	29	24	22	15	51	78	31	10	23	49	41	58	51	43	15	20	31	9	41	14	19	24	3	13	21	15	9	16	12	18	43	11	67	16	16	12	49	78	47	15	14	26	18	9
A[T>C]G	20	64	50	49	124	34	54	102	14	25	27	33	29	15	47	112	114	113	92	40	36	13	46	28	31	29	24	48	50	29	30	38	88	30	23	37	25	21	50	80	65	93	185	37	136	78	65	64	39	107	58	30	22	44	20	23	44	32	36	25	84	56	49	31	28	35	35	22	66	140	122	36	84	37	10	42	44	38	35	80	103	42	33	49	83	61	103	66	53	19	33	58	25	69	35	26	52	22	28	38	31	17	22	25	27	79	27	135	25	30	25	78	102	68	39	34	31	23	28
A[T>C]T	36	96	69	68	199	40	83	148	32	36	36	56	38	27	66	176	155	199	108	55	48	14	57	30	45	32	33	80	47	31	35	52	155	68	38	46	45	24	44	112	81	151	197	62	195	117	98	90	57	141	90	52	33	70	27	48	85	71	52	34	120	107	67	32	39	51	41	51	112	200	185	61	88	58	25	61	56	68	46	118	153	60	32	62	117	86	140	97	64	34	55	92	29	114	40	48	71	18	37	53	36	25	38	41	48	79	25	168	28	46	34	103	177	100	42	41	56	37	38
A[T>G]A	9	29	23	23	52	11	13	50	5	22	6	12	9	3	22	50	44	50	29	18	18	2	50	5	9	9	6	12	11	7	8	18	49	10	7	8	13	7	15	40	35	31	52	10	41	36	27	28	13	38	25	9	4	17	3	7	16	15	9	3	24	37	12	10	8	12	16	7	29	55	72	15	22	8	17	9	15	6	8	28	49	19	8	9	32	34	37	47	23	5	6	20	6	30	12	6	16	5	6	8	10	3	2	12	6	18	6	60	6	7	7	22	61	25	15	7	1	8	11
A[T>G]C	4	16	10	7	26	7	7	19	3	5	4	8	4	1	6	23	18	17	22	13	20	1	22	6	5	5	5	14	3	2	7	11	25	8	3	2	5	7	9	15	11	11	17	7	43	17	11	7	7	12	4	7	2	7	3	7	7	9	6	2	12	21	9	9	4	6	3	7	18	39	22	8	10	7	9	6	8	9	6	11	24	11	3	5	16	11	19	18	4	9	4	13	2	9	6	7	11	3	7	9	4	4	6	6	5	9	6	28	3	8	1	8	31	9	8	3	3	9	4
A[T>G]G	5	33	27	38	69	9	30	86	5	9	3	6	10	5	9	66	43	65	44	13	21	1	11	3	9	6	7	15	4	9	11	12	77	9	9	9	13	7	12	65	23	46	32	17	72	36	38	39	20	42	24	18	4	13	3	10	7	7	18	8	57	24	21	10	8	8	9	12	49	101	73	13	24	5	7	17	15	17	3	36	71	9	7	10	36	53	50	62	41	7	6	11	5	34	12	2	36	0	7	10	9	3	1	7	7	30	7	44	4	12	2	34	57	29	10	4	5	6	8
A[T>G]T	8	49	22	32	57	12	29	43	7	6	5	8	10	5	24	44	41	45	38	21	24	5	20	2	12	6	21	33	3	10	8	20	47	15	3	20	13	5	22	39	25	46	96	12	70	44	40	26	19	34	29	13	8	21	5	12	16	12	14	3	35	29	25	9	1	8	17	16	35	67	54	19	48	18	4	19	10	10	6	28	48	17	5	18	42	44	30	55	30	14	9	25	5	35	11	8	25	6	8	7	12	3	3	12	11	24	10	54	6	12	9	28	86	48	18	9	6	8	17
C[C>A]A	21	102	98	81	195	21	63	171	35	53	14	34	27	37	60	175	132	180	162	111	41	10	54	35	34	21	34	98	22	24	23	79	150	13	17	46	21	16	47	109	79	108	227	61	198	126	93	107	53	181	76	47	37	52	9	36	40	18	37	16	103	92	114	31	17	14	25	25	119	267	174	32	92	36	18	37	117	37	21	111	252	27	17	78	123	129	146	138	81	9	23	78	14	93	12	19	92	16	19	21	24	21	14	28	23	91	24	139	30	50	14	75	177	126	50	16	14	32	28
C[C>A]C	19	62	68	52	165	20	72	145	16	27	8	33	15	12	28	164	80	134	154	63	23	5	39	26	18	16	18	37	15	10	17	31	179	20	8	24	19	5	24	88	50	92	134	48	189	108	91	106	45	175	69	43	6	17	12	22	25	21	27	6	108	66	43	19	13	11	15	23	102	199	141	26	63	28	9	31	83	19	9	93	171	19	18	39	120	91	134	103	61	11	22	52	13	82	18	19	62	5	8	17	16	11	9	11	16	74	10	126	11	27	11	85	128	73	21	14	16	16	20
C[C>A]G	5	6	7	15	17	2	5	24	6	4	3	3	1	3	11	23	13	12	24	16	12	3	4	6	5	3	5	22	2	1	3	11	13	5	2	6	4	2	5	21	11	24	31	5	30	12	16	12	6	17	7	8	4	3	1	2	10	2	7	2	24	14	9	3	1	2	3	5	13	24	25	4	21	6	0	16	6	8	3	13	14	0	3	9	16	20	12	8	8	4	1	17	2	6	4	3	13	1	3	3	8	5	7	5	0	8	4	27	4	7	4	16	17	22	9	6	2	6	5
C[C>A]T	23	59	81	60	177	15	45	148	26	26	13	21	19	24	63	187	109	149	120	72	19	7	38	27	20	12	28	64	17	20	21	51	211	19	11	30	19	11	47	98	60	107	229	39	208	109	83	103	46	162	77	69	28	22	12	26	51	31	31	10	75	91	74	14	19	18	19	29	108	218	108	20	60	24	11	29	70	16	28	93	239	15	19	52	134	96	122	96	79	10	23	86	13	78	20	24	63	7	10	19	15	13	19	14	13	83	15	89	19	20	12	83	142	88	32	23	14	26	22
C[C>G]A	11	58	55	42	104	12	52	97	5	74	5	8	9	8	27	91	67	96	75	206	36	4	18	18	16	3	10	41	10	9	6	23	104	12	8	51	8	12	13	75	38	63	55	25	117	86	74	52	25	85	26	26	4	18	5	19	10	13	17	6	81	38	25	3	8	10	7	8	71	135	116	9	37	5	7	18	23	17	11	48	127	19	8	16	81	62	74	67	39	13	15	20	6	44	7	8	59	9	8	7	8	10	7	10	8	48	6	93	8	38	10	67	97	48	18	8	4	14	14
C[C>G]C	5	46	41	29	86	16	45	71	8	21	5	14	6	7	22	79	43	93	63	45	22	3	16	13	10	4	13	15	6	13	6	19	100	15	5	15	7	5	12	66	32	57	54	25	90	67	44	51	28	84	37	20	6	15	5	10	15	14	9	7	79	24	22	5	8	6	12	12	59	103	103	8	42	14	11	22	22	8	8	37	88	13	5	17	65	45	60	63	36	10	14	16	8	46	8	8	33	9	8	15	11	5	7	13	7	52	8	101	2	18	5	51	69	31	15	13	10	9	13
C[C>G]G	4	7	16	6	13	4	11	34	6	3	5	1	5	0	9	31	21	20	17	25	21	5	8	3	2	7	6	19	6	5	2	7	16	4	5	1	9	1	8	19	19	32	28	3	22	12	18	15	3	20	6	7	2	5	1	2	8	6	1	2	31	12	13	5	2	4	4	2	16	37	51	4	19	14	4	17	4	15	2	8	16	2	2	11	18	28	13	24	10	3	5	8	5	8	4	0	21	3	6	5	3	2	0	4	7	11	7	60	4	11	1	28	51	29	14	1	2	5	6
C[C>G]T	7	88	82	42	136	9	63	128	6	99	4	13	16	18	36	114	106	144	93	225	38	15	28	33	24	14	17	26	13	13	16	25	124	19	11	67	15	5	20	121	62	94	75	28	168	113	65	70	31	100	52	41	7	15	6	23	26	16	23	5	116	50	31	6	5	15	14	17	75	132	156	14	72	21	16	23	22	31	10	68	158	20	8	19	89	73	92	141	66	12	9	35	5	80	16	20	108	5	12	14	19	13	3	13	17	47	12	139	7	43	11	86	132	64	28	13	3	19	18
C[C>T]A	39	66	89	55	119	39	56	94	45	245	26	39	19	20	86	122	119	130	105	658	51	33	64	77	71	39	37	61	37	31	28	75	102	55	20	272	47	28	51	76	65	83	169	33	188	107	84	98	49	160	61	62	32	52	23	51	76	43	29	24	80	80	57	39	24	41	34	31	95	101	104	38	112	31	41	68	83	56	30	89	197	58	34	81	107	57	84	74	49	22	41	108	26	68	42	42	106	12	29	80	35	39	18	40	29	69	35	93	34	116	36	86	153	104	60	34	24	40	26
C[C>T]C	17	42	75	44	97	44	38	56	49	57	19	37	21	15	62	80	93	97	75	180	33	25	44	40	48	41	40	48	47	27	34	47	181	52	32	72	34	30	55	77	55	72	111	41	142	89	63	81	21	107	48	41	27	43	14	36	85	42	38	18	58	79	30	40	28	22	35	29	70	89	84	53	94	39	19	49	57	33	29	77	106	49	28	67	76	29	74	53	37	18	39	82	38	54	31	30	49	23	32	61	32	37	31	34	37	81	23	73	24	48	37	63	93	68	68	39	31	39	36
C[C>T]G	50	40	44	32	48	67	52	69	63	50	27	53	38	40	122	86	165	85	57	231	49	33	91	71	43	85	30	83	46	47	70	86	79	84	40	74	71	38	78	63	93	102	171	32	138	68	74	62	41	69	56	39	48	99	27	55	114	72	80	25	61	154	88	56	63	47	46	48	80	109	118	74	129	77	45	162	98	62	39	64	76	70	35	103	69	43	73	73	47	67	60	120	48	79	69	81	62	50	58	105	31	62	54	83	54	80	47	111	61	81	72	86	202	124	75	90	56	45	55
C[C>T]T	31	97	109	71	150	40	84	152	46	141	19	49	33	31	101	178	138	144	140	361	47	20	56	63	74	52	34	85	49	42	47	69	178	38	28	150	50	18	52	127	85	108	188	59	213	136	83	125	37	144	69	62	34	59	19	45	70	39	48	20	101	75	91	38	39	37	42	46	110	213	159	57	99	52	33	64	86	53	23	82	261	51	32	72	122	86	119	111	89	22	47	80	28	79	46	43	89	16	27	64	32	30	28	33	46	101	30	132	36	91	36	107	137	86	45	44	29	30	22
C[T>A]A	3	34	26	41	86	7	25	61	8	15	13	8	10	3	13	87	40	86	77	32	22	2	22	7	4	6	22	17	10	6	3	16	57	9	6	12	3	3	11	57	20	45	69	27	78	45	38	36	28	60	33	18	8	8	6	12	12	8	14	3	46	16	22	13	7	7	6	8	49	101	63	8	33	13	5	15	40	16	3	39	79	11	5	16	46	61	65	74	40	8	7	24	4	29	4	4	30	6	8	10	4	4	5	7	11	32	4	47	14	17	8	37	64	45	8	8	4	8	10
C[T>A]C	10	54	50	46	112	9	39	106	12	18	8	26	9	8	20	102	42	102	84	30	29	5	25	20	10	15	15	38	12	17	9	23	82	11	14	21	15	4	22	75	33	59	56	27	139	70	47	53	26	95	61	30	9	12	7	14	29	9	17	7	88	30	27	12	9	11	13	13	77	134	88	13	33	16	9	24	48	17	8	56	142	21	14	27	65	61	71	85	50	12	14	14	5	50	14	16	59	9	10	10	18	6	7	8	12	52	6	83	8	24	13	57	77	49	21	12	3	16	11
C[T>A]G	8	57	39	52	95	10	42	88	11	13	10	14	10	4	24	110	38	86	86	21	23	4	27	14	15	9	15	22	14	8	8	12	115	14	11	17	9	6	19	55	29	72	61	40	139	77	54	50	35	97	65	30	6	23	6	13	19	15	24	4	69	22	26	9	6	8	10	19	71	119	54	15	45	10	9	28	43	27	7	69	91	10	9	22	81	68	71	79	38	7	10	35	7	40	12	11	41	1	9	12	11	6	6	10	7	45	8	76	6	18	7	60	66	41	16	11	7	10	9
C[T>A]T	19	63	57	57	133	12	49	164	7	23	5	20	11	13	36	161	68	155	95	20	27	6	24	13	14	8	16	26	11	16	6	25	154	14	10	16	15	5	23	71	31	135	100	30	153	81	56	85	34	122	74	37	12	18	11	16	35	21	17	5	101	33	20	6	8	12	10	12	116	226	102	17	53	18	7	20	58	21	8	66	179	20	10	17	92	101	104	86	71	5	13	28	9	59	11	14	50	3	8	12	13	6	10	15	7	53	8	104	8	12	10	62	104	94	15	8	4	16	13
C[T>C]A	7	38	41	32	94	10	34	88	11	9	11	15	12	9	24	75	83	71	66	20	27	6	27	14	11	12	17	26	22	10	10	22	93	20	8	18	16	10	30	65	33	76	116	25	100	56	44	47	17	87	36	19	11	24	8	11	20	18	11	14	51	53	29	12	16	17	14	21	63	95	104	29	43	33	6	21	29	12	13	48	60	21	6	29	61	29	74	72	34	11	20	34	9	38	13	13	27	9	11	15	14	6	10	16	9	33	14	67	13	19	11	48	81	49	14	7	13	11	16
C[T>C]C	11	39	46	48	105	19	42	102	14	13	10	15	3	16	28	155	75	116	78	33	32	8	35	19	16	11	20	31	8	21	22	32	78	11	16	15	14	3	31	98	41	88	101	30	118	79	44	57	23	55	28	30	5	28	5	22	16	11	13	8	70	25	32	10	18	10	17	12	58	154	159	18	49	27	5	42	36	25	3	44	101	23	9	25	48	80	99	100	41	8	10	24	7	29	8	6	71	6	8	16	18	9	8	11	18	67	12	93	22	38	7	90	94	66	14	13	17	5	14
C[T>C]G	13	53	39	48	104	14	38	73	15	9	18	16	15	6	24	62	81	73	62	43	26	6	26	16	14	21	26	39	20	16	19	30	70	19	22	12	19	11	49	62	33	62	145	34	102	68	44	56	30	73	39	17	13	28	12	20	28	19	15	16	55	37	23	20	13	18	24	24	42	94	115	26	34	18	8	35	22	21	15	54	46	23	23	33	61	38	77	81	37	15	18	50	57	32	21	16	45	11	15	18	11	6	13	13	20	37	20	81	10	27	14	73	84	43	16	29	13	13	14
C[T>C]T	10	73	54	40	125	19	46	76	12	19	15	18	16	10	53	117	85	136	86	43	22	9	24	14	19	18	13	40	18	18	20	25	120	28	14	36	20	8	36	90	46	103	200	25	125	78	70	62	30	90	48	30	17	18	8	29	35	18	29	10	67	46	42	11	12	17	16	27	80	138	126	23	64	21	15	46	24	24	14	82	115	26	13	34	62	56	95	88	44	18	15	37	9	53	22	23	50	9	10	21	22	16	9	18	14	48	18	111	20	19	14	64	123	89	28	9	12	15	24
C[T>G]A	2	24	21	15	22	4	17	36	1	7	3	5	4	3	15	41	27	39	31	7	11	3	15	2	8	3	12	10	5	2	2	3	35	9	6	3	4	1	9	26	14	28	45	9	46	36	17	26	15	14	21	6	2	5	1	3	7	6	8	5	27	18	10	4	1	7	9	11	21	45	45	7	19	5	8	4	4	12	5	24	24	4	6	6	25	8	33	34	14	3	7	13	2	10	5	4	9	5	4	5	3	5	1	6	0	9	9	43	2	10	3	19	38	19	10	6	4	4	1
C[T>G]C	9	28	26	18	46	5	15	40	4	4	2	6	3	3	10	37	24	55	20	16	20	4	15	7	6	8	9	19	6	8	14	14	39	5	9	3	10	0	7	37	11	21	31	11	48	40	21	25	14	29	26	9	6	15	7	12	11	10	8	6	21	9	16	8	3	9	7	9	36	57	60	12	24	13	2	8	11	12	5	32	38	6	6	6	33	17	31	39	20	8	10	12	3	24	5	8	13	5	3	10	8	6	1	6	7	17	4	29	5	8	4	31	37	32	10	7	4	9	7
C[T>G]G	7	52	39	31	75	10	44	61	5	5	6	12	11	4	19	76	65	69	52	15	28	3	16	13	9	8	11	27	12	10	6	15	75	7	4	18	12	3	20	55	31	57	82	20	97	56	35	48	13	51	39	22	5	18	3	12	7	12	14	5	53	26	15	9	4	7	8	10	56	109	95	7	38	14	6	17	14	12	8	25	66	7	3	13	43	49	69	68	22	10	8	21	1	28	8	8	31	1	5	6	3	7	4	6	10	36	7	73	5	12	2	55	69	33	10	7	7	8	13
C[T>G]T	15	85	22	35	92	19	29	76	12	10	9	18	15	11	49	76	73	157	60	22	24	5	34	9	17	5	21	42	7	9	10	14	67	13	8	11	9	6	29	47	29	69	228	18	90	51	40	56	26	86	32	21	7	18	7	14	23	10	16	10	53	40	23	7	9	11	14	19	56	98	91	21	38	23	9	13	20	24	11	48	130	16	9	12	68	47	36	46	24	9	14	32	5	22	10	9	34	3	7	16	21	17	6	11	13	35	7	110	12	10	6	46	101	193	14	7	4	14	15
G[C>A]A	36	49	54	49	111	22	39	130	49	27	12	44	16	43	64	164	108	124	81	79	54	13	37	35	42	28	23	112	23	18	17	61	71	28	10	24	27	17	49	77	47	91	213	27	148	112	53	82	41	76	43	51	40	47	14	33	28	24	23	20	84	91	103	31	23	14	27	10	85	160	101	33	67	41	17	49	90	44	22	70	167	22	36	60	102	128	56	70	65	12	20	67	15	56	19	20	53	18	16	22	32	33	15	20	28	58	26	94	48	43	14	58	104	142	46	20	16	24	12
G[C>A]C	13	48	71	38	101	15	38	83	19	25	6	22	12	8	40	90	57	122	101	39	15	11	43	24	20	11	18	42	14	7	15	25	99	28	9	15	19	14	23	73	44	80	77	20	105	81	63	70	26	97	35	39	10	25	8	9	27	11	28	9	74	38	47	15	14	14	18	20	76	119	68	22	45	32	13	31	67	19	13	65	113	21	13	26	63	59	66	74	47	9	19	44	9	50	8	18	42	18	13	17	13	15	5	17	13	72	19	104	14	18	10	53	78	38	21	14	14	12	16
G[C>A]G	4	6	4	2	14	8	2	9	9	2	4	4	1	5	7	14	13	14	9	13	9	8	2	9	9	7	7	13	1	4	5	5	11	3	3	1	6	1	9	8	10	12	23	10	14	12	12	9	0	11	7	7	7	5	5	8	11	8	8	2	10	9	10	3	2	4	6	2	9	16	9	12	14	7	3	11	14	6	3	10	10	3	4	8	9	6	6	11	4	7	8	21	2	4	6	4	13	3	6	5	2	9	5	4	2	8	8	20	7	6	6	11	17	12	5	7	9	7	4
G[C>A]T	18	43	47	44	95	17	39	94	27	22	9	23	17	22	59	120	74	132	89	42	28	6	28	33	22	18	19	73	13	7	12	30	90	22	13	14	9	12	23	60	50	67	171	28	124	78	41	68	37	83	55	45	28	29	4	14	28	14	29	10	58	75	57	18	14	9	12	4	81	152	81	23	50	21	21	24	63	25	22	56	159	23	23	45	82	82	61	68	49	14	16	48	14	44	14	15	32	9	15	12	14	14	12	11	10	52	15	95	28	16	7	57	85	73	30	20	14	12	11
G[C>G]A	6	45	37	25	60	3	24	63	8	24	2	10	9	7	14	64	40	45	59	62	19	7	22	15	10	5	5	20	14	9	9	21	61	6	10	15	8	7	11	67	27	40	50	19	69	53	37	31	23	45	31	11	3	14	2	22	7	7	8	2	54	28	27	9	2	5	5	12	43	112	80	5	41	16	3	17	17	10	0	26	57	7	5	10	54	51	53	54	33	7	6	14	5	30	5	6	33	4	3	6	6	3	1	4	8	34	7	59	3	21	1	43	79	35	10	7	3	12	7
G[C>G]C	9	27	31	29	60	7	23	51	9	17	3	11	9	7	19	57	43	56	68	36	14	5	23	15	10	2	6	15	4	8	9	15	59	5	11	21	7	9	12	65	33	36	59	15	69	49	29	42	22	53	27	20	5	15	5	15	11	10	8	5	39	24	19	6	7	10	9	7	33	84	93	10	35	17	2	23	11	16	10	28	67	11	7	8	47	35	42	53	28	13	6	25	6	32	13	11	28	6	6	2	4	8	4	12	9	35	3	70	4	19	11	27	82	41	9	8	9	7	3
G[C>G]G	2	12	2	9	10	2	8	22	2	4	0	0	1	0	1	15	9	11	9	11	7	1	2	2	3	4	3	9	4	12	12	10	8	2	9	8	2	0	15	34	7	17	15	7	24	9	0	14	2	4	0	5	2	7	1	6	0	1	2	0	28	4	23	5	2	2	0	2	11	37	76	1	8	9	2	36	23	13	3	2	19	1	1	9	10	15	20	35	7	2	2	3	2	3	3	2	32	0	1	3	0	0	0	0	7	16	6	39	14	22	1	28	44	30	4	1	0	2	1
G[C>G]T	7	57	41	34	82	8	50	116	7	47	5	14	15	3	18	92	66	87	84	97	26	4	25	21	17	7	15	17	14	11	13	22	72	14	7	51	11	5	12	74	31	68	58	23	85	74	55	64	21	57	34	23	9	9	3	20	12	4	23	2	85	26	29	13	11	4	4	9	60	157	144	9	46	16	3	18	17	11	4	37	109	13	7	11	67	70	93	92	48	4	6	16	1	58	7	8	54	2	10	10	11	4	9	0	9	43	5	79	2	26	5	72	95	41	20	9	6	6	6
G[C>T]A	24	65	77	45	113	36	55	97	43	134	20	37	18	22	69	104	93	131	73	309	32	28	58	56	79	43	39	61	34	32	32	55	74	39	21	130	41	38	38	97	61	93	146	37	157	109	68	85	45	85	74	49	22	43	14	48	65	36	29	20	88	79	43	25	25	25	26	35	96	123	102	54	95	42	27	60	80	35	31	97	150	36	31	42	98	46	68	71	60	33	38	80	34	74	29	43	62	24	35	59	27	26	20	42	36	92	20	89	34	64	20	67	135	68	34	26	20	28	31
G[C>T]C	21	52	72	34	98	34	45	73	36	48	9	26	15	17	61	77	86	92	61	141	27	23	41	44	51	37	26	62	27	17	27	41	90	49	19	67	37	23	34	55	57	66	133	49	126	69	63	71	33	73	64	34	24	44	14	31	58	41	26	19	61	93	49	36	27	25	45	30	61	99	85	41	74	45	16	52	58	30	32	58	117	37	33	45	80	34	59	67	42	18	41	84	18	58	39	17	43	22	28	48	31	20	28	50	49	76	28	79	37	43	29	65	114	67	52	37	28	26	20
G[C>T]G	42	56	46	57	105	72	46	89	117	39	27	60	31	55	127	102	204	96	50	170	82	41	83	63	61	102	38	107	68	41	77	87	109	109	33	65	69	52	82	61	64	112	162	42	160	76	72	90	48	79	68	60	51	96	38	70	141	70	116	41	72	247	112	82	61	49	57	53	71	116	138	82	135	95	62	174	128	80	66	49	64	88	52	122	81	45	77	58	50	73	89	115	59	87	71	92	61	53	59	133	47	79	65	87	52	87	64	109	70	70	73	89	243	129	100	115	59	50	44
G[C>T]T	15	57	69	57	114	23	52	97	36	78	16	34	19	14	68	101	94	102	87	182	39	10	43	49	36	27	36	54	44	27	36	41	70	31	14	79	32	30	36	86	62	89	120	38	147	78	63	82	34	71	44	31	17	41	11	33	64	35	35	17	69	72	60	39	26	28	23	27	92	135	109	30	97	39	26	45	61	31	32	48	146	33	18	39	75	64	64	72	38	24	26	79	13	56	19	27	65	15	30	40	28	27	25	21	28	72	20	95	27	46	15	73	109	59	37	28	22	24	25
G[T>A]A	9	19	25	19	57	3	24	61	7	10	8	3	7	4	10	65	27	55	50	20	15	5	14	6	10	9	9	8	6	10	7	16	50	7	6	6	6	4	14	32	19	49	52	13	86	41	22	28	16	42	22	15	6	12	6	11	11	3	7	4	47	27	15	1	6	7	6	12	51	69	38	10	21	12	3	21	19	14	7	23	64	5	6	11	39	31	45	44	14	4	7	19	3	21	3	3	28	4	4	5	11	9	3	4	2	26	8	44	8	13	7	34	39	34	9	10	3	4	4
G[T>A]C	6	26	21	21	62	4	19	38	11	9	7	9	8	6	10	42	27	57	45	12	13	5	19	14	4	10	5	14	7	5	10	13	53	11	9	13	11	8	16	36	15	25	37	17	43	31	29	24	20	41	15	21	2	15	6	6	20	10	15	4	51	15	17	5	8	6	10	3	47	63	31	11	23	12	6	13	25	8	12	45	64	17	12	9	48	24	27	40	22	4	13	13	5	26	5	7	23	4	14	7	11	4	4	13	9	22	12	43	5	11	5	24	36	25	17	8	8	7	9
G[T>A]G	8	29	29	29	66	14	21	51	12	14	5	7	4	8	9	56	34	53	46	24	15	2	18	11	7	10	9	28	15	4	6	12	51	6	6	6	12	5	18	44	26	58	33	13	65	48	25	50	22	70	32	13	5	10	8	17	16	11	16	1	62	19	14	11	11	4	7	12	44	70	51	10	27	12	8	16	26	7	12	39	59	15	8	16	53	32	52	51	33	3	10	23	7	28	7	4	23	10	7	7	13	6	4	5	9	33	6	53	5	10	4	46	66	36	17	10	3	10	6
G[T>A]T	12	43	38	41	85	7	34	81	6	16	11	15	7	2	21	103	43	105	78	16	26	10	17	8	5	9	10	22	12	4	11	19	91	5	10	7	14	11	21	57	38	56	56	22	101	56	42	52	39	80	37	17	5	18	5	15	18	9	19	9	68	27	16	16	4	8	11	5	64	141	50	11	31	13	4	8	32	16	10	56	106	16	18	14	70	58	73	55	48	4	9	29	8	35	8	5	29	8	5	5	14	9	4	6	8	45	4	69	5	12	3	50	71	27	15	10	6	12	5
G[T>C]A	9	37	33	43	68	18	38	73	23	14	16	24	16	17	24	69	76	88	68	26	29	8	42	22	23	26	26	52	18	17	13	29	75	39	17	29	25	18	29	48	43	80	127	24	92	61	63	54	25	81	44	24	10	28	8	17	41	28	28	12	53	72	31	8	21	21	24	26	49	78	88	27	70	28	14	26	35	43	19	47	63	31	23	38	66	28	60	50	33	16	37	29	16	40	15	18	25	10	10	17	21	11	9	14	27	43	6	67	16	27	20	39	85	57	24	17	17	21	14
G[T>C]C	4	32	27	19	41	17	21	56	16	17	7	12	10	11	19	67	46	60	43	21	20	9	26	13	18	15	17	27	13	10	23	10	49	14	7	16	16	12	23	39	17	49	60	26	75	42	39	27	21	38	23	20	3	15	6	9	17	13	12	7	26	42	24	10	10	14	6	10	34	72	60	16	57	17	6	29	18	31	7	29	43	29	11	20	42	36	55	31	17	11	11	19	13	31	6	14	33	6	11	20	9	11	8	9	12	35	12	52	14	19	11	37	43	47	11	20	11	17	13
G[T>C]G	10	32	15	20	55	15	27	48	13	15	8	20	10	5	16	66	53	52	46	34	26	10	21	7	16	11	12	31	21	15	15	25	54	22	8	28	17	9	32	47	40	59	80	24	78	45	34	56	21	59	35	23	7	19	9	23	30	24	16	9	47	37	25	16	14	21	14	13	43	71	67	17	38	24	6	33	21	27	14	37	54	23	18	22	51	31	45	45	27	8	25	35	44	29	11	11	32	7	8	12	14	9	6	19	11	31	17	71	14	23	13	22	69	30	15	21	11	10	11
G[T>C]T	13	43	37	31	82	25	30	73	17	31	15	37	15	10	39	71	90	100	67	30	26	11	50	23	21	18	37	60	25	28	26	37	81	35	16	32	26	15	28	57	34	81	112	28	127	55	49	47	25	71	41	22	23	33	18	27	34	31	21	23	51	64	37	15	17	27	35	27	67	90	89	40	60	26	21	25	44	46	22	48	59	33	30	30	72	39	68	46	37	13	24	33	15	43	27	21	30	11	16	30	13	14	23	25	20	51	16	109	17	27	15	41	100	75	28	29	23	13	22
G[T>G]A	5	31	17	25	29	5	19	48	1	4	4	7	2	4	4	29	22	35	27	17	11	1	13	5	6	4	8	11	6	7	3	7	32	5	2	7	7	2	7	34	5	24	35	13	34	27	13	21	6	25	12	6	1	4	3	7	7	2	5	0	29	9	16	5	3	2	4	5	20	54	60	4	9	12	2	15	6	9	2	19	23	9	5	9	25	15	26	41	14	1	2	4	1	13	3	3	9	1	3	3	13	1	1	9	4	8	4	48	9	20	1	22	47	36	2	2	1	1	3
G[T>G]C	2	12	14	15	25	7	16	24	3	3	1	3	6	2	7	24	11	28	25	18	12	3	5	2	7	11	6	8	6	24	17	12	17	5	4	9	7	3	2	17	11	13	32	7	30	21	7	14	4	14	9	9	3	10	3	6	4	2	3	4	28	11	10	2	4	3	3	5	18	41	79	4	8	15	3	33	16	8	3	13	25	6	1	6	20	21	17	35	17	5	6	5	3	10	4	2	26	3	1	4	16	5	3	6	4	18	5	77	13	35	3	39	55	49	7	4	0	3	4
G[T>G]G	13	49	31	26	59	23	33	58	4	11	8	8	11	2	8	86	25	71	49	62	27	2	18	12	5	25	17	25	11	105	46	63	36	8	11	14	7	0	67	93	23	49	174	54	113	48	33	57	14	30	19	63	5	23	4	32	8	3	6	2	99	18	73	21	8	9	10	9	39	137	417	6	44	79	4	231	123	27	3	27	89	6	7	25	46	70	80	136	55	8	7	11	8	20	11	3	256	2	1	4	42	1	2	5	52	151	18	342	156	485	3	177	281	547	8	10	4	8	6
G[T>G]T	10	44	22	26	51	21	28	48	4	6	5	15	4	5	15	64	30	72	38	23	21	1	18	8	6	13	12	23	6	8	18	21	51	9	5	13	9	3	21	46	20	42	90	17	76	35	38	25	11	36	17	12	1	8	3	13	11	5	7	3	48	18	29	12	6	2	3	9	46	82	124	7	35	16	6	55	25	26	5	22	65	8	3	17	45	48	31	63	26	9	8	12	7	26	12	5	29	7	9	7	19	4	3	6	4	19	14	101	14	36	3	57	85	96	15	7	0	10	4
T[C>A]A	34	82	117	71	250	33	156	140	46	921	23	58	32	54	144	164	187	149	158	1815	52	25	94	172	220	42	56	158	30	51	48	104	116	23	19	791	40	42	90	134	65	125	279	53	229	156	86	106	54	161	69	206	36	58	16	92	71	20	40	15	92	111	139	53	39	25	20	21	127	175	184	44	137	64	32	95	140	58	27	173	790	42	39	87	121	126	104	170	97	19	38	141	24	64	24	33	441	22	24	38	59	34	27	30	47	167	42	179	52	478	23	99	290	187	106	28	23	33	23
T[C>A]C	30	85	94	62	153	21	110	140	30	277	22	38	36	30	92	130	153	145	120	736	51	23	63	80	75	33	29	83	24	16	36	56	136	52	17	306	33	26	58	97	61	93	140	46	179	134	108	116	43	154	71	87	43	53	17	50	58	47	36	22	95	103	82	22	27	25	24	17	113	176	147	50	118	38	34	57	91	43	30	122	315	23	27	63	134	93	113	117	75	14	22	90	23	72	27	28	253	18	23	51	34	23	23	33	23	84	14	124	29	190	24	88	157	110	72	30	16	31	23
T[C>A]G	4	7	10	6	14	8	9	11	5	43	5	8	5	2	19	22	18	16	9	101	10	2	12	14	14	9	3	19	5	6	3	7	13	7	2	34	3	9	17	11	5	14	32	1	22	19	8	9	7	19	3	12	9	10	3	7	7	3	3	4	12	17	16	4	5	1	5	4	12	20	22	7	23	9	6	8	21	8	4	16	40	7	7	10	7	8	7	15	11	4	3	16	4	3	6	2	27	6	4	5	7	7	3	5	6	10	8	13	5	40	5	13	25	21	10	6	6	5	7
T[C>A]T	32	106	119	89	281	51	143	163	81	335	30	72	30	71	147	227	278	249	151	1006	48	21	96	106	112	37	52	220	31	16	32	92	168	50	20	441	50	37	106	137	104	119	408	40	271	195	104	174	62	219	97	161	61	62	25	74	92	35	58	15	111	197	154	48	30	20	32	31	142	207	168	56	150	66	43	60	153	50	45	159	524	46	57	89	189	129	104	143	86	21	33	173	39	90	39	50	254	28	39	41	57	49	24	26	28	93	26	156	37	204	26	116	367	218	105	42	21	31	28
T[C>G]A	13	223	151	148	180	20	425	143	8	4284	50	16	136	40	158	136	390	159	274	10317	150	64	98	747	974	18	47	60	19	132	153	154	203	45	12	3020	47	177	176	151	113	131	99	69	311	128	151	118	96	269	58	529	13	27	10	266	63	23	33	10	142	120	63	10	3	12	19	20	126	204	392	30	133	32	72	35	34	20	5	345	2232	31	65	29	214	264	253	172	217	22	8	68	11	64	33	24	1428	5	6	15	79	12	5	20	12	403	11	448	8	1871	74	324	789	155	326	15	12	21	18
T[C>G]C	15	129	82	91	154	16	135	114	14	878	14	25	50	18	71	121	244	141	126	2024	85	22	44	199	171	9	16	36	12	34	39	48	149	29	9	598	16	38	48	109	66	77	89	44	165	100	89	79	40	118	63	133	12	27	13	91	27	19	20	5	97	64	18	11	9	9	17	19	89	166	205	14	87	18	39	29	24	13	11	120	522	22	19	25	151	102	136	139	92	10	13	49	10	48	12	18	330	8	13	18	33	8	9	15	10	135	13	188	9	345	22	134	243	96	80	12	14	17	19
T[C>G]G	1	16	6	8	6	4	17	26	1	130	5	2	9	0	7	16	18	11	22	331	17	2	2	20	24	5	6	6	2	4	7	9	12	2	2	73	5	3	7	23	17	24	17	5	32	6	16	11	3	11	5	17	3	2	3	10	6	7	3	3	14	3	12	2	4	4	5	4	10	35	36	4	9	3	0	11	4	9	3	14	82	5	4	4	14	19	29	12	11	4	2	6	3	6	3	2	66	5	3	7	8	0	1	0	1	20	10	26	1	79	3	19	61	21	25	3	2	2	2
T[C>G]T	27	361	238	234	374	52	627	290	20	5224	79	49	161	43	272	260	661	279	375	12919	229	64	132	917	1087	36	66	105	30	176	158	230	354	98	21	4278	62	183	235	304	156	225	150	138	497	257	267	232	144	360	112	675	19	38	11	331	114	65	71	21	248	213	84	15	16	23	36	21	197	359	589	40	189	49	84	74	60	36	31	461	2902	73	110	72	386	351	407	393	294	34	24	128	16	157	49	52	1734	16	20	29	118	26	8	38	22	495	20	507	18	2251	98	417	972	302	420	43	26	41	31
T[C>T]A	51	193	244	155	257	125	454	122	61	7266	220	74	150	60	372	407	412	194	247	17873	174	84	285	1318	1996	77	98	98	34	402	126	288	195	66	24	7536	116	290	282	147	119	146	226	78	443	173	144	190	115	345	86	676	29	71	33	356	417	80	84	22	122	145	88	39	31	37	47	38	146	166	249	117	171	59	107	132	127	71	39	366	3656	61	219	108	230	156	132	147	226	35	40	201	59	70	71	87	1358	26	68	167	202	61	27	58	50	585	34	489	43	2429	168	192	502	217	368	65	42	52	93
T[C>T]C	43	130	163	69	162	65	140	80	62	1120	65	58	44	41	181	229	262	148	110	3486	64	35	115	305	356	52	63	79	42	107	55	126	153	72	38	1299	75	60	115	107	81	103	181	64	206	153	92	134	61	170	70	148	25	64	24	106	157	52	42	25	95	146	61	42	42	32	39	29	88	124	150	55	142	61	59	89	96	64	39	113	713	56	62	85	150	69	77	108	96	25	48	142	39	67	48	70	365	21	47	140	63	38	34	52	38	183	34	175	31	427	57	123	233	120	123	48	26	33	44
T[C>T]G	40	46	48	38	54	63	46	58	65	419	51	45	33	43	118	69	187	75	42	1703	61	36	102	190	155	62	36	72	31	75	59	91	64	52	41	455	49	53	88	54	75	83	185	29	108	53	39	47	24	57	49	106	33	67	32	69	125	44	68	46	63	132	62	46	34	36	41	32	58	74	79	77	134	72	27	115	70	54	39	51	249	42	59	77	46	42	49	56	43	41	43	91	26	52	48	59	138	24	39	74	40	50	31	62	39	92	47	97	44	252	70	50	153	114	119	64	28	30	41
T[C>T]T	41	137	212	110	230	63	289	130	76	3388	161	69	87	61	271	359	368	186	203	9041	106	46	183	671	936	65	54	73	49	224	78	224	132	36	45	3836	96	116	211	155	112	156	246	69	338	160	96	190	58	163	49	280	16	80	18	185	210	31	36	15	143	81	87	39	42	24	29	23	107	198	194	58	159	67	40	125	117	64	21	114	1721	35	97	89	112	112	118	156	137	23	36	118	29	54	22	44	722	19	26	91	95	28	18	33	70	330	33	284	34	1130	93	148	349	187	111	35	16	27	45
T[T>A]A	16	66	50	26	106	35	33	91	20	24	23	40	16	13	70	85	137	109	92	44	31	10	77	19	27	32	26	98	22	14	33	40	99	32	14	24	28	11	74	79	55	90	315	27	100	68	49	74	28	84	48	46	15	24	10	37	103	24	17	13	81	81	55	23	25	18	13	17	82	128	122	26	78	47	24	48	48	32	33	58	117	40	21	54	79	68	71	85	46	18	29	70	30	33	24	25	45	11	11	19	28	14	20	16	17	60	23	82	14	32	7	40	179	125	28	27	15	16	20
T[T>A]C	9	32	32	34	98	12	27	78	7	14	9	16	8	5	21	64	52	74	59	23	7	7	28	13	12	7	8	29	13	6	6	13	67	14	11	6	10	5	20	61	19	68	44	11	75	47	43	46	22	74	39	25	8	19	5	13	25	9	22	5	56	29	17	9	10	4	18	14	63	92	38	18	40	10	7	18	26	16	13	48	82	17	15	20	55	57	42	61	38	7	8	15	7	38	10	14	21	7	13	9	14	5	10	13	8	40	11	51	7	15	3	45	90	37	10	7	4	12	13
T[T>A]G	11	29	36	29	47	6	17	55	5	17	3	13	5	6	13	54	48	60	37	18	16	3	17	10	11	7	5	9	13	7	8	16	56	9	4	8	6	8	16	31	21	33	45	14	71	32	27	33	15	58	34	19	3	11	5	7	20	6	8	5	38	14	12	8	1	10	10	11	50	65	34	13	34	8	6	8	15	9	7	31	45	7	8	11	37	30	27	37	20	2	7	20	8	20	3	11	19	2	2	8	7	5	5	2	7	24	6	50	3	12	5	31	49	35	9	9	3	17	5
T[T>A]T	14	64	77	61	157	19	48	195	29	22	16	31	11	10	35	184	110	133	115	30	27	12	46	10	24	14	25	64	20	18	27	36	138	20	13	22	25	8	40	92	48	144	188	38	157	101	69	91	47	119	87	57	14	25	16	24	40	19	39	11	108	67	42	17	14	15	17	21	119	201	109	19	79	39	20	29	73	21	16	104	193	34	18	32	103	131	122	122	74	9	18	65	20	82	19	31	60	8	15	18	16	9	16	21	17	99	19	117	14	27	22	87	168	104	24	19	12	25	16
T[T>C]A	19	39	40	36	108	23	46	86	24	23	16	32	14	12	48	80	85	106	61	35	23	7	63	14	23	18	18	56	32	11	21	30	89	29	23	19	30	10	32	55	57	83	167	24	119	82	58	52	26	86	50	29	19	31	11	26	41	36	24	15	63	85	48	16	14	28	31	20	67	138	116	37	61	32	15	42	37	38	30	66	82	40	20	25	68	43	70	75	42	13	24	57	13	52	20	22	30	9	18	28	24	23	15	25	21	45	20	82	16	34	15	67	108	83	21	25	21	26	22
T[T>C]C	6	52	29	36	77	18	37	94	26	23	15	26	9	9	29	102	87	60	58	38	26	8	63	28	22	16	18	49	13	22	15	28	72	28	14	24	22	5	38	82	44	70	130	25	93	62	38	46	26	57	32	30	14	26	7	37	42	17	21	5	61	56	50	11	11	21	20	20	55	105	107	23	50	48	15	41	17	39	17	48	85	27	12	23	53	65	84	83	39	12	18	31	21	36	15	11	39	6	6	22	22	13	7	16	16	43	12	75	16	27	11	58	115	62	22	21	12	25	14
T[T>C]G	10	21	30	14	47	11	22	45	20	7	12	6	9	7	34	60	46	62	43	17	13	4	24	11	19	18	14	53	12	14	11	21	47	15	13	19	17	10	34	33	18	35	96	17	50	45	30	34	15	45	20	20	5	15	3	13	24	13	11	6	41	42	27	13	14	19	16	13	26	52	67	28	40	18	7	13	20	15	15	39	36	25	11	28	37	19	44	30	24	9	10	40	70	22	13	20	29	10	15	12	18	22	10	16	17	29	6	60	9	22	6	44	57	41	17	17	11	24	10
T[T>C]T	13	58	47	49	96	35	53	91	29	19	19	41	14	14	60	110	86	122	61	40	32	12	49	22	25	29	33	62	29	23	28	54	95	32	20	34	25	23	49	93	54	111	188	38	132	68	59	70	34	105	52	31	18	42	14	40	46	36	38	11	85	86	43	28	26	26	26	33	61	113	119	35	78	37	15	36	38	45	26	77	103	42	29	46	77	65	85	79	54	18	37	74	16	58	39	34	52	15	14	29	17	14	26	25	27	55	16	113	12	27	19	61	127	81	37	34	17	31	22
T[T>G]A	5	38	22	23	53	4	26	51	4	16	5	13	11	7	19	63	38	60	42	19	19	1	20	5	14	12	13	25	10	5	6	11	60	13	3	12	5	3	18	38	28	38	60	16	55	52	38	30	14	31	15	23	3	13	6	13	15	11	10	4	40	30	9	9	4	9	8	11	33	75	61	9	35	10	9	15	8	17	11	31	57	14	5	2	40	41	58	51	21	10	9	30	7	21	9	15	28	3	10	9	10	4	1	11	6	28	8	65	8	14	5	33	76	56	10	7	5	15	8
T[T>G]C	4	25	19	13	49	7	18	38	2	9	7	8	4	5	17	54	23	32	37	9	23	3	11	6	6	6	12	20	11	15	5	10	34	6	5	5	10	10	12	29	18	17	38	15	45	25	28	23	7	33	14	12	5	9	7	10	9	4	6	1	41	19	17	4	4	6	10	9	23	51	42	12	31	11	7	16	14	8	4	21	40	11	6	7	24	21	22	46	20	8	6	18	7	23	5	4	12	3	4	6	9	3	5	5	9	13	6	37	4	16	5	29	47	28	8	5	3	6	7
T[T>G]G	7	44	29	30	83	7	32	82	2	7	5	12	7	8	22	68	38	77	67	17	35	7	19	6	9	10	10	23	10	10	5	12	78	11	3	14	7	3	17	61	28	52	97	25	67	46	40	32	22	34	35	19	7	15	2	16	15	13	20	1	59	21	12	8	13	12	9	17	48	102	96	11	30	23	6	37	25	14	14	53	74	10	6	16	54	58	71	70	30	8	8	23	9	36	17	5	23	4	3	10	7	5	5	14	11	33	11	93	8	19	8	52	82	42	6	6	6	10	9
T[T>G]T	14	71	48	52	119	21	48	120	17	23	10	28	23	10	65	105	76	127	91	50	53	9	39	21	21	13	23	58	24	12	25	28	112	26	12	30	31	17	33	99	51	88	154	30	128	87	61	57	35	76	51	32	12	35	17	29	38	23	23	11	100	67	45	21	11	20	22	33	83	153	129	29	71	31	15	36	26	38	14	73	130	32	21	25	80	89	79	100	39	20	19	49	18	46	36	31	54	15	10	20	28	7	9	19	23	54	10	121	17	28	13	60	151	120	35	18	12	18	28
