Created graph
0.1 1000
[[inf, 0, 0], [0, 0, 0], [0, 0, 0]]
0.1 100000
[[inf, 1.1173449e+19, 0], [0, 0, 0], [0, 0, 0]]
0.1 10000000
[[inf, 1.1173449e+19, inf], [0, 0, 0], [0, 0, 0]]
1e-05 1000
[[inf, 1.1173449e+19, inf], [99.61122, 0, 0], [0, 0, 0]]
1e-05 100000
[[inf, 1.1173449e+19, inf], [99.61122, 110.62402, 0], [0, 0, 0]]
1e-05 10000000
[[inf, 1.1173449e+19, inf], [99.61122, 110.62402, 211.70473], [0, 0, 0]]
1e-09 1000
[[inf, 1.1173449e+19, inf], [99.61122, 110.62402, 211.70473], [242.9758, 0, 0]]
1e-09 100000
[[inf, 1.1173449e+19, inf], [99.61122, 110.62402, 211.70473], [242.9758, 242.87727, 0]]
1e-09 10000000
[[inf, 1.1173449e+19, inf], [99.61122, 110.62402, 211.70473], [242.9758, 242.87727, 242.60284]]
[-7.0, -5, -3.0]
[1.0, 3, 5.0]
1e-07 10.0
[[228.02037, 0, 0], [0, 0, 0], [0, 0, 0]]
1e-07 1000
[[228.02037, 230.7902, 0], [0, 0, 0], [0, 0, 0]]
1e-07 100000.0
[[228.02037, 230.7902, 231.1685], [0, 0, 0], [0, 0, 0]]
1e-05 10.0
[[228.02037, 230.7902, 231.1685], [100.189316, 0, 0], [0, 0, 0]]
1e-05 1000
[[228.02037, 230.7902, 231.1685], [100.189316, 99.45637, 0], [0, 0, 0]]
1e-05 100000.0
[[228.02037, 230.7902, 231.1685], [100.189316, 99.45637, 109.78219], [0, 0, 0]]
0.001 10.0
[[228.02037, 230.7902, 231.1685], [100.189316, 99.45637, 109.78219], [112.46763, 0, 0]]
0.001 1000
[[228.02037, 230.7902, 231.1685], [100.189316, 99.45637, 109.78219], [112.46763, 103.554985, 0]]
0.001 100000.0
[[228.02037, 230.7902, 231.1685], [100.189316, 99.45637, 109.78219], [112.46763, 103.554985, 149.90895]]
[-6.0, -5, -4.0]
[2.0, 3, 4.0]
1e-06 100.0
[[127.27547, 0, 0], [0, 0, 0], [0, 0, 0]]
1e-06 1000
[[127.27547, 129.4657, 0], [0, 0, 0], [0, 0, 0]]
1e-06 10000.0
[[127.27547, 129.4657, 130.35062], [0, 0, 0], [0, 0, 0]]
1e-05 100.0
[[127.27547, 129.4657, 130.35062], [99.87499, 0, 0], [0, 0, 0]]
1e-05 1000
[[127.27547, 129.4657, 130.35062], [99.87499, 98.21868, 0], [0, 0, 0]]
1e-05 10000.0
[[127.27547, 129.4657, 130.35062], [99.87499, 98.21868, 98.19042], [0, 0, 0]]
0.0001 100.0
[[127.27547, 129.4657, 130.35062], [99.87499, 98.21868, 98.19042], [106.95165, 0, 0]]
0.0001 1000
[[127.27547, 129.4657, 130.35062], [99.87499, 98.21868, 98.19042], [106.95165, 105.97114, 0]]
0.0001 10000.0
[[127.27547, 129.4657, 130.35062], [99.87499, 98.21868, 98.19042], [106.95165, 105.97114, 98.252525]]
[-5.5, -5, -4.5]
[3.5, 4.0, 4.5]
3.162277660168379e-06 3162.2776601683795
[[103.50638, 0, 0], [0, 0, 0], [0, 0, 0]]
3.162277660168379e-06 10000.0
[[103.50638, 101.75775, 0], [0, 0, 0], [0, 0, 0]]
3.162277660168379e-06 31622.776601683792
[[103.50638, 101.75775, 106.44729], [0, 0, 0], [0, 0, 0]]
1e-05 3162.2776601683795
[[103.50638, 101.75775, 106.44729], [99.36898, 0, 0], [0, 0, 0]]
1e-05 10000.0
[[103.50638, 101.75775, 106.44729], [99.36898, 98.25632, 0], [0, 0, 0]]
1e-05 31622.776601683792
[[103.50638, 101.75775, 106.44729], [99.36898, 98.25632, 100.77516], [0, 0, 0]]
3.1622776601683795e-05 3162.2776601683795
[[103.50638, 101.75775, 106.44729], [99.36898, 98.25632, 100.77516], [97.06963, 0, 0]]
3.1622776601683795e-05 10000.0
[[103.50638, 101.75775, 106.44729], [99.36898, 98.25632, 100.77516], [97.06963, 95.57224, 0]]
3.1622776601683795e-05 31622.776601683792
[[103.50638, 101.75775, 106.44729], [99.36898, 98.25632, 100.77516], [97.06963, 95.57224, 99.090576]]
[-4.75, -4.5, -4.25]
[3.75, 4.0, 4.25]
1.778279410038923e-05 5623.413251903491
[[97.75109, 0, 0], [0, 0, 0], [0, 0, 0]]
1.778279410038923e-05 10000.0
[[97.75109, 97.467865, 0], [0, 0, 0], [0, 0, 0]]
1.778279410038923e-05 17782.794100389227
[[97.75109, 97.467865, 98.15347], [0, 0, 0], [0, 0, 0]]
3.1622776601683795e-05 5623.413251903491
[[97.75109, 97.467865, 98.15347], [97.78918, 0, 0], [0, 0, 0]]
3.1622776601683795e-05 10000.0
[[97.75109, 97.467865, 98.15347], [97.78918, 97.24078, 0], [0, 0, 0]]
3.1622776601683795e-05 17782.794100389227
[[97.75109, 97.467865, 98.15347], [97.78918, 97.24078, 97.391396], [0, 0, 0]]
5.623413251903491e-05 5623.413251903491
[[97.75109, 97.467865, 98.15347], [97.78918, 97.24078, 97.391396], [97.73976, 0, 0]]
5.623413251903491e-05 10000.0
[[97.75109, 97.467865, 98.15347], [97.78918, 97.24078, 97.391396], [97.73976, 98.99794, 0]]
5.623413251903491e-05 17782.794100389227
[[97.75109, 97.467865, 98.15347], [97.78918, 97.24078, 97.391396], [97.73976, 98.99794, 96.97332]]
[-4.375, -4.25, -4.125]
[4.125, 4.25, 4.375]
4.216965034285822e-05 13335.21432163324
[[95.02748, 0, 0], [0, 0, 0], [0, 0, 0]]
4.216965034285822e-05 17782.794100389227
[[95.02748, 96.400826, 0], [0, 0, 0], [0, 0, 0]]
4.216965034285822e-05 23713.737056616552
[[95.02748, 96.400826, 96.33149], [0, 0, 0], [0, 0, 0]]
5.623413251903491e-05 13335.21432163324
[[95.02748, 96.400826, 96.33149], [96.19893, 0, 0], [0, 0, 0]]
5.623413251903491e-05 17782.794100389227
[[95.02748, 96.400826, 96.33149], [96.19893, 97.93454, 0], [0, 0, 0]]
5.623413251903491e-05 23713.737056616552
[[95.02748, 96.400826, 96.33149], [96.19893, 97.93454, 96.09058], [0, 0, 0]]
7.498942093324559e-05 13335.21432163324
[[95.02748, 96.400826, 96.33149], [96.19893, 97.93454, 96.09058], [99.795494, 0, 0]]
7.498942093324559e-05 17782.794100389227
[[95.02748, 96.400826, 96.33149], [96.19893, 97.93454, 96.09058], [99.795494, 94.90783, 0]]
7.498942093324559e-05 23713.737056616552
[[95.02748, 96.400826, 96.33149], [96.19893, 97.93454, 96.09058], [99.795494, 94.90783, 98.664024]]
[-4.1875, -4.125, -4.0625]
[4.1875, 4.25, 4.3125]
4 25
Score: 94.90783
7.498942093324559e-05 17782.794100389227
Time 8824.501018285751
