Created graph
0.1 1000
[[9.269122e+18, 0, 0], [0, 0, 0], [0, 0, 0]]
0.1 100000
[[9.269122e+18, inf, 0], [0, 0, 0], [0, 0, 0]]
0.1 10000000
[[9.269122e+18, inf, inf], [0, 0, 0], [0, 0, 0]]
1e-05 1000
[[9.269122e+18, inf, inf], [94.00476, 0, 0], [0, 0, 0]]
1e-05 100000
[[9.269122e+18, inf, inf], [94.00476, 109.9973, 0], [0, 0, 0]]
1e-05 10000000
[[9.269122e+18, inf, inf], [94.00476, 109.9973, 228.56248], [0, 0, 0]]
1e-09 1000
[[9.269122e+18, inf, inf], [94.00476, 109.9973, 228.56248], [251.85127, 0, 0]]
1e-09 100000
[[9.269122e+18, inf, inf], [94.00476, 109.9973, 228.56248], [251.85127, 250.94176, 0]]
1e-09 10000000
[[9.269122e+18, inf, inf], [94.00476, 109.9973, 228.56248], [251.85127, 250.94176, 251.36508]]
[-7.0, -5, -3.0]
[1.0, 3, 5.0]
1e-07 10.0
[[235.72205, 0, 0], [0, 0, 0], [0, 0, 0]]
1e-07 1000
[[235.72205, 236.31319, 0], [0, 0, 0], [0, 0, 0]]
1e-07 100000.0
[[235.72205, 236.31319, 237.52298], [0, 0, 0], [0, 0, 0]]
1e-05 10.0
[[235.72205, 236.31319, 237.52298], [94.971535, 0, 0], [0, 0, 0]]
1e-05 1000
[[235.72205, 236.31319, 237.52298], [94.971535, 94.20666, 0], [0, 0, 0]]
1e-05 100000.0
[[235.72205, 236.31319, 237.52298], [94.971535, 94.20666, 108.61123], [0, 0, 0]]
0.001 10.0
[[235.72205, 236.31319, 237.52298], [94.971535, 94.20666, 108.61123], [205.94228, 0, 0]]
0.001 1000
[[235.72205, 236.31319, 237.52298], [94.971535, 94.20666, 108.61123], [205.94228, 137.82977, 0]]
0.001 100000.0
[[235.72205, 236.31319, 237.52298], [94.971535, 94.20666, 108.61123], [205.94228, 137.82977, 199.54729]]
[-6.0, -5, -4.0]
[2.0, 3, 4.0]
1e-06 100.0
[[120.73406, 0, 0], [0, 0, 0], [0, 0, 0]]
1e-06 1000
[[120.73406, 116.68484, 0], [0, 0, 0], [0, 0, 0]]
1e-06 10000.0
[[120.73406, 116.68484, 117.353874], [0, 0, 0], [0, 0, 0]]
1e-05 100.0
[[120.73406, 116.68484, 117.353874], [95.39246, 0, 0], [0, 0, 0]]
1e-05 1000
[[120.73406, 116.68484, 117.353874], [95.39246, 95.35256, 0], [0, 0, 0]]
1e-05 10000.0
[[120.73406, 116.68484, 117.353874], [95.39246, 95.35256, 94.129616], [0, 0, 0]]
0.0001 100.0
[[120.73406, 116.68484, 117.353874], [95.39246, 95.35256, 94.129616], [104.75539, 0, 0]]
0.0001 1000
[[120.73406, 116.68484, 117.353874], [95.39246, 95.35256, 94.129616], [104.75539, 104.25828, 0]]
0.0001 10000.0
[[120.73406, 116.68484, 117.353874], [95.39246, 95.35256, 94.129616], [104.75539, 104.25828, 98.244194]]
[-5.5, -5, -4.5]
[3.5, 4.0, 4.5]
3.162277660168379e-06 3162.2776601683795
[[95.99215, 0, 0], [0, 0, 0], [0, 0, 0]]
3.162277660168379e-06 10000.0
[[95.99215, 96.24406, 0], [0, 0, 0], [0, 0, 0]]
3.162277660168379e-06 31622.776601683792
[[95.99215, 96.24406, 102.57425], [0, 0, 0], [0, 0, 0]]
1e-05 3162.2776601683795
[[95.99215, 96.24406, 102.57425], [93.58198, 0, 0], [0, 0, 0]]
1e-05 10000.0
[[95.99215, 96.24406, 102.57425], [93.58198, 94.75025, 0], [0, 0, 0]]
1e-05 31622.776601683792
[[95.99215, 96.24406, 102.57425], [93.58198, 94.75025, 96.71798], [0, 0, 0]]
3.1622776601683795e-05 3162.2776601683795
[[95.99215, 96.24406, 102.57425], [93.58198, 94.75025, 96.71798], [95.3309, 0, 0]]
3.1622776601683795e-05 10000.0
[[95.99215, 96.24406, 102.57425], [93.58198, 94.75025, 96.71798], [95.3309, 93.460304, 0]]
3.1622776601683795e-05 31622.776601683792
[[95.99215, 96.24406, 102.57425], [93.58198, 94.75025, 96.71798], [95.3309, 93.460304, 96.19225]]
[-4.75, -4.5, -4.25]
[3.75, 4.0, 4.25]
1.778279410038923e-05 5623.413251903491
[[93.60826, 0, 0], [0, 0, 0], [0, 0, 0]]
1.778279410038923e-05 10000.0
[[93.60826, 94.62051, 0], [0, 0, 0], [0, 0, 0]]
1.778279410038923e-05 17782.794100389227
[[93.60826, 94.62051, 94.75877], [0, 0, 0], [0, 0, 0]]
3.1622776601683795e-05 5623.413251903491
[[93.60826, 94.62051, 94.75877], [95.31639, 0, 0], [0, 0, 0]]
3.1622776601683795e-05 10000.0
[[93.60826, 94.62051, 94.75877], [95.31639, 94.65798, 0], [0, 0, 0]]
3.1622776601683795e-05 17782.794100389227
[[93.60826, 94.62051, 94.75877], [95.31639, 94.65798, 94.42113], [0, 0, 0]]
5.623413251903491e-05 5623.413251903491
[[93.60826, 94.62051, 94.75877], [95.31639, 94.65798, 94.42113], [98.61852, 0, 0]]
5.623413251903491e-05 10000.0
[[93.60826, 94.62051, 94.75877], [95.31639, 94.65798, 94.42113], [98.61852, 93.215996, 0]]
5.623413251903491e-05 17782.794100389227
[[93.60826, 94.62051, 94.75877], [95.31639, 94.65798, 94.42113], [98.61852, 93.215996, 92.98453]]
[-4.375, -4.25, -4.125]
[4.125, 4.25, 4.375]
4.216965034285822e-05 13335.21432163324
[[94.83109, 0, 0], [0, 0, 0], [0, 0, 0]]
4.216965034285822e-05 17782.794100389227
[[94.83109, 93.16349, 0], [0, 0, 0], [0, 0, 0]]
4.216965034285822e-05 23713.737056616552
[[94.83109, 93.16349, 95.138725], [0, 0, 0], [0, 0, 0]]
5.623413251903491e-05 13335.21432163324
[[94.83109, 93.16349, 95.138725], [97.305046, 0, 0], [0, 0, 0]]
5.623413251903491e-05 17782.794100389227
[[94.83109, 93.16349, 95.138725], [97.305046, 94.893135, 0], [0, 0, 0]]
5.623413251903491e-05 23713.737056616552
[[94.83109, 93.16349, 95.138725], [97.305046, 94.893135, 94.8537], [0, 0, 0]]
7.498942093324559e-05 13335.21432163324
[[94.83109, 93.16349, 95.138725], [97.305046, 94.893135, 94.8537], [98.67836, 0, 0]]
7.498942093324559e-05 17782.794100389227
[[94.83109, 93.16349, 95.138725], [97.305046, 94.893135, 94.8537], [98.67836, 95.48233, 0]]
7.498942093324559e-05 23713.737056616552
[[94.83109, 93.16349, 95.138725], [97.305046, 94.893135, 94.8537], [98.67836, 95.48233, 94.5931]]
[-4.4375, -4.375, -4.3125]
[4.1875, 4.25, 4.3125]
7 200
Score: 93.16349
4.216965034285822e-05 17782.794100389227
Time 6373.346620559692
