Created graph
0.1 1000
[[inf, 0, 0], [0, 0, 0], [0, 0, 0]]
0.1 100000
[[inf, inf, 0], [0, 0, 0], [0, 0, 0]]
0.1 10000000
[[inf, inf, inf], [0, 0, 0], [0, 0, 0]]
1e-05 1000
[[inf, inf, inf], [102.65611, 0, 0], [0, 0, 0]]
1e-05 100000
[[inf, inf, inf], [102.65611, 122.26894, 0], [0, 0, 0]]
1e-05 10000000
[[inf, inf, inf], [102.65611, 122.26894, 229.37465], [0, 0, 0]]
1e-09 1000
[[inf, inf, inf], [102.65611, 122.26894, 229.37465], [253.57132, 0, 0]]
1e-09 100000
[[inf, inf, inf], [102.65611, 122.26894, 229.37465], [253.57132, 253.05571, 0]]
1e-09 10000000
[[inf, inf, inf], [102.65611, 122.26894, 229.37465], [253.57132, 253.05571, 252.10017]]
[-7.0, -5, -3.0]
[1.0, 3, 5.0]
1e-07 10.0
[[239.40367, 0, 0], [0, 0, 0], [0, 0, 0]]
1e-07 1000
[[239.40367, 239.9937, 0], [0, 0, 0], [0, 0, 0]]
1e-07 100000.0
[[239.40367, 239.9937, 240.46017], [0, 0, 0], [0, 0, 0]]
1e-05 10.0
[[239.40367, 239.9937, 240.46017], [98.65634, 0, 0], [0, 0, 0]]
1e-05 1000
[[239.40367, 239.9937, 240.46017], [98.65634, 97.57414, 0], [0, 0, 0]]
1e-05 100000.0
[[239.40367, 239.9937, 240.46017], [98.65634, 97.57414, 123.52917], [0, 0, 0]]
0.001 10.0
[[239.40367, 239.9937, 240.46017], [98.65634, 97.57414, 123.52917], [169.33694, 0, 0]]
0.001 1000
[[239.40367, 239.9937, 240.46017], [98.65634, 97.57414, 123.52917], [169.33694, 113.59026, 0]]
0.001 100000.0
[[239.40367, 239.9937, 240.46017], [98.65634, 97.57414, 123.52917], [169.33694, 113.59026, 187.69995]]
[-6.0, -5, -4.0]
[2.0, 3, 4.0]
1e-06 100.0
[[134.39839, 0, 0], [0, 0, 0], [0, 0, 0]]
1e-06 1000
[[134.39839, 132.89899, 0], [0, 0, 0], [0, 0, 0]]
1e-06 10000.0
[[134.39839, 132.89899, 138.12408], [0, 0, 0], [0, 0, 0]]
1e-05 100.0
[[134.39839, 132.89899, 138.12408], [101.25365, 0, 0], [0, 0, 0]]
1e-05 1000
[[134.39839, 132.89899, 138.12408], [101.25365, 100.87032, 0], [0, 0, 0]]
1e-05 10000.0
[[134.39839, 132.89899, 138.12408], [101.25365, 100.87032, 101.89355], [0, 0, 0]]
0.0001 100.0
[[134.39839, 132.89899, 138.12408], [101.25365, 100.87032, 101.89355], [103.01855, 0, 0]]
0.0001 1000
[[134.39839, 132.89899, 138.12408], [101.25365, 100.87032, 101.89355], [103.01855, 104.83015, 0]]
0.0001 10000.0
[[134.39839, 132.89899, 138.12408], [101.25365, 100.87032, 101.89355], [103.01855, 104.83015, 99.30487]]
[-4.5, -4.0, -3.5]
[3.5, 4.0, 4.5]
3.1622776601683795e-05 3162.2776601683795
[[100.19541, 0, 0], [0, 0, 0], [0, 0, 0]]
3.1622776601683795e-05 10000.0
[[100.19541, 102.691345, 0], [0, 0, 0], [0, 0, 0]]
3.1622776601683795e-05 31622.776601683792
[[100.19541, 102.691345, 106.87903], [0, 0, 0], [0, 0, 0]]
0.0001 3162.2776601683795
[[100.19541, 102.691345, 106.87903], [99.63215, 0, 0], [0, 0, 0]]
0.0001 10000.0
[[100.19541, 102.691345, 106.87903], [99.63215, 98.42498, 0], [0, 0, 0]]
0.0001 31622.776601683792
[[100.19541, 102.691345, 106.87903], [99.63215, 98.42498, 102.987305], [0, 0, 0]]
0.00031622776601683794 3162.2776601683795
[[100.19541, 102.691345, 106.87903], [99.63215, 98.42498, 102.987305], [103.80732, 0, 0]]
0.00031622776601683794 10000.0
[[100.19541, 102.691345, 106.87903], [99.63215, 98.42498, 102.987305], [103.80732, 100.50923, 0]]
0.00031622776601683794 31622.776601683792
[[100.19541, 102.691345, 106.87903], [99.63215, 98.42498, 102.987305], [103.80732, 100.50923, 104.79855]]
[-4.25, -4.0, -3.75]
[3.75, 4.0, 4.25]
5.623413251903491e-05 5623.413251903491
[[100.89471, 0, 0], [0, 0, 0], [0, 0, 0]]
5.623413251903491e-05 10000.0
[[100.89471, 100.34458, 0], [0, 0, 0], [0, 0, 0]]
5.623413251903491e-05 17782.794100389227
[[100.89471, 100.34458, 100.83276], [0, 0, 0], [0, 0, 0]]
0.0001 5623.413251903491
[[100.89471, 100.34458, 100.83276], [98.375534, 0, 0], [0, 0, 0]]
0.0001 10000.0
[[100.89471, 100.34458, 100.83276], [98.375534, 100.46211, 0], [0, 0, 0]]
0.0001 17782.794100389227
[[100.89471, 100.34458, 100.83276], [98.375534, 100.46211, 97.78814], [0, 0, 0]]
0.00017782794100389227 5623.413251903491
[[100.89471, 100.34458, 100.83276], [98.375534, 100.46211, 97.78814], [101.08321, 0, 0]]
0.00017782794100389227 10000.0
[[100.89471, 100.34458, 100.83276], [98.375534, 100.46211, 97.78814], [101.08321, 97.32285, 0]]
0.00017782794100389227 17782.794100389227
[[100.89471, 100.34458, 100.83276], [98.375534, 100.46211, 97.78814], [101.08321, 97.32285, 98.902596]]
[-3.875, -3.75, -3.625]
[3.875, 4.0, 4.125]
0.0001333521432163324 7498.942093324558
[[99.670784, 0, 0], [0, 0, 0], [0, 0, 0]]
0.0001333521432163324 10000.0
[[99.670784, 96.54484, 0], [0, 0, 0], [0, 0, 0]]
0.0001333521432163324 13335.21432163324
[[99.670784, 96.54484, 101.7297], [0, 0, 0], [0, 0, 0]]
0.00017782794100389227 7498.942093324558
[[99.670784, 96.54484, 101.7297], [102.51463, 0, 0], [0, 0, 0]]
0.00017782794100389227 10000.0
[[99.670784, 96.54484, 101.7297], [102.51463, 99.88779, 0], [0, 0, 0]]
0.00017782794100389227 13335.21432163324
[[99.670784, 96.54484, 101.7297], [102.51463, 99.88779, 102.08739], [0, 0, 0]]
0.00023713737056616554 7498.942093324558
[[99.670784, 96.54484, 101.7297], [102.51463, 99.88779, 102.08739], [98.97739, 0, 0]]
0.00023713737056616554 10000.0
[[99.670784, 96.54484, 101.7297], [102.51463, 99.88779, 102.08739], [98.97739, 101.05292, 0]]
0.00023713737056616554 13335.21432163324
[[99.670784, 96.54484, 101.7297], [102.51463, 99.88779, 102.08739], [98.97739, 101.05292, 98.7901]]
[-3.9375, -3.875, -3.8125]
[3.9375, 4.0, 4.0625]
5 250
Score: 96.54484
0.0001333521432163324 10000.0
Time 8324.397099256516
