Created graph
0.1 1000
[[1.0849188e+19, 0, 0], [0, 0, 0], [0, 0, 0]]
0.1 100000
[[1.0849188e+19, inf, 0], [0, 0, 0], [0, 0, 0]]
0.1 10000000
[[1.0849188e+19, inf, 9.445185e+18], [0, 0, 0], [0, 0, 0]]
1e-05 1000
[[1.0849188e+19, inf, 9.445185e+18], [94.13673, 0, 0], [0, 0, 0]]
1e-05 100000
[[1.0849188e+19, inf, 9.445185e+18], [94.13673, 106.54746, 0], [0, 0, 0]]
1e-05 10000000
[[1.0849188e+19, inf, 9.445185e+18], [94.13673, 106.54746, 228.68245], [0, 0, 0]]
1e-09 1000
[[1.0849188e+19, inf, 9.445185e+18], [94.13673, 106.54746, 228.68245], [256.58948, 0, 0]]
1e-09 100000
[[1.0849188e+19, inf, 9.445185e+18], [94.13673, 106.54746, 228.68245], [256.58948, 256.61322, 0]]
1e-09 10000000
[[1.0849188e+19, inf, 9.445185e+18], [94.13673, 106.54746, 228.68245], [256.58948, 256.61322, 256.2962]]
[-7.0, -5, -3.0]
[1.0, 3, 5.0]
1e-07 10.0
[[242.9987, 0, 0], [0, 0, 0], [0, 0, 0]]
1e-07 1000
[[242.9987, 245.88728, 0], [0, 0, 0], [0, 0, 0]]
1e-07 100000.0
[[242.9987, 245.88728, 245.98799], [0, 0, 0], [0, 0, 0]]
1e-05 10.0
[[242.9987, 245.88728, 245.98799], [94.63776, 0, 0], [0, 0, 0]]
1e-05 1000
[[242.9987, 245.88728, 245.98799], [94.63776, 93.996735, 0], [0, 0, 0]]
1e-05 100000.0
[[242.9987, 245.88728, 245.98799], [94.63776, 93.996735, 106.842834], [0, 0, 0]]
0.001 10.0
[[242.9987, 245.88728, 245.98799], [94.63776, 93.996735, 106.842834], [98.8913, 0, 0]]
0.001 1000
[[242.9987, 245.88728, 245.98799], [94.63776, 93.996735, 106.842834], [98.8913, 98.481964, 0]]
0.001 100000.0
[[242.9987, 245.88728, 245.98799], [94.63776, 93.996735, 106.842834], [98.8913, 98.481964, 150.25014]]
[-6.0, -5, -4.0]
[2.0, 3, 4.0]
1e-06 100.0
[[116.80502, 0, 0], [0, 0, 0], [0, 0, 0]]
1e-06 1000
[[116.80502, 121.768936, 0], [0, 0, 0], [0, 0, 0]]
1e-06 10000.0
[[116.80502, 121.768936, 126.176636], [0, 0, 0], [0, 0, 0]]
1e-05 100.0
[[116.80502, 121.768936, 126.176636], [94.28048, 0, 0], [0, 0, 0]]
1e-05 1000
[[116.80502, 121.768936, 126.176636], [94.28048, 93.28995, 0], [0, 0, 0]]
1e-05 10000.0
[[116.80502, 121.768936, 126.176636], [94.28048, 93.28995, 95.14494], [0, 0, 0]]
0.0001 100.0
[[116.80502, 121.768936, 126.176636], [94.28048, 93.28995, 95.14494], [98.2982, 0, 0]]
0.0001 1000
[[116.80502, 121.768936, 126.176636], [94.28048, 93.28995, 95.14494], [98.2982, 97.48258, 0]]
0.0001 10000.0
[[116.80502, 121.768936, 126.176636], [94.28048, 93.28995, 95.14494], [98.2982, 97.48258, 96.34566]]
[-5.5, -5, -4.5]
[2.5, 3, 3.5]
3.162277660168379e-06 316.22776601683796
[[93.99656, 0, 0], [0, 0, 0], [0, 0, 0]]
3.162277660168379e-06 1000
[[93.99656, 95.15444, 0], [0, 0, 0], [0, 0, 0]]
3.162277660168379e-06 3162.2776601683795
[[93.99656, 95.15444, 96.68229], [0, 0, 0], [0, 0, 0]]
1e-05 316.22776601683796
[[93.99656, 95.15444, 96.68229], [93.03415, 0, 0], [0, 0, 0]]
1e-05 1000
[[93.99656, 95.15444, 96.68229], [93.03415, 93.831085, 0], [0, 0, 0]]
1e-05 3162.2776601683795
[[93.99656, 95.15444, 96.68229], [93.03415, 93.831085, 94.705894], [0, 0, 0]]
3.1622776601683795e-05 316.22776601683796
[[93.99656, 95.15444, 96.68229], [93.03415, 93.831085, 94.705894], [95.69327, 0, 0]]
3.1622776601683795e-05 1000
[[93.99656, 95.15444, 96.68229], [93.03415, 93.831085, 94.705894], [95.69327, 93.79128, 0]]
3.1622776601683795e-05 3162.2776601683795
[[93.99656, 95.15444, 96.68229], [93.03415, 93.831085, 94.705894], [95.69327, 93.79128, 95.620026]]
[-5.25, -5, -4.75]
[2.25, 2.5, 2.75]
5.623413251903491e-06 177.82794100389228
[[93.51203, 0, 0], [0, 0, 0], [0, 0, 0]]
5.623413251903491e-06 316.22776601683796
[[93.51203, 93.449585, 0], [0, 0, 0], [0, 0, 0]]
5.623413251903491e-06 562.341325190349
[[93.51203, 93.449585, 94.22365], [0, 0, 0], [0, 0, 0]]
1e-05 177.82794100389228
[[93.51203, 93.449585, 94.22365], [93.08452, 0, 0], [0, 0, 0]]
1e-05 316.22776601683796
[[93.51203, 93.449585, 94.22365], [93.08452, 94.22402, 0], [0, 0, 0]]
1e-05 562.341325190349
[[93.51203, 93.449585, 94.22365], [93.08452, 94.22402, 94.21481], [0, 0, 0]]
1.778279410038923e-05 177.82794100389228
[[93.51203, 93.449585, 94.22365], [93.08452, 94.22402, 94.21481], [93.39399, 0, 0]]
1.778279410038923e-05 316.22776601683796
[[93.51203, 93.449585, 94.22365], [93.08452, 94.22402, 94.21481], [93.39399, 93.62913, 0]]
1.778279410038923e-05 562.341325190349
[[93.51203, 93.449585, 94.22365], [93.08452, 94.22402, 94.21481], [93.39399, 93.62913, 94.37762]]
[-5.125, -5, -4.875]
[2.125, 2.25, 2.375]
7.498942093324558e-06 133.3521432163324
[[94.03521, 0, 0], [0, 0, 0], [0, 0, 0]]
7.498942093324558e-06 177.82794100389228
[[94.03521, 93.99116, 0], [0, 0, 0], [0, 0, 0]]
7.498942093324558e-06 237.13737056616552
[[94.03521, 93.99116, 93.26236], [0, 0, 0], [0, 0, 0]]
1e-05 133.3521432163324
[[94.03521, 93.99116, 93.26236], [95.02546, 0, 0], [0, 0, 0]]
1e-05 177.82794100389228
[[94.03521, 93.99116, 93.26236], [95.02546, 93.720764, 0], [0, 0, 0]]
1e-05 237.13737056616552
[[94.03521, 93.99116, 93.26236], [95.02546, 93.720764, 94.175804], [0, 0, 0]]
1.333521432163324e-05 133.3521432163324
[[94.03521, 93.99116, 93.26236], [95.02546, 93.720764, 94.175804], [93.83282, 0, 0]]
1.333521432163324e-05 177.82794100389228
[[94.03521, 93.99116, 93.26236], [95.02546, 93.720764, 94.175804], [93.83282, 94.240265, 0]]
1.333521432163324e-05 237.13737056616552
[[94.03521, 93.99116, 93.26236], [95.02546, 93.720764, 94.175804], [93.83282, 94.240265, 93.808846]]
[-5.1875, -5.125, -5.0625]
[2.3125, 2.375, 2.4375]
3 5
Score: 93.26236
7.498942093324558e-06 237.13737056616552
Time 9276.876973867416
