Created graph
0.1 1000
[[inf, 0, 0], [0, 0, 0], [0, 0, 0]]
0.1 100000
[[inf, inf, 0], [0, 0, 0], [0, 0, 0]]
0.1 10000000
[[inf, inf, inf], [0, 0, 0], [0, 0, 0]]
1e-05 1000
[[inf, inf, inf], [102.42025, 0, 0], [0, 0, 0]]
1e-05 100000
[[inf, inf, inf], [102.42025, 116.2088, 0], [0, 0, 0]]
1e-05 10000000
[[inf, inf, inf], [102.42025, 116.2088, 257.93054], [0, 0, 0]]
1e-09 1000
[[inf, inf, inf], [102.42025, 116.2088, 257.93054], [284.5713, 0, 0]]
1e-09 100000
[[inf, inf, inf], [102.42025, 116.2088, 257.93054], [284.5713, 284.6905, 0]]
1e-09 10000000
[[inf, inf, inf], [102.42025, 116.2088, 257.93054], [284.5713, 284.6905, 284.3677]]
[-7.0, -5, -3.0]
[1.0, 3, 5.0]
1e-07 10.0
[[269.29248, 0, 0], [0, 0, 0], [0, 0, 0]]
1e-07 1000
[[269.29248, 270.60742, 0], [0, 0, 0], [0, 0, 0]]
1e-07 100000.0
[[269.29248, 270.60742, 269.84683], [0, 0, 0], [0, 0, 0]]
1e-05 10.0
[[269.29248, 270.60742, 269.84683], [103.32473, 0, 0], [0, 0, 0]]
1e-05 1000
[[269.29248, 270.60742, 269.84683], [103.32473, 100.59625, 0], [0, 0, 0]]
1e-05 100000.0
[[269.29248, 270.60742, 269.84683], [103.32473, 100.59625, 115.29693], [0, 0, 0]]
0.001 10.0
[[269.29248, 270.60742, 269.84683], [103.32473, 100.59625, 115.29693], [145.32924, 0, 0]]
0.001 1000
[[269.29248, 270.60742, 269.84683], [103.32473, 100.59625, 115.29693], [145.32924, 149.37186, 0]]
0.001 100000.0
[[269.29248, 270.60742, 269.84683], [103.32473, 100.59625, 115.29693], [145.32924, 149.37186, 230.0222]]
[-6.0, -5, -4.0]
[2.0, 3, 4.0]
1e-06 100.0
[[123.421364, 0, 0], [0, 0, 0], [0, 0, 0]]
1e-06 1000
[[123.421364, 123.79289, 0], [0, 0, 0], [0, 0, 0]]
1e-06 10000.0
[[123.421364, 123.79289, 125.22098], [0, 0, 0], [0, 0, 0]]
1e-05 100.0
[[123.421364, 123.79289, 125.22098], [100.56453, 0, 0], [0, 0, 0]]
1e-05 1000
[[123.421364, 123.79289, 125.22098], [100.56453, 102.76371, 0], [0, 0, 0]]
1e-05 10000.0
[[123.421364, 123.79289, 125.22098], [100.56453, 102.76371, 102.67602], [0, 0, 0]]
0.0001 100.0
[[123.421364, 123.79289, 125.22098], [100.56453, 102.76371, 102.67602], [110.3323, 0, 0]]
0.0001 1000
[[123.421364, 123.79289, 125.22098], [100.56453, 102.76371, 102.67602], [110.3323, 112.60504, 0]]
0.0001 10000.0
[[123.421364, 123.79289, 125.22098], [100.56453, 102.76371, 102.67602], [110.3323, 112.60504, 104.45573]]
[-5.5, -5, -4.5]
[1.5, 2.0, 2.5]
3.162277660168379e-06 31.622776601683793
[[102.508316, 0, 0], [0, 0, 0], [0, 0, 0]]
3.162277660168379e-06 100.0
[[102.508316, 102.5789, 0], [0, 0, 0], [0, 0, 0]]
3.162277660168379e-06 316.22776601683796
[[102.508316, 102.5789, 103.25426], [0, 0, 0], [0, 0, 0]]
1e-05 31.622776601683793
[[102.508316, 102.5789, 103.25426], [103.08216, 0, 0], [0, 0, 0]]
1e-05 100.0
[[102.508316, 102.5789, 103.25426], [103.08216, 101.207184, 0], [0, 0, 0]]
1e-05 316.22776601683796
[[102.508316, 102.5789, 103.25426], [103.08216, 101.207184, 103.23307], [0, 0, 0]]
3.1622776601683795e-05 31.622776601683793
[[102.508316, 102.5789, 103.25426], [103.08216, 101.207184, 103.23307], [100.22969, 0, 0]]
3.1622776601683795e-05 100.0
[[102.508316, 102.5789, 103.25426], [103.08216, 101.207184, 103.23307], [100.22969, 102.544014, 0]]
3.1622776601683795e-05 316.22776601683796
[[102.508316, 102.5789, 103.25426], [103.08216, 101.207184, 103.23307], [100.22969, 102.544014, 105.44452]]
[-4.75, -4.5, -4.25]
[1.25, 1.5, 1.75]
1.778279410038923e-05 17.78279410038923
[[102.56448, 0, 0], [0, 0, 0], [0, 0, 0]]
1.778279410038923e-05 31.622776601683793
[[102.56448, 104.00864, 0], [0, 0, 0], [0, 0, 0]]
1.778279410038923e-05 56.23413251903491
[[102.56448, 104.00864, 102.39884], [0, 0, 0], [0, 0, 0]]
3.1622776601683795e-05 17.78279410038923
[[102.56448, 104.00864, 102.39884], [99.7517, 0, 0], [0, 0, 0]]
3.1622776601683795e-05 31.622776601683793
[[102.56448, 104.00864, 102.39884], [99.7517, 102.58735, 0], [0, 0, 0]]
3.1622776601683795e-05 56.23413251903491
[[102.56448, 104.00864, 102.39884], [99.7517, 102.58735, 102.208725], [0, 0, 0]]
5.623413251903491e-05 17.78279410038923
[[102.56448, 104.00864, 102.39884], [99.7517, 102.58735, 102.208725], [109.34152, 0, 0]]
5.623413251903491e-05 31.622776601683793
[[102.56448, 104.00864, 102.39884], [99.7517, 102.58735, 102.208725], [109.34152, 105.92727, 0]]
5.623413251903491e-05 56.23413251903491
[[102.56448, 104.00864, 102.39884], [99.7517, 102.58735, 102.208725], [109.34152, 105.92727, 104.86194]]
[-4.625, -4.5, -4.375]
[1.125, 1.25, 1.375]
2.3713737056616554e-05 13.33521432163324
[[102.39717, 0, 0], [0, 0, 0], [0, 0, 0]]
2.3713737056616554e-05 17.78279410038923
[[102.39717, 104.01819, 0], [0, 0, 0], [0, 0, 0]]
2.3713737056616554e-05 23.71373705661655
[[102.39717, 104.01819, 103.959274], [0, 0, 0], [0, 0, 0]]
3.1622776601683795e-05 13.33521432163324
[[102.39717, 104.01819, 103.959274], [102.79325, 0, 0], [0, 0, 0]]
3.1622776601683795e-05 17.78279410038923
[[102.39717, 104.01819, 103.959274], [102.79325, 105.16509, 0], [0, 0, 0]]
3.1622776601683795e-05 23.71373705661655
[[102.39717, 104.01819, 103.959274], [102.79325, 105.16509, 102.73563], [0, 0, 0]]
4.216965034285822e-05 13.33521432163324
[[102.39717, 104.01819, 103.959274], [102.79325, 105.16509, 102.73563], [105.116104, 0, 0]]
4.216965034285822e-05 17.78279410038923
[[102.39717, 104.01819, 103.959274], [102.79325, 105.16509, 102.73563], [105.116104, 104.065, 0]]
4.216965034285822e-05 23.71373705661655
[[102.39717, 104.01819, 103.959274], [102.79325, 105.16509, 102.73563], [105.116104, 104.065, 101.82035]]
[-4.4375, -4.375, -4.3125]
[1.3125, 1.375, 1.4375]
7 10
Score: 101.82035
4.216965034285822e-05 23.71373705661655
Time 6530.2109978199005
