Created graph
0.1 1000
[[1.3113336e+19, 0, 0], [0, 0, 0], [0, 0, 0]]
0.1 100000
[[1.3113336e+19, inf, 0], [0, 0, 0], [0, 0, 0]]
0.1 10000000
[[1.3113336e+19, inf, 1.1256225e+19], [0, 0, 0], [0, 0, 0]]
1e-05 1000
[[1.3113336e+19, inf, 1.1256225e+19], [91.23249, 0, 0], [0, 0, 0]]
1e-05 100000
[[1.3113336e+19, inf, 1.1256225e+19], [91.23249, 99.1294, 0], [0, 0, 0]]
1e-05 10000000
[[1.3113336e+19, inf, 1.1256225e+19], [91.23249, 99.1294, 192.66641], [0, 0, 0]]
1e-09 1000
[[1.3113336e+19, inf, 1.1256225e+19], [91.23249, 99.1294, 192.66641], [220.5108, 0, 0]]
1e-09 100000
[[1.3113336e+19, inf, 1.1256225e+19], [91.23249, 99.1294, 192.66641], [220.5108, 219.93227, 0]]
1e-09 10000000
[[1.3113336e+19, inf, 1.1256225e+19], [91.23249, 99.1294, 192.66641], [220.5108, 219.93227, 220.38695]]
[-7.0, -5, -3.0]
[1.0, 3, 5.0]
1e-07 10.0
[[208.99196, 0, 0], [0, 0, 0], [0, 0, 0]]
1e-07 1000
[[208.99196, 209.38576, 0], [0, 0, 0], [0, 0, 0]]
1e-07 100000.0
[[208.99196, 209.38576, 206.62141], [0, 0, 0], [0, 0, 0]]
1e-05 10.0
[[208.99196, 209.38576, 206.62141], [91.42338, 0, 0], [0, 0, 0]]
1e-05 1000
[[208.99196, 209.38576, 206.62141], [91.42338, 91.437386, 0], [0, 0, 0]]
1e-05 100000.0
[[208.99196, 209.38576, 206.62141], [91.42338, 91.437386, 99.85904], [0, 0, 0]]
0.001 10.0
[[208.99196, 209.38576, 206.62141], [91.42338, 91.437386, 99.85904], [97.767204, 0, 0]]
0.001 1000
[[208.99196, 209.38576, 206.62141], [91.42338, 91.437386, 99.85904], [97.767204, 98.9503, 0]]
0.001 100000.0
[[208.99196, 209.38576, 206.62141], [91.42338, 91.437386, 99.85904], [97.767204, 98.9503, 116.888626]]
[-6.0, -5, -4.0]
[0.0, 1.0, 2.0]
1e-06 1.0
[[119.63753, 0, 0], [0, 0, 0], [0, 0, 0]]
1e-06 10.0
[[119.63753, 118.74597, 0], [0, 0, 0], [0, 0, 0]]
1e-06 100.0
[[119.63753, 118.74597, 120.54153], [0, 0, 0], [0, 0, 0]]
1e-05 1.0
[[119.63753, 118.74597, 120.54153], [91.90613, 0, 0], [0, 0, 0]]
1e-05 10.0
[[119.63753, 118.74597, 120.54153], [91.90613, 91.37139, 0], [0, 0, 0]]
1e-05 100.0
[[119.63753, 118.74597, 120.54153], [91.90613, 91.37139, 91.71506], [0, 0, 0]]
0.0001 1.0
[[119.63753, 118.74597, 120.54153], [91.90613, 91.37139, 91.71506], [95.32617, 0, 0]]
0.0001 10.0
[[119.63753, 118.74597, 120.54153], [91.90613, 91.37139, 91.71506], [95.32617, 95.02031, 0]]
0.0001 100.0
[[119.63753, 118.74597, 120.54153], [91.90613, 91.37139, 91.71506], [95.32617, 95.02031, 95.79984]]
[-5.5, -5, -4.5]
[0.5, 1.0, 1.5]
3.162277660168379e-06 3.1622776601683795
[[92.29038, 0, 0], [0, 0, 0], [0, 0, 0]]
3.162277660168379e-06 10.0
[[92.29038, 91.81334, 0], [0, 0, 0], [0, 0, 0]]
3.162277660168379e-06 31.622776601683793
[[92.29038, 91.81334, 92.41906], [0, 0, 0], [0, 0, 0]]
1e-05 3.1622776601683795
[[92.29038, 91.81334, 92.41906], [92.795944, 0, 0], [0, 0, 0]]
1e-05 10.0
[[92.29038, 91.81334, 92.41906], [92.795944, 93.534836, 0], [0, 0, 0]]
1e-05 31.622776601683793
[[92.29038, 91.81334, 92.41906], [92.795944, 93.534836, 91.64006], [0, 0, 0]]
3.1622776601683795e-05 3.1622776601683795
[[92.29038, 91.81334, 92.41906], [92.795944, 93.534836, 91.64006], [92.52126, 0, 0]]
3.1622776601683795e-05 10.0
[[92.29038, 91.81334, 92.41906], [92.795944, 93.534836, 91.64006], [92.52126, 92.60615, 0]]
3.1622776601683795e-05 31.622776601683793
[[92.29038, 91.81334, 92.41906], [92.795944, 93.534836, 91.64006], [92.52126, 92.60615, 92.96405]]
[-5.25, -5, -4.75]
[1.25, 1.5, 1.75]
5.623413251903491e-06 17.78279410038923
[[91.29116, 0, 0], [0, 0, 0], [0, 0, 0]]
5.623413251903491e-06 31.622776601683793
[[91.29116, 91.341606, 0], [0, 0, 0], [0, 0, 0]]
5.623413251903491e-06 56.23413251903491
[[91.29116, 91.341606, 91.29312], [0, 0, 0], [0, 0, 0]]
1e-05 17.78279410038923
[[91.29116, 91.341606, 91.29312], [91.790955, 0, 0], [0, 0, 0]]
1e-05 31.622776601683793
[[91.29116, 91.341606, 91.29312], [91.790955, 90.94085, 0], [0, 0, 0]]
1e-05 56.23413251903491
[[91.29116, 91.341606, 91.29312], [91.790955, 90.94085, 91.35049], [0, 0, 0]]
1.778279410038923e-05 17.78279410038923
[[91.29116, 91.341606, 91.29312], [91.790955, 90.94085, 91.35049], [91.52897, 0, 0]]
1.778279410038923e-05 31.622776601683793
[[91.29116, 91.341606, 91.29312], [91.790955, 90.94085, 91.35049], [91.52897, 91.50883, 0]]
1.778279410038923e-05 56.23413251903491
[[91.29116, 91.341606, 91.29312], [91.790955, 90.94085, 91.35049], [91.52897, 91.50883, 91.14366]]
[-5.125, -5, -4.875]
[1.375, 1.5, 1.625]
7.498942093324558e-06 23.71373705661655
[[92.51366, 0, 0], [0, 0, 0], [0, 0, 0]]
7.498942093324558e-06 31.622776601683793
[[92.51366, 91.33377, 0], [0, 0, 0], [0, 0, 0]]
7.498942093324558e-06 42.169650342858226
[[92.51366, 91.33377, 91.048], [0, 0, 0], [0, 0, 0]]
1e-05 23.71373705661655
[[92.51366, 91.33377, 91.048], [91.531624, 0, 0], [0, 0, 0]]
1e-05 31.622776601683793
[[92.51366, 91.33377, 91.048], [91.531624, 91.52927, 0], [0, 0, 0]]
1e-05 42.169650342858226
[[92.51366, 91.33377, 91.048], [91.531624, 91.52927, 91.59054], [0, 0, 0]]
1.333521432163324e-05 23.71373705661655
[[92.51366, 91.33377, 91.048], [91.531624, 91.52927, 91.59054], [92.188736, 0, 0]]
1.333521432163324e-05 31.622776601683793
[[92.51366, 91.33377, 91.048], [91.531624, 91.52927, 91.59054], [92.188736, 92.23806, 0]]
1.333521432163324e-05 42.169650342858226
[[92.51366, 91.33377, 91.048], [91.531624, 91.52927, 91.59054], [92.188736, 92.23806, 91.578415]]
[-5.1875, -5.125, -5.0625]
[1.5625, 1.625, 1.6875]
3 200
Score: 91.048
7.498942093324558e-06 42.169650342858226
Time 9730.582685470581
