Created graph
0.1 1000
[[1.0637787e+19, 0, 0], [0, 0, 0], [0, 0, 0]]
0.1 100000
[[1.0637787e+19, 1.155325e+19, 0], [0, 0, 0], [0, 0, 0]]
0.1 10000000
[[1.0637787e+19, 1.155325e+19, inf], [0, 0, 0], [0, 0, 0]]
1e-05 1000
[[1.0637787e+19, 1.155325e+19, inf], [101.47811, 0, 0], [0, 0, 0]]
1e-05 100000
[[1.0637787e+19, 1.155325e+19, inf], [101.47811, 111.56285, 0], [0, 0, 0]]
1e-05 10000000
[[1.0637787e+19, 1.155325e+19, inf], [101.47811, 111.56285, 207.17348], [0, 0, 0]]
1e-09 1000
[[1.0637787e+19, 1.155325e+19, inf], [101.47811, 111.56285, 207.17348], [234.62265, 0, 0]]
1e-09 100000
[[1.0637787e+19, 1.155325e+19, inf], [101.47811, 111.56285, 207.17348], [234.62265, 234.98134, 0]]
1e-09 10000000
[[1.0637787e+19, 1.155325e+19, inf], [101.47811, 111.56285, 207.17348], [234.62265, 234.98134, 234.87082]]
[-7.0, -5, -3.0]
[1.0, 3, 5.0]
1e-07 10.0
[[221.2975, 0, 0], [0, 0, 0], [0, 0, 0]]
1e-07 1000
[[221.2975, 220.75821, 0], [0, 0, 0], [0, 0, 0]]
1e-07 100000.0
[[221.2975, 220.75821, 223.39444], [0, 0, 0], [0, 0, 0]]
1e-05 10.0
[[221.2975, 220.75821, 223.39444], [99.31678, 0, 0], [0, 0, 0]]
1e-05 1000
[[221.2975, 220.75821, 223.39444], [99.31678, 100.50664, 0], [0, 0, 0]]
1e-05 100000.0
[[221.2975, 220.75821, 223.39444], [99.31678, 100.50664, 111.73233], [0, 0, 0]]
0.001 10.0
[[221.2975, 220.75821, 223.39444], [99.31678, 100.50664, 111.73233], [118.3719, 0, 0]]
0.001 1000
[[221.2975, 220.75821, 223.39444], [99.31678, 100.50664, 111.73233], [118.3719, 118.59537, 0]]
0.001 100000.0
[[221.2975, 220.75821, 223.39444], [99.31678, 100.50664, 111.73233], [118.3719, 118.59537, 133.85977]]
[-6.0, -5, -4.0]
[0.0, 1.0, 2.0]
1e-06 1.0
[[120.637665, 0, 0], [0, 0, 0], [0, 0, 0]]
1e-06 10.0
[[120.637665, 123.60526, 0], [0, 0, 0], [0, 0, 0]]
1e-06 100.0
[[120.637665, 123.60526, 118.370964], [0, 0, 0], [0, 0, 0]]
1e-05 1.0
[[120.637665, 123.60526, 118.370964], [100.324234, 0, 0], [0, 0, 0]]
1e-05 10.0
[[120.637665, 123.60526, 118.370964], [100.324234, 97.124054, 0], [0, 0, 0]]
1e-05 100.0
[[120.637665, 123.60526, 118.370964], [100.324234, 97.124054, 101.32034], [0, 0, 0]]
0.0001 1.0
[[120.637665, 123.60526, 118.370964], [100.324234, 97.124054, 101.32034], [109.87717, 0, 0]]
0.0001 10.0
[[120.637665, 123.60526, 118.370964], [100.324234, 97.124054, 101.32034], [109.87717, 106.1832, 0]]
0.0001 100.0
[[120.637665, 123.60526, 118.370964], [100.324234, 97.124054, 101.32034], [109.87717, 106.1832, 105.41346]]
[-5.5, -5, -4.5]
[0.5, 1.0, 1.5]
3.162277660168379e-06 3.1622776601683795
[[101.67454, 0, 0], [0, 0, 0], [0, 0, 0]]
3.162277660168379e-06 10.0
[[101.67454, 99.78304, 0], [0, 0, 0], [0, 0, 0]]
3.162277660168379e-06 31.622776601683793
[[101.67454, 99.78304, 100.31762], [0, 0, 0], [0, 0, 0]]
1e-05 3.1622776601683795
[[101.67454, 99.78304, 100.31762], [101.10279, 0, 0], [0, 0, 0]]
1e-05 10.0
[[101.67454, 99.78304, 100.31762], [101.10279, 100.164055, 0], [0, 0, 0]]
1e-05 31.622776601683793
[[101.67454, 99.78304, 100.31762], [101.10279, 100.164055, 100.47295], [0, 0, 0]]
3.1622776601683795e-05 3.1622776601683795
[[101.67454, 99.78304, 100.31762], [101.10279, 100.164055, 100.47295], [101.441315, 0, 0]]
3.1622776601683795e-05 10.0
[[101.67454, 99.78304, 100.31762], [101.10279, 100.164055, 100.47295], [101.441315, 98.22873, 0]]
3.1622776601683795e-05 31.622776601683793
[[101.67454, 99.78304, 100.31762], [101.10279, 100.164055, 100.47295], [101.441315, 98.22873, 99.170906]]
[-4.75, -4.5, -4.25]
[0.75, 1.0, 1.25]
1.778279410038923e-05 5.623413251903491
[[101.11338, 0, 0], [0, 0, 0], [0, 0, 0]]
1.778279410038923e-05 10.0
[[101.11338, 100.07808, 0], [0, 0, 0], [0, 0, 0]]
1.778279410038923e-05 17.78279410038923
[[101.11338, 100.07808, 99.261925], [0, 0, 0], [0, 0, 0]]
3.1622776601683795e-05 5.623413251903491
[[101.11338, 100.07808, 99.261925], [97.949066, 0, 0], [0, 0, 0]]
3.1622776601683795e-05 10.0
[[101.11338, 100.07808, 99.261925], [97.949066, 97.76673, 0], [0, 0, 0]]
3.1622776601683795e-05 17.78279410038923
[[101.11338, 100.07808, 99.261925], [97.949066, 97.76673, 97.50856], [0, 0, 0]]
5.623413251903491e-05 5.623413251903491
[[101.11338, 100.07808, 99.261925], [97.949066, 97.76673, 97.50856], [102.74668, 0, 0]]
5.623413251903491e-05 10.0
[[101.11338, 100.07808, 99.261925], [97.949066, 97.76673, 97.50856], [102.74668, 104.907135, 0]]
5.623413251903491e-05 17.78279410038923
[[101.11338, 100.07808, 99.261925], [97.949066, 97.76673, 97.50856], [102.74668, 104.907135, 101.05344]]
[-4.625, -4.5, -4.375]
[1.125, 1.25, 1.375]
2.3713737056616554e-05 13.33521432163324
[[98.39016, 0, 0], [0, 0, 0], [0, 0, 0]]
2.3713737056616554e-05 17.78279410038923
[[98.39016, 99.834, 0], [0, 0, 0], [0, 0, 0]]
2.3713737056616554e-05 23.71373705661655
[[98.39016, 99.834, 100.37586], [0, 0, 0], [0, 0, 0]]
3.1622776601683795e-05 13.33521432163324
[[98.39016, 99.834, 100.37586], [101.087234, 0, 0], [0, 0, 0]]
3.1622776601683795e-05 17.78279410038923
[[98.39016, 99.834, 100.37586], [101.087234, 98.93472, 0], [0, 0, 0]]
3.1622776601683795e-05 23.71373705661655
[[98.39016, 99.834, 100.37586], [101.087234, 98.93472, 97.3265], [0, 0, 0]]
4.216965034285822e-05 13.33521432163324
[[98.39016, 99.834, 100.37586], [101.087234, 98.93472, 97.3265], [100.55326, 0, 0]]
4.216965034285822e-05 17.78279410038923
[[98.39016, 99.834, 100.37586], [101.087234, 98.93472, 97.3265], [100.55326, 102.08591, 0]]
4.216965034285822e-05 23.71373705661655
[[98.39016, 99.834, 100.37586], [101.087234, 98.93472, 97.3265], [100.55326, 102.08591, 100.029526]]
[-4.5625, -4.5, -4.4375]
[1.3125, 1.375, 1.4375]
5 200
Score: 97.3265
3.1622776601683795e-05 23.71373705661655
Time 9543.838654279709
