Created graph
0.1 1000
[[inf, 0, 0], [0, 0, 0], [0, 0, 0]]
0.1 100000
[[inf, inf, 0], [0, 0, 0], [0, 0, 0]]
0.1 10000000
[[inf, inf, inf], [0, 0, 0], [0, 0, 0]]
1e-05 1000
[[inf, inf, inf], [91.5228, 0, 0], [0, 0, 0]]
1e-05 100000
[[inf, inf, inf], [91.5228, 94.80693, 0], [0, 0, 0]]
1e-05 10000000
[[inf, inf, inf], [91.5228, 94.80693, 162.69795], [0, 0, 0]]
1e-09 1000
[[inf, inf, inf], [91.5228, 94.80693, 162.69795], [184.6416, 0, 0]]
1e-09 100000
[[inf, inf, inf], [91.5228, 94.80693, 162.69795], [184.6416, 184.66682, 0]]
1e-09 10000000
[[inf, inf, inf], [91.5228, 94.80693, 162.69795], [184.6416, 184.66682, 182.94019]]
[-7.0, -5, -3.0]
[1.0, 3, 5.0]
1e-07 10.0
[[169.90283, 0, 0], [0, 0, 0], [0, 0, 0]]
1e-07 1000
[[169.90283, 172.96979, 0], [0, 0, 0], [0, 0, 0]]
1e-07 100000.0
[[169.90283, 172.96979, 170.62654], [0, 0, 0], [0, 0, 0]]
1e-05 10.0
[[169.90283, 172.96979, 170.62654], [90.84828, 0, 0], [0, 0, 0]]
1e-05 1000
[[169.90283, 172.96979, 170.62654], [90.84828, 90.02092, 0], [0, 0, 0]]
1e-05 100000.0
[[169.90283, 172.96979, 170.62654], [90.84828, 90.02092, 95.26345], [0, 0, 0]]
0.001 10.0
[[169.90283, 172.96979, 170.62654], [90.84828, 90.02092, 95.26345], [91.23374, 0, 0]]
0.001 1000
[[169.90283, 172.96979, 170.62654], [90.84828, 90.02092, 95.26345], [91.23374, 90.13505, 0]]
0.001 100000.0
[[169.90283, 172.96979, 170.62654], [90.84828, 90.02092, 95.26345], [91.23374, 90.13505, 112.597496]]
[-6.0, -5, -4.0]
[2.0, 3, 4.0]
1e-06 100.0
[[110.637344, 0, 0], [0, 0, 0], [0, 0, 0]]
1e-06 1000
[[110.637344, 112.18071, 0], [0, 0, 0], [0, 0, 0]]
1e-06 10000.0
[[110.637344, 112.18071, 113.573235], [0, 0, 0], [0, 0, 0]]
1e-05 100.0
[[110.637344, 112.18071, 113.573235], [91.574875, 0, 0], [0, 0, 0]]
1e-05 1000
[[110.637344, 112.18071, 113.573235], [91.574875, 90.22135, 0], [0, 0, 0]]
1e-05 10000.0
[[110.637344, 112.18071, 113.573235], [91.574875, 90.22135, 90.42791], [0, 0, 0]]
0.0001 100.0
[[110.637344, 112.18071, 113.573235], [91.574875, 90.22135, 90.42791], [91.02371, 0, 0]]
0.0001 1000
[[110.637344, 112.18071, 113.573235], [91.574875, 90.22135, 90.42791], [91.02371, 89.519615, 0]]
0.0001 10000.0
[[110.637344, 112.18071, 113.573235], [91.574875, 90.22135, 90.42791], [91.02371, 89.519615, 87.70738]]
[-4.5, -4.0, -3.5]
[3.5, 4.0, 4.5]
3.1622776601683795e-05 3162.2776601683795
[[87.57148, 0, 0], [0, 0, 0], [0, 0, 0]]
3.1622776601683795e-05 10000.0
[[87.57148, 88.02323, 0], [0, 0, 0], [0, 0, 0]]
3.1622776601683795e-05 31622.776601683792
[[87.57148, 88.02323, 90.46628], [0, 0, 0], [0, 0, 0]]
0.0001 3162.2776601683795
[[87.57148, 88.02323, 90.46628], [89.84304, 0, 0], [0, 0, 0]]
0.0001 10000.0
[[87.57148, 88.02323, 90.46628], [89.84304, 89.27994, 0], [0, 0, 0]]
0.0001 31622.776601683792
[[87.57148, 88.02323, 90.46628], [89.84304, 89.27994, 88.12689], [0, 0, 0]]
0.00031622776601683794 3162.2776601683795
[[87.57148, 88.02323, 90.46628], [89.84304, 89.27994, 88.12689], [89.93494, 0, 0]]
0.00031622776601683794 10000.0
[[87.57148, 88.02323, 90.46628], [89.84304, 89.27994, 88.12689], [89.93494, 89.53798, 0]]
0.00031622776601683794 31622.776601683792
[[87.57148, 88.02323, 90.46628], [89.84304, 89.27994, 88.12689], [89.93494, 89.53798, 91.00633]]
[-4.75, -4.5, -4.25]
[3.25, 3.5, 3.75]
1.778279410038923e-05 1778.2794100389228
[[87.49859, 0, 0], [0, 0, 0], [0, 0, 0]]
1.778279410038923e-05 3162.2776601683795
[[87.49859, 90.22691, 0], [0, 0, 0], [0, 0, 0]]
1.778279410038923e-05 5623.413251903491
[[87.49859, 90.22691, 90.28749], [0, 0, 0], [0, 0, 0]]
3.1622776601683795e-05 1778.2794100389228
[[87.49859, 90.22691, 90.28749], [87.626686, 0, 0], [0, 0, 0]]
3.1622776601683795e-05 3162.2776601683795
[[87.49859, 90.22691, 90.28749], [87.626686, 90.97262, 0], [0, 0, 0]]
3.1622776601683795e-05 5623.413251903491
[[87.49859, 90.22691, 90.28749], [87.626686, 90.97262, 87.56123], [0, 0, 0]]
5.623413251903491e-05 1778.2794100389228
[[87.49859, 90.22691, 90.28749], [87.626686, 90.97262, 87.56123], [87.99671, 0, 0]]
5.623413251903491e-05 3162.2776601683795
[[87.49859, 90.22691, 90.28749], [87.626686, 90.97262, 87.56123], [87.99671, 90.003654, 0]]
5.623413251903491e-05 5623.413251903491
[[87.49859, 90.22691, 90.28749], [87.626686, 90.97262, 87.56123], [87.99671, 90.003654, 87.90776]]
[-4.875, -4.75, -4.625]
[3.125, 3.25, 3.375]
1.333521432163324e-05 1333.521432163324
[[90.159485, 0, 0], [0, 0, 0], [0, 0, 0]]
1.333521432163324e-05 1778.2794100389228
[[90.159485, 90.31127, 0], [0, 0, 0], [0, 0, 0]]
1.333521432163324e-05 2371.373705661655
[[90.159485, 90.31127, 89.6599], [0, 0, 0], [0, 0, 0]]
1.778279410038923e-05 1333.521432163324
[[90.159485, 90.31127, 89.6599], [87.26087, 0, 0], [0, 0, 0]]
1.778279410038923e-05 1778.2794100389228
[[90.159485, 90.31127, 89.6599], [87.26087, 90.21807, 0], [0, 0, 0]]
1.778279410038923e-05 2371.373705661655
[[90.159485, 90.31127, 89.6599], [87.26087, 90.21807, 90.13111], [0, 0, 0]]
2.3713737056616554e-05 1333.521432163324
[[90.159485, 90.31127, 89.6599], [87.26087, 90.21807, 90.13111], [91.20255, 0, 0]]
2.3713737056616554e-05 1778.2794100389228
[[90.159485, 90.31127, 89.6599], [87.26087, 90.21807, 90.13111], [91.20255, 88.366, 0]]
2.3713737056616554e-05 2371.373705661655
[[90.159485, 90.31127, 89.6599], [87.26087, 90.21807, 90.13111], [91.20255, 88.366, 88.22058]]
[-4.8125, -4.75, -4.6875]
[3.0625, 3.125, 3.1875]
4 250
Score: 87.26087
1.778279410038923e-05 1333.521432163324
Time 7574.131774187088
