Created graph
0.1 1000
[[inf, 0, 0], [0, 0, 0], [0, 0, 0]]
0.1 100000
[[inf, inf, 0], [0, 0, 0], [0, 0, 0]]
0.1 10000000
[[inf, inf, inf], [0, 0, 0], [0, 0, 0]]
1e-05 1000
[[inf, inf, inf], [96.39485, 0, 0], [0, 0, 0]]
1e-05 100000
[[inf, inf, inf], [96.39485, 111.23014, 0], [0, 0, 0]]
1e-05 10000000
[[inf, inf, inf], [96.39485, 111.23014, 238.07756], [0, 0, 0]]
1e-09 1000
[[inf, inf, inf], [96.39485, 111.23014, 238.07756], [265.06686, 0, 0]]
1e-09 100000
[[inf, inf, inf], [96.39485, 111.23014, 238.07756], [265.06686, 265.54913, 0]]
1e-09 10000000
[[inf, inf, inf], [96.39485, 111.23014, 238.07756], [265.06686, 265.54913, 266.81143]]
[-7.0, -5, -3.0]
[1.0, 3, 5.0]
1e-07 10.0
[[249.9281, 0, 0], [0, 0, 0], [0, 0, 0]]
1e-07 1000
[[249.9281, 249.33188, 0], [0, 0, 0], [0, 0, 0]]
1e-07 100000.0
[[249.9281, 249.33188, 247.62697], [0, 0, 0], [0, 0, 0]]
1e-05 10.0
[[249.9281, 249.33188, 247.62697], [94.80773, 0, 0], [0, 0, 0]]
1e-05 1000
[[249.9281, 249.33188, 247.62697], [94.80773, 97.68455, 0], [0, 0, 0]]
1e-05 100000.0
[[249.9281, 249.33188, 247.62697], [94.80773, 97.68455, 111.64063], [0, 0, 0]]
0.001 10.0
[[249.9281, 249.33188, 247.62697], [94.80773, 97.68455, 111.64063], [219.18175, 0, 0]]
0.001 1000
[[249.9281, 249.33188, 247.62697], [94.80773, 97.68455, 111.64063], [219.18175, 130.29396, 0]]
0.001 100000.0
[[249.9281, 249.33188, 247.62697], [94.80773, 97.68455, 111.64063], [219.18175, 130.29396, 223.64302]]
[-6.0, -5, -4.0]
[0.0, 1.0, 2.0]
1e-06 1.0
[[126.28473, 0, 0], [0, 0, 0], [0, 0, 0]]
1e-06 10.0
[[126.28473, 123.726494, 0], [0, 0, 0], [0, 0, 0]]
1e-06 100.0
[[126.28473, 123.726494, 123.417046], [0, 0, 0], [0, 0, 0]]
1e-05 1.0
[[126.28473, 123.726494, 123.417046], [94.93661, 0, 0], [0, 0, 0]]
1e-05 10.0
[[126.28473, 123.726494, 123.417046], [94.93661, 94.90158, 0], [0, 0, 0]]
1e-05 100.0
[[126.28473, 123.726494, 123.417046], [94.93661, 94.90158, 99.69779], [0, 0, 0]]
0.0001 1.0
[[126.28473, 123.726494, 123.417046], [94.93661, 94.90158, 99.69779], [108.12287, 0, 0]]
0.0001 10.0
[[126.28473, 123.726494, 123.417046], [94.93661, 94.90158, 99.69779], [108.12287, 107.194374, 0]]
0.0001 100.0
[[126.28473, 123.726494, 123.417046], [94.93661, 94.90158, 99.69779], [108.12287, 107.194374, 105.70952]]
[-5.5, -5, -4.5]
[0.5, 1.0, 1.5]
3.162277660168379e-06 3.1622776601683795
[[96.87134, 0, 0], [0, 0, 0], [0, 0, 0]]
3.162277660168379e-06 10.0
[[96.87134, 97.4832, 0], [0, 0, 0], [0, 0, 0]]
3.162277660168379e-06 31.622776601683793
[[96.87134, 97.4832, 99.227936], [0, 0, 0], [0, 0, 0]]
1e-05 3.1622776601683795
[[96.87134, 97.4832, 99.227936], [97.77786, 0, 0], [0, 0, 0]]
1e-05 10.0
[[96.87134, 97.4832, 99.227936], [97.77786, 94.82767, 0], [0, 0, 0]]
1e-05 31.622776601683793
[[96.87134, 97.4832, 99.227936], [97.77786, 94.82767, 95.20736], [0, 0, 0]]
3.1622776601683795e-05 3.1622776601683795
[[96.87134, 97.4832, 99.227936], [97.77786, 94.82767, 95.20736], [101.20231, 0, 0]]
3.1622776601683795e-05 10.0
[[96.87134, 97.4832, 99.227936], [97.77786, 94.82767, 95.20736], [101.20231, 95.93338, 0]]
3.1622776601683795e-05 31.622776601683793
[[96.87134, 97.4832, 99.227936], [97.77786, 94.82767, 95.20736], [101.20231, 95.93338, 96.835]]
[-5.25, -5, -4.75]
[0.75, 1.0, 1.25]
5.623413251903491e-06 5.623413251903491
[[95.08282, 0, 0], [0, 0, 0], [0, 0, 0]]
5.623413251903491e-06 10.0
[[95.08282, 97.819916, 0], [0, 0, 0], [0, 0, 0]]
5.623413251903491e-06 17.78279410038923
[[95.08282, 97.819916, 98.8376], [0, 0, 0], [0, 0, 0]]
1e-05 5.623413251903491
[[95.08282, 97.819916, 98.8376], [94.12828, 0, 0], [0, 0, 0]]
1e-05 10.0
[[95.08282, 97.819916, 98.8376], [94.12828, 96.45776, 0], [0, 0, 0]]
1e-05 17.78279410038923
[[95.08282, 97.819916, 98.8376], [94.12828, 96.45776, 94.090576], [0, 0, 0]]
1.778279410038923e-05 5.623413251903491
[[95.08282, 97.819916, 98.8376], [94.12828, 96.45776, 94.090576], [92.90114, 0, 0]]
1.778279410038923e-05 10.0
[[95.08282, 97.819916, 98.8376], [94.12828, 96.45776, 94.090576], [92.90114, 98.52546, 0]]
1.778279410038923e-05 17.78279410038923
[[95.08282, 97.819916, 98.8376], [94.12828, 96.45776, 94.090576], [92.90114, 98.52546, 97.16148]]
[-4.875, -4.75, -4.625]
[0.625, 0.75, 0.875]
1.333521432163324e-05 4.216965034285822
[[96.12886, 0, 0], [0, 0, 0], [0, 0, 0]]
1.333521432163324e-05 5.623413251903491
[[96.12886, 95.50777, 0], [0, 0, 0], [0, 0, 0]]
1.333521432163324e-05 7.498942093324558
[[96.12886, 95.50777, 94.51097], [0, 0, 0], [0, 0, 0]]
1.778279410038923e-05 4.216965034285822
[[96.12886, 95.50777, 94.51097], [96.49936, 0, 0], [0, 0, 0]]
1.778279410038923e-05 5.623413251903491
[[96.12886, 95.50777, 94.51097], [96.49936, 96.08075, 0], [0, 0, 0]]
1.778279410038923e-05 7.498942093324558
[[96.12886, 95.50777, 94.51097], [96.49936, 96.08075, 95.77039], [0, 0, 0]]
2.3713737056616554e-05 4.216965034285822
[[96.12886, 95.50777, 94.51097], [96.49936, 96.08075, 95.77039], [94.80666, 0, 0]]
2.3713737056616554e-05 5.623413251903491
[[96.12886, 95.50777, 94.51097], [96.49936, 96.08075, 95.77039], [94.80666, 94.194664, 0]]
2.3713737056616554e-05 7.498942093324558
[[96.12886, 95.50777, 94.51097], [96.49936, 96.08075, 95.77039], [94.80666, 94.194664, 95.87717]]
[-4.6875, -4.625, -4.5625]
[0.6875, 0.75, 0.8125]
6 200
Score: 94.194664
2.3713737056616554e-05 5.623413251903491
Time 6852.777087926865
