Created graph
0.1 1000
[[1.0010517e+19, 0, 0], [0, 0, 0], [0, 0, 0]]
0.1 100000
[[1.0010517e+19, 1.3544378e+19, 0], [0, 0, 0], [0, 0, 0]]
0.1 10000000
[[1.0010517e+19, 1.3544378e+19, inf], [0, 0, 0], [0, 0, 0]]
1e-05 1000
[[1.0010517e+19, 1.3544378e+19, inf], [97.11304, 0, 0], [0, 0, 0]]
1e-05 100000
[[1.0010517e+19, 1.3544378e+19, inf], [97.11304, 111.83738, 0], [0, 0, 0]]
1e-05 10000000
[[1.0010517e+19, 1.3544378e+19, inf], [97.11304, 111.83738, 224.86456], [0, 0, 0]]
1e-09 1000
[[1.0010517e+19, 1.3544378e+19, inf], [97.11304, 111.83738, 224.86456], [252.63013, 0, 0]]
1e-09 100000
[[1.0010517e+19, 1.3544378e+19, inf], [97.11304, 111.83738, 224.86456], [252.63013, 251.8389, 0]]
1e-09 10000000
[[1.0010517e+19, 1.3544378e+19, inf], [97.11304, 111.83738, 224.86456], [252.63013, 251.8389, 252.25307]]
[-7.0, -5, -3.0]
[1.0, 3, 5.0]
1e-07 10.0
[[235.897, 0, 0], [0, 0, 0], [0, 0, 0]]
1e-07 1000
[[235.897, 233.47314, 0], [0, 0, 0], [0, 0, 0]]
1e-07 100000.0
[[235.897, 233.47314, 236.12267], [0, 0, 0], [0, 0, 0]]
1e-05 10.0
[[235.897, 233.47314, 236.12267], [98.6509, 0, 0], [0, 0, 0]]
1e-05 1000
[[235.897, 233.47314, 236.12267], [98.6509, 97.56464, 0], [0, 0, 0]]
1e-05 100000.0
[[235.897, 233.47314, 236.12267], [98.6509, 97.56464, 110.963264], [0, 0, 0]]
0.001 10.0
[[235.897, 233.47314, 236.12267], [98.6509, 97.56464, 110.963264], [167.22235, 0, 0]]
0.001 1000
[[235.897, 233.47314, 236.12267], [98.6509, 97.56464, 110.963264], [167.22235, 157.72485, 0]]
0.001 100000.0
[[235.897, 233.47314, 236.12267], [98.6509, 97.56464, 110.963264], [167.22235, 157.72485, 201.12508]]
[-6.0, -5, -4.0]
[2.0, 3, 4.0]
1e-06 100.0
[[120.628174, 0, 0], [0, 0, 0], [0, 0, 0]]
1e-06 1000
[[120.628174, 125.21109, 0], [0, 0, 0], [0, 0, 0]]
1e-06 10000.0
[[120.628174, 125.21109, 122.01979], [0, 0, 0], [0, 0, 0]]
1e-05 100.0
[[120.628174, 125.21109, 122.01979], [97.78688, 0, 0], [0, 0, 0]]
1e-05 1000
[[120.628174, 125.21109, 122.01979], [97.78688, 96.7321, 0], [0, 0, 0]]
1e-05 10000.0
[[120.628174, 125.21109, 122.01979], [97.78688, 96.7321, 97.24508], [0, 0, 0]]
0.0001 100.0
[[120.628174, 125.21109, 122.01979], [97.78688, 96.7321, 97.24508], [115.19207, 0, 0]]
0.0001 1000
[[120.628174, 125.21109, 122.01979], [97.78688, 96.7321, 97.24508], [115.19207, 107.73521, 0]]
0.0001 10000.0
[[120.628174, 125.21109, 122.01979], [97.78688, 96.7321, 97.24508], [115.19207, 107.73521, 99.22921]]
[-5.5, -5, -4.5]
[2.5, 3, 3.5]
3.162277660168379e-06 316.22776601683796
[[98.05911, 0, 0], [0, 0, 0], [0, 0, 0]]
3.162277660168379e-06 1000
[[98.05911, 98.89076, 0], [0, 0, 0], [0, 0, 0]]
3.162277660168379e-06 3162.2776601683795
[[98.05911, 98.89076, 99.61839], [0, 0, 0], [0, 0, 0]]
1e-05 316.22776601683796
[[98.05911, 98.89076, 99.61839], [98.56966, 0, 0], [0, 0, 0]]
1e-05 1000
[[98.05911, 98.89076, 99.61839], [98.56966, 96.64624, 0], [0, 0, 0]]
1e-05 3162.2776601683795
[[98.05911, 98.89076, 99.61839], [98.56966, 96.64624, 95.2681], [0, 0, 0]]
3.1622776601683795e-05 316.22776601683796
[[98.05911, 98.89076, 99.61839], [98.56966, 96.64624, 95.2681], [98.593735, 0, 0]]
3.1622776601683795e-05 1000
[[98.05911, 98.89076, 99.61839], [98.56966, 96.64624, 95.2681], [98.593735, 98.88875, 0]]
3.1622776601683795e-05 3162.2776601683795
[[98.05911, 98.89076, 99.61839], [98.56966, 96.64624, 95.2681], [98.593735, 98.88875, 98.44505]]
[-5.25, -5, -4.75]
[3.25, 3.5, 3.75]
5.623413251903491e-06 1778.2794100389228
[[98.21108, 0, 0], [0, 0, 0], [0, 0, 0]]
5.623413251903491e-06 3162.2776601683795
[[98.21108, 97.198395, 0], [0, 0, 0], [0, 0, 0]]
5.623413251903491e-06 5623.413251903491
[[98.21108, 97.198395, 97.32915], [0, 0, 0], [0, 0, 0]]
1e-05 1778.2794100389228
[[98.21108, 97.198395, 97.32915], [96.48916, 0, 0], [0, 0, 0]]
1e-05 3162.2776601683795
[[98.21108, 97.198395, 97.32915], [96.48916, 96.45647, 0], [0, 0, 0]]
1e-05 5623.413251903491
[[98.21108, 97.198395, 97.32915], [96.48916, 96.45647, 98.34624], [0, 0, 0]]
1.778279410038923e-05 1778.2794100389228
[[98.21108, 97.198395, 97.32915], [96.48916, 96.45647, 98.34624], [97.10778, 0, 0]]
1.778279410038923e-05 3162.2776601683795
[[98.21108, 97.198395, 97.32915], [96.48916, 96.45647, 98.34624], [97.10778, 97.52813, 0]]
1.778279410038923e-05 5623.413251903491
[[98.21108, 97.198395, 97.32915], [96.48916, 96.45647, 98.34624], [97.10778, 97.52813, 97.6289]]
[-5.125, -5, -4.875]
[3.375, 3.5, 3.625]
7.498942093324558e-06 2371.373705661655
[[96.9623, 0, 0], [0, 0, 0], [0, 0, 0]]
7.498942093324558e-06 3162.2776601683795
[[96.9623, 96.64602, 0], [0, 0, 0], [0, 0, 0]]
7.498942093324558e-06 4216.965034285822
[[96.9623, 96.64602, 96.72117], [0, 0, 0], [0, 0, 0]]
1e-05 2371.373705661655
[[96.9623, 96.64602, 96.72117], [98.16523, 0, 0], [0, 0, 0]]
1e-05 3162.2776601683795
[[96.9623, 96.64602, 96.72117], [98.16523, 98.39565, 0], [0, 0, 0]]
1e-05 4216.965034285822
[[96.9623, 96.64602, 96.72117], [98.16523, 98.39565, 98.28201], [0, 0, 0]]
1.333521432163324e-05 2371.373705661655
[[96.9623, 96.64602, 96.72117], [98.16523, 98.39565, 98.28201], [96.043205, 0, 0]]
1.333521432163324e-05 3162.2776601683795
[[96.9623, 96.64602, 96.72117], [98.16523, 98.39565, 98.28201], [96.043205, 95.05784, 0]]
1.333521432163324e-05 4216.965034285822
[[96.9623, 96.64602, 96.72117], [98.16523, 98.39565, 98.28201], [96.043205, 95.05784, 98.192444]]
[-4.9375, -4.875, -4.8125]
[3.4375, 3.5, 3.5625]
7 250
Score: 95.05784
1.333521432163324e-05 3162.2776601683795
Time 7348.022232294083
