Created graph
0.1 1000
[[inf, 0, 0], [0, 0, 0], [0, 0, 0]]
0.1 100000
[[inf, 1.5486083e+19, 0], [0, 0, 0], [0, 0, 0]]
0.1 10000000
[[inf, 1.5486083e+19, 9.385762e+18], [0, 0, 0], [0, 0, 0]]
1e-05 1000
[[inf, 1.5486083e+19, 9.385762e+18], [103.43935, 0, 0], [0, 0, 0]]
1e-05 100000
[[inf, 1.5486083e+19, 9.385762e+18], [103.43935, 108.27655, 0], [0, 0, 0]]
1e-05 10000000
[[inf, 1.5486083e+19, 9.385762e+18], [103.43935, 108.27655, 237.09093], [0, 0, 0]]
1e-09 1000
[[inf, 1.5486083e+19, 9.385762e+18], [103.43935, 108.27655, 237.09093], [268.50955, 0, 0]]
1e-09 100000
[[inf, 1.5486083e+19, 9.385762e+18], [103.43935, 108.27655, 237.09093], [268.50955, 268.67685, 0]]
1e-09 10000000
[[inf, 1.5486083e+19, 9.385762e+18], [103.43935, 108.27655, 237.09093], [268.50955, 268.67685, 268.0611]]
[-7.0, -5, -3.0]
[1.0, 3, 5.0]
1e-07 10.0
[[258.43024, 0, 0], [0, 0, 0], [0, 0, 0]]
1e-07 1000
[[258.43024, 256.44324, 0], [0, 0, 0], [0, 0, 0]]
1e-07 100000.0
[[258.43024, 256.44324, 259.07953], [0, 0, 0], [0, 0, 0]]
1e-05 10.0
[[258.43024, 256.44324, 259.07953], [103.6619, 0, 0], [0, 0, 0]]
1e-05 1000
[[258.43024, 256.44324, 259.07953], [103.6619, 101.66293, 0], [0, 0, 0]]
1e-05 100000.0
[[258.43024, 256.44324, 259.07953], [103.6619, 101.66293, 106.92183], [0, 0, 0]]
0.001 10.0
[[258.43024, 256.44324, 259.07953], [103.6619, 101.66293, 106.92183], [116.38492, 0, 0]]
0.001 1000
[[258.43024, 256.44324, 259.07953], [103.6619, 101.66293, 106.92183], [116.38492, 111.29822, 0]]
0.001 100000.0
[[258.43024, 256.44324, 259.07953], [103.6619, 101.66293, 106.92183], [116.38492, 111.29822, 196.61684]]
[-6.0, -5, -4.0]
[2.0, 3, 4.0]
1e-06 100.0
[[128.31532, 0, 0], [0, 0, 0], [0, 0, 0]]
1e-06 1000
[[128.31532, 130.45071, 0], [0, 0, 0], [0, 0, 0]]
1e-06 10000.0
[[128.31532, 130.45071, 127.90239], [0, 0, 0], [0, 0, 0]]
1e-05 100.0
[[128.31532, 130.45071, 127.90239], [104.25614, 0, 0], [0, 0, 0]]
1e-05 1000
[[128.31532, 130.45071, 127.90239], [104.25614, 102.45726, 0], [0, 0, 0]]
1e-05 10000.0
[[128.31532, 130.45071, 127.90239], [104.25614, 102.45726, 101.08313], [0, 0, 0]]
0.0001 100.0
[[128.31532, 130.45071, 127.90239], [104.25614, 102.45726, 101.08313], [106.35179, 0, 0]]
0.0001 1000
[[128.31532, 130.45071, 127.90239], [104.25614, 102.45726, 101.08313], [106.35179, 105.55985, 0]]
0.0001 10000.0
[[128.31532, 130.45071, 127.90239], [104.25614, 102.45726, 101.08313], [106.35179, 105.55985, 103.15019]]
[-5.5, -5, -4.5]
[3.5, 4.0, 4.5]
3.162277660168379e-06 3162.2776601683795
[[107.38154, 0, 0], [0, 0, 0], [0, 0, 0]]
3.162277660168379e-06 10000.0
[[107.38154, 102.43516, 0], [0, 0, 0], [0, 0, 0]]
3.162277660168379e-06 31622.776601683792
[[107.38154, 102.43516, 108.10584], [0, 0, 0], [0, 0, 0]]
1e-05 3162.2776601683795
[[107.38154, 102.43516, 108.10584], [103.374016, 0, 0], [0, 0, 0]]
1e-05 10000.0
[[107.38154, 102.43516, 108.10584], [103.374016, 100.848595, 0], [0, 0, 0]]
1e-05 31622.776601683792
[[107.38154, 102.43516, 108.10584], [103.374016, 100.848595, 100.82992], [0, 0, 0]]
3.1622776601683795e-05 3162.2776601683795
[[107.38154, 102.43516, 108.10584], [103.374016, 100.848595, 100.82992], [103.776146, 0, 0]]
3.1622776601683795e-05 10000.0
[[107.38154, 102.43516, 108.10584], [103.374016, 100.848595, 100.82992], [103.776146, 101.441025, 0]]
3.1622776601683795e-05 31622.776601683792
[[107.38154, 102.43516, 108.10584], [103.374016, 100.848595, 100.82992], [103.776146, 101.441025, 100.90579]]
[-5.25, -5, -4.75]
[4.25, 4.5, 4.75]
5.623413251903491e-06 17782.794100389227
[[100.97326, 0, 0], [0, 0, 0], [0, 0, 0]]
5.623413251903491e-06 31622.776601683792
[[100.97326, 101.49233, 0], [0, 0, 0], [0, 0, 0]]
5.623413251903491e-06 56234.13251903491
[[100.97326, 101.49233, 105.96371], [0, 0, 0], [0, 0, 0]]
1e-05 17782.794100389227
[[100.97326, 101.49233, 105.96371], [100.990105, 0, 0], [0, 0, 0]]
1e-05 31622.776601683792
[[100.97326, 101.49233, 105.96371], [100.990105, 100.45168, 0], [0, 0, 0]]
1e-05 56234.13251903491
[[100.97326, 101.49233, 105.96371], [100.990105, 100.45168, 101.853195], [0, 0, 0]]
1.778279410038923e-05 17782.794100389227
[[100.97326, 101.49233, 105.96371], [100.990105, 100.45168, 101.853195], [100.6093, 0, 0]]
1.778279410038923e-05 31622.776601683792
[[100.97326, 101.49233, 105.96371], [100.990105, 100.45168, 101.853195], [100.6093, 100.672195, 0]]
1.778279410038923e-05 56234.13251903491
[[100.97326, 101.49233, 105.96371], [100.990105, 100.45168, 101.853195], [100.6093, 100.672195, 102.836754]]
[-5.125, -5, -4.875]
[4.375, 4.5, 4.625]
7.498942093324558e-06 23713.737056616552
[[100.98824, 0, 0], [0, 0, 0], [0, 0, 0]]
7.498942093324558e-06 31622.776601683792
[[100.98824, 100.86781, 0], [0, 0, 0], [0, 0, 0]]
7.498942093324558e-06 42169.65034285822
[[100.98824, 100.86781, 101.60255], [0, 0, 0], [0, 0, 0]]
1e-05 23713.737056616552
[[100.98824, 100.86781, 101.60255], [100.68005, 0, 0], [0, 0, 0]]
1e-05 31622.776601683792
[[100.98824, 100.86781, 101.60255], [100.68005, 100.71926, 0], [0, 0, 0]]
1e-05 42169.65034285822
[[100.98824, 100.86781, 101.60255], [100.68005, 100.71926, 101.45427], [0, 0, 0]]
1.333521432163324e-05 23713.737056616552
[[100.98824, 100.86781, 101.60255], [100.68005, 100.71926, 101.45427], [100.91518, 0, 0]]
1.333521432163324e-05 31622.776601683792
[[100.98824, 100.86781, 101.60255], [100.68005, 100.71926, 101.45427], [100.91518, 100.598526, 0]]
1.333521432163324e-05 42169.65034285822
[[100.98824, 100.86781, 101.60255], [100.68005, 100.71926, 101.45427], [100.91518, 100.598526, 101.39085]]
[-4.9375, -4.875, -4.8125]
[4.4375, 4.5, 4.5625]
3 25
Score: 100.598526
1.333521432163324e-05 31622.776601683792
Time 11623.403618097305
