Created graph
0.1 1000
[[inf, 0, 0], [0, 0, 0], [0, 0, 0]]
0.1 100000
[[inf, 1.2271753e+19, 0], [0, 0, 0], [0, 0, 0]]
0.1 10000000
[[inf, 1.2271753e+19, inf], [0, 0, 0], [0, 0, 0]]
1e-05 1000
[[inf, 1.2271753e+19, inf], [100.42088, 0, 0], [0, 0, 0]]
1e-05 100000
[[inf, 1.2271753e+19, inf], [100.42088, 112.142296, 0], [0, 0, 0]]
1e-05 10000000
[[inf, 1.2271753e+19, inf], [100.42088, 112.142296, 238.3703], [0, 0, 0]]
1e-09 1000
[[inf, 1.2271753e+19, inf], [100.42088, 112.142296, 238.3703], [267.2949, 0, 0]]
1e-09 100000
[[inf, 1.2271753e+19, inf], [100.42088, 112.142296, 238.3703], [267.2949, 267.32672, 0]]
1e-09 10000000
[[inf, 1.2271753e+19, inf], [100.42088, 112.142296, 238.3703], [267.2949, 267.32672, 266.45358]]
[-7.0, -5, -3.0]
[1.0, 3, 5.0]
1e-07 10.0
[[253.14844, 0, 0], [0, 0, 0], [0, 0, 0]]
1e-07 1000
[[253.14844, 255.49748, 0], [0, 0, 0], [0, 0, 0]]
1e-07 100000.0
[[253.14844, 255.49748, 253.21967], [0, 0, 0], [0, 0, 0]]
1e-05 10.0
[[253.14844, 255.49748, 253.21967], [100.56784, 0, 0], [0, 0, 0]]
1e-05 1000
[[253.14844, 255.49748, 253.21967], [100.56784, 97.026306, 0], [0, 0, 0]]
1e-05 100000.0
[[253.14844, 255.49748, 253.21967], [100.56784, 97.026306, 111.01151], [0, 0, 0]]
0.001 10.0
[[253.14844, 255.49748, 253.21967], [100.56784, 97.026306, 111.01151], [117.50634, 0, 0]]
0.001 1000
[[253.14844, 255.49748, 253.21967], [100.56784, 97.026306, 111.01151], [117.50634, 120.61995, 0]]
0.001 100000.0
[[253.14844, 255.49748, 253.21967], [100.56784, 97.026306, 111.01151], [117.50634, 120.61995, 189.28137]]
[-6.0, -5, -4.0]
[2.0, 3, 4.0]
1e-06 100.0
[[128.35289, 0, 0], [0, 0, 0], [0, 0, 0]]
1e-06 1000
[[128.35289, 124.48555, 0], [0, 0, 0], [0, 0, 0]]
1e-06 10000.0
[[128.35289, 124.48555, 128.49692], [0, 0, 0], [0, 0, 0]]
1e-05 100.0
[[128.35289, 124.48555, 128.49692], [100.8832, 0, 0], [0, 0, 0]]
1e-05 1000
[[128.35289, 124.48555, 128.49692], [100.8832, 99.30717, 0], [0, 0, 0]]
1e-05 10000.0
[[128.35289, 124.48555, 128.49692], [100.8832, 99.30717, 98.749626], [0, 0, 0]]
0.0001 100.0
[[128.35289, 124.48555, 128.49692], [100.8832, 99.30717, 98.749626], [112.0157, 0, 0]]
0.0001 1000
[[128.35289, 124.48555, 128.49692], [100.8832, 99.30717, 98.749626], [112.0157, 105.56397, 0]]
0.0001 10000.0
[[128.35289, 124.48555, 128.49692], [100.8832, 99.30717, 98.749626], [112.0157, 105.56397, 95.879234]]
[-4.5, -4.0, -3.5]
[3.5, 4.0, 4.5]
3.1622776601683795e-05 3162.2776601683795
[[101.13069, 0, 0], [0, 0, 0], [0, 0, 0]]
3.1622776601683795e-05 10000.0
[[101.13069, 96.85231, 0], [0, 0, 0], [0, 0, 0]]
3.1622776601683795e-05 31622.776601683792
[[101.13069, 96.85231, 99.71991], [0, 0, 0], [0, 0, 0]]
0.0001 3162.2776601683795
[[101.13069, 96.85231, 99.71991], [99.733025, 0, 0], [0, 0, 0]]
0.0001 10000.0
[[101.13069, 96.85231, 99.71991], [99.733025, 97.433655, 0], [0, 0, 0]]
0.0001 31622.776601683792
[[101.13069, 96.85231, 99.71991], [99.733025, 97.433655, 96.6636], [0, 0, 0]]
0.00031622776601683794 3162.2776601683795
[[101.13069, 96.85231, 99.71991], [99.733025, 97.433655, 96.6636], [104.93871, 0, 0]]
0.00031622776601683794 10000.0
[[101.13069, 96.85231, 99.71991], [99.733025, 97.433655, 96.6636], [104.93871, 105.882225, 0]]
0.00031622776601683794 31622.776601683792
[[101.13069, 96.85231, 99.71991], [99.733025, 97.433655, 96.6636], [104.93871, 105.882225, 108.29404]]
[-4.25, -4.0, -3.75]
[4.25, 4.5, 4.75]
5.623413251903491e-05 17782.794100389227
[[96.15697, 0, 0], [0, 0, 0], [0, 0, 0]]
5.623413251903491e-05 31622.776601683792
[[96.15697, 95.541275, 0], [0, 0, 0], [0, 0, 0]]
5.623413251903491e-05 56234.13251903491
[[96.15697, 95.541275, 99.000534], [0, 0, 0], [0, 0, 0]]
0.0001 17782.794100389227
[[96.15697, 95.541275, 99.000534], [96.873184, 0, 0], [0, 0, 0]]
0.0001 31622.776601683792
[[96.15697, 95.541275, 99.000534], [96.873184, 98.04564, 0], [0, 0, 0]]
0.0001 56234.13251903491
[[96.15697, 95.541275, 99.000534], [96.873184, 98.04564, 96.10486], [0, 0, 0]]
0.00017782794100389227 17782.794100389227
[[96.15697, 95.541275, 99.000534], [96.873184, 98.04564, 96.10486], [100.655685, 0, 0]]
0.00017782794100389227 31622.776601683792
[[96.15697, 95.541275, 99.000534], [96.873184, 98.04564, 96.10486], [100.655685, 98.659966, 0]]
0.00017782794100389227 56234.13251903491
[[96.15697, 95.541275, 99.000534], [96.873184, 98.04564, 96.10486], [100.655685, 98.659966, 95.70737]]
[-4.375, -4.25, -4.125]
[4.375, 4.5, 4.625]
4.216965034285822e-05 23713.737056616552
[[95.83759, 0, 0], [0, 0, 0], [0, 0, 0]]
4.216965034285822e-05 31622.776601683792
[[95.83759, 97.64024, 0], [0, 0, 0], [0, 0, 0]]
4.216965034285822e-05 42169.65034285822
[[95.83759, 97.64024, 99.36328], [0, 0, 0], [0, 0, 0]]
5.623413251903491e-05 23713.737056616552
[[95.83759, 97.64024, 99.36328], [97.424736, 0, 0], [0, 0, 0]]
5.623413251903491e-05 31622.776601683792
[[95.83759, 97.64024, 99.36328], [97.424736, 95.7257, 0], [0, 0, 0]]
5.623413251903491e-05 42169.65034285822
[[95.83759, 97.64024, 99.36328], [97.424736, 95.7257, 97.32888], [0, 0, 0]]
7.498942093324559e-05 23713.737056616552
[[95.83759, 97.64024, 99.36328], [97.424736, 95.7257, 97.32888], [94.88997, 0, 0]]
7.498942093324559e-05 31622.776601683792
[[95.83759, 97.64024, 99.36328], [97.424736, 95.7257, 97.32888], [94.88997, 96.77915, 0]]
7.498942093324559e-05 42169.65034285822
[[95.83759, 97.64024, 99.36328], [97.424736, 95.7257, 97.32888], [94.88997, 96.77915, 97.646454]]
[-4.1875, -4.125, -4.0625]
[4.3125, 4.375, 4.4375]
5 10
Score: 94.88997
7.498942093324559e-05 23713.737056616552
Time 8415.158279180527
