Created graph
0.1 1000
[[inf, 0, 0], [0, 0, 0], [0, 0, 0]]
0.1 100000
[[inf, inf, 0], [0, 0, 0], [0, 0, 0]]
0.1 10000000
[[inf, inf, inf], [0, 0, 0], [0, 0, 0]]
1e-05 1000
[[inf, inf, inf], [107.70662, 0, 0], [0, 0, 0]]
1e-05 100000
[[inf, inf, inf], [107.70662, 136.50894, 0], [0, 0, 0]]
1e-05 10000000
[[inf, inf, inf], [107.70662, 136.50894, 297.67755], [0, 0, 0]]
1e-09 1000
[[inf, inf, inf], [107.70662, 136.50894, 297.67755], [327.03986, 0, 0]]
1e-09 100000
[[inf, inf, inf], [107.70662, 136.50894, 297.67755], [327.03986, 327.00272, 0]]
1e-09 10000000
[[inf, inf, inf], [107.70662, 136.50894, 297.67755], [327.03986, 327.00272, 326.4957]]
[-7.0, -5, -3.0]
[1.0, 3, 5.0]
1e-07 10.0
[[312.81277, 0, 0], [0, 0, 0], [0, 0, 0]]
1e-07 1000
[[312.81277, 312.83554, 0], [0, 0, 0], [0, 0, 0]]
1e-07 100000.0
[[312.81277, 312.83554, 313.78122], [0, 0, 0], [0, 0, 0]]
1e-05 10.0
[[312.81277, 312.83554, 313.78122], [110.59433, 0, 0], [0, 0, 0]]
1e-05 1000
[[312.81277, 312.83554, 313.78122], [110.59433, 109.45003, 0], [0, 0, 0]]
1e-05 100000.0
[[312.81277, 312.83554, 313.78122], [110.59433, 109.45003, 137.55234], [0, 0, 0]]
0.001 10.0
[[312.81277, 312.83554, 313.78122], [110.59433, 109.45003, 137.55234], [184.14523, 0, 0]]
0.001 1000
[[312.81277, 312.83554, 313.78122], [110.59433, 109.45003, 137.55234], [184.14523, 161.42343, 0]]
0.001 100000.0
[[312.81277, 312.83554, 313.78122], [110.59433, 109.45003, 137.55234], [184.14523, 161.42343, 264.92242]]
[-6.0, -5, -4.0]
[2.0, 3, 4.0]
1e-06 100.0
[[139.41507, 0, 0], [0, 0, 0], [0, 0, 0]]
1e-06 1000
[[139.41507, 138.58163, 0], [0, 0, 0], [0, 0, 0]]
1e-06 10000.0
[[139.41507, 138.58163, 143.3368], [0, 0, 0], [0, 0, 0]]
1e-05 100.0
[[139.41507, 138.58163, 143.3368], [109.63001, 0, 0], [0, 0, 0]]
1e-05 1000
[[139.41507, 138.58163, 143.3368], [109.63001, 108.97939, 0], [0, 0, 0]]
1e-05 10000.0
[[139.41507, 138.58163, 143.3368], [109.63001, 108.97939, 110.91197], [0, 0, 0]]
0.0001 100.0
[[139.41507, 138.58163, 143.3368], [109.63001, 108.97939, 110.91197], [113.19008, 0, 0]]
0.0001 1000
[[139.41507, 138.58163, 143.3368], [109.63001, 108.97939, 110.91197], [113.19008, 118.15886, 0]]
0.0001 10000.0
[[139.41507, 138.58163, 143.3368], [109.63001, 108.97939, 110.91197], [113.19008, 118.15886, 118.204994]]
[-5.5, -5, -4.5]
[2.5, 3, 3.5]
3.162277660168379e-06 316.22776601683796
[[111.51339, 0, 0], [0, 0, 0], [0, 0, 0]]
3.162277660168379e-06 1000
[[111.51339, 108.81546, 0], [0, 0, 0], [0, 0, 0]]
3.162277660168379e-06 3162.2776601683795
[[111.51339, 108.81546, 111.052216], [0, 0, 0], [0, 0, 0]]
1e-05 316.22776601683796
[[111.51339, 108.81546, 111.052216], [107.72784, 0, 0], [0, 0, 0]]
1e-05 1000
[[111.51339, 108.81546, 111.052216], [107.72784, 110.660995, 0], [0, 0, 0]]
1e-05 3162.2776601683795
[[111.51339, 108.81546, 111.052216], [107.72784, 110.660995, 108.873764], [0, 0, 0]]
3.1622776601683795e-05 316.22776601683796
[[111.51339, 108.81546, 111.052216], [107.72784, 110.660995, 108.873764], [107.8046, 0, 0]]
3.1622776601683795e-05 1000
[[111.51339, 108.81546, 111.052216], [107.72784, 110.660995, 108.873764], [107.8046, 104.676895, 0]]
3.1622776601683795e-05 3162.2776601683795
[[111.51339, 108.81546, 111.052216], [107.72784, 110.660995, 108.873764], [107.8046, 104.676895, 107.79205]]
[-4.75, -4.5, -4.25]
[2.75, 3, 3.25]
1.778279410038923e-05 562.341325190349
[[108.06001, 0, 0], [0, 0, 0], [0, 0, 0]]
1.778279410038923e-05 1000
[[108.06001, 108.26484, 0], [0, 0, 0], [0, 0, 0]]
1.778279410038923e-05 1778.2794100389228
[[108.06001, 108.26484, 108.91308], [0, 0, 0], [0, 0, 0]]
3.1622776601683795e-05 562.341325190349
[[108.06001, 108.26484, 108.91308], [106.90453, 0, 0], [0, 0, 0]]
3.1622776601683795e-05 1000
[[108.06001, 108.26484, 108.91308], [106.90453, 105.08415, 0], [0, 0, 0]]
3.1622776601683795e-05 1778.2794100389228
[[108.06001, 108.26484, 108.91308], [106.90453, 105.08415, 109.95146], [0, 0, 0]]
5.623413251903491e-05 562.341325190349
[[108.06001, 108.26484, 108.91308], [106.90453, 105.08415, 109.95146], [110.43181, 0, 0]]
5.623413251903491e-05 1000
[[108.06001, 108.26484, 108.91308], [106.90453, 105.08415, 109.95146], [110.43181, 114.200935, 0]]
5.623413251903491e-05 1778.2794100389228
[[108.06001, 108.26484, 108.91308], [106.90453, 105.08415, 109.95146], [110.43181, 114.200935, 112.818436]]
[-4.625, -4.5, -4.375]
[2.875, 3, 3.125]
2.3713737056616554e-05 749.8942093324558
[[108.37651, 0, 0], [0, 0, 0], [0, 0, 0]]
2.3713737056616554e-05 1000
[[108.37651, 108.85955, 0], [0, 0, 0], [0, 0, 0]]
2.3713737056616554e-05 1333.521432163324
[[108.37651, 108.85955, 110.704865], [0, 0, 0], [0, 0, 0]]
3.1622776601683795e-05 749.8942093324558
[[108.37651, 108.85955, 110.704865], [110.392914, 0, 0], [0, 0, 0]]
3.1622776601683795e-05 1000
[[108.37651, 108.85955, 110.704865], [110.392914, 112.78816, 0], [0, 0, 0]]
3.1622776601683795e-05 1333.521432163324
[[108.37651, 108.85955, 110.704865], [110.392914, 112.78816, 111.0818], [0, 0, 0]]
4.216965034285822e-05 749.8942093324558
[[108.37651, 108.85955, 110.704865], [110.392914, 112.78816, 111.0818], [105.66814, 0, 0]]
4.216965034285822e-05 1000
[[108.37651, 108.85955, 110.704865], [110.392914, 112.78816, 111.0818], [105.66814, 106.79527, 0]]
4.216965034285822e-05 1333.521432163324
[[108.37651, 108.85955, 110.704865], [110.392914, 112.78816, 111.0818], [105.66814, 106.79527, 108.73798]]
[-4.4375, -4.375, -4.3125]
[2.8125, 2.875, 2.9375]
7 100
Score: 105.66814
4.216965034285822e-05 749.8942093324558
Time 6542.187522649765
