Created graph
0.1 1000
[[1.1943013e+19, 0, 0], [0, 0, 0], [0, 0, 0]]
0.1 100000
[[1.1943013e+19, inf, 0], [0, 0, 0], [0, 0, 0]]
0.1 10000000
[[1.1943013e+19, inf, inf], [0, 0, 0], [0, 0, 0]]
1e-05 1000
[[1.1943013e+19, inf, inf], [112.921974, 0, 0], [0, 0, 0]]
1e-05 100000
[[1.1943013e+19, inf, inf], [112.921974, 119.239784, 0], [0, 0, 0]]
1e-05 10000000
[[1.1943013e+19, inf, inf], [112.921974, 119.239784, 221.89069], [0, 0, 0]]
1e-09 1000
[[1.1943013e+19, inf, inf], [112.921974, 119.239784, 221.89069], [248.77084, 0, 0]]
1e-09 100000
[[1.1943013e+19, inf, inf], [112.921974, 119.239784, 221.89069], [248.77084, 249.33315, 0]]
1e-09 10000000
[[1.1943013e+19, inf, inf], [112.921974, 119.239784, 221.89069], [248.77084, 249.33315, 247.61005]]
[-7.0, -5, -3.0]
[1.0, 3, 5.0]
1e-07 10.0
[[230.98721, 0, 0], [0, 0, 0], [0, 0, 0]]
1e-07 1000
[[230.98721, 233.90364, 0], [0, 0, 0], [0, 0, 0]]
1e-07 100000.0
[[230.98721, 233.90364, 235.01071], [0, 0, 0], [0, 0, 0]]
1e-05 10.0
[[230.98721, 233.90364, 235.01071], [108.81527, 0, 0], [0, 0, 0]]
1e-05 1000
[[230.98721, 233.90364, 235.01071], [108.81527, 109.79301, 0], [0, 0, 0]]
1e-05 100000.0
[[230.98721, 233.90364, 235.01071], [108.81527, 109.79301, 118.78984], [0, 0, 0]]
0.001 10.0
[[230.98721, 233.90364, 235.01071], [108.81527, 109.79301, 118.78984], [153.1154, 0, 0]]
0.001 1000
[[230.98721, 233.90364, 235.01071], [108.81527, 109.79301, 118.78984], [153.1154, 129.7178, 0]]
0.001 100000.0
[[230.98721, 233.90364, 235.01071], [108.81527, 109.79301, 118.78984], [153.1154, 129.7178, 209.083]]
[-6.0, -5, -4.0]
[0.0, 1.0, 2.0]
1e-06 1.0
[[131.29375, 0, 0], [0, 0, 0], [0, 0, 0]]
1e-06 10.0
[[131.29375, 132.92706, 0], [0, 0, 0], [0, 0, 0]]
1e-06 100.0
[[131.29375, 132.92706, 127.772095], [0, 0, 0], [0, 0, 0]]
1e-05 1.0
[[131.29375, 132.92706, 127.772095], [111.878624, 0, 0], [0, 0, 0]]
1e-05 10.0
[[131.29375, 132.92706, 127.772095], [111.878624, 113.552795, 0], [0, 0, 0]]
1e-05 100.0
[[131.29375, 132.92706, 127.772095], [111.878624, 113.552795, 113.81836], [0, 0, 0]]
0.0001 1.0
[[131.29375, 132.92706, 127.772095], [111.878624, 113.552795, 113.81836], [109.87622, 0, 0]]
0.0001 10.0
[[131.29375, 132.92706, 127.772095], [111.878624, 113.552795, 113.81836], [109.87622, 109.48647, 0]]
0.0001 100.0
[[131.29375, 132.92706, 127.772095], [111.878624, 113.552795, 113.81836], [109.87622, 109.48647, 114.52701]]
[-4.5, -4.0, -3.5]
[0.5, 1.0, 1.5]
3.1622776601683795e-05 3.1622776601683795
[[113.94061, 0, 0], [0, 0, 0], [0, 0, 0]]
3.1622776601683795e-05 10.0
[[113.94061, 109.73277, 0], [0, 0, 0], [0, 0, 0]]
3.1622776601683795e-05 31.622776601683793
[[113.94061, 109.73277, 112.27086], [0, 0, 0], [0, 0, 0]]
0.0001 3.1622776601683795
[[113.94061, 109.73277, 112.27086], [108.84575, 0, 0], [0, 0, 0]]
0.0001 10.0
[[113.94061, 109.73277, 112.27086], [108.84575, 115.64312, 0], [0, 0, 0]]
0.0001 31.622776601683793
[[113.94061, 109.73277, 112.27086], [108.84575, 115.64312, 113.374054], [0, 0, 0]]
0.00031622776601683794 3.1622776601683795
[[113.94061, 109.73277, 112.27086], [108.84575, 115.64312, 113.374054], [119.24836, 0, 0]]
0.00031622776601683794 10.0
[[113.94061, 109.73277, 112.27086], [108.84575, 115.64312, 113.374054], [119.24836, 125.56, 0]]
0.00031622776601683794 31.622776601683793
[[113.94061, 109.73277, 112.27086], [108.84575, 115.64312, 113.374054], [119.24836, 125.56, 129.03738]]
[-4.25, -4.0, -3.75]
[0.25, 0.5, 0.75]
5.623413251903491e-05 1.7782794100389228
[[110.02805, 0, 0], [0, 0, 0], [0, 0, 0]]
5.623413251903491e-05 3.1622776601683795
[[110.02805, 114.790924, 0], [0, 0, 0], [0, 0, 0]]
5.623413251903491e-05 5.623413251903491
[[110.02805, 114.790924, 111.27659], [0, 0, 0], [0, 0, 0]]
0.0001 1.7782794100389228
[[110.02805, 114.790924, 111.27659], [117.91311, 0, 0], [0, 0, 0]]
0.0001 3.1622776601683795
[[110.02805, 114.790924, 111.27659], [117.91311, 111.27588, 0], [0, 0, 0]]
0.0001 5.623413251903491
[[110.02805, 114.790924, 111.27659], [117.91311, 111.27588, 116.4448], [0, 0, 0]]
0.00017782794100389227 1.7782794100389228
[[110.02805, 114.790924, 111.27659], [117.91311, 111.27588, 116.4448], [120.55759, 0, 0]]
0.00017782794100389227 3.1622776601683795
[[110.02805, 114.790924, 111.27659], [117.91311, 111.27588, 116.4448], [120.55759, 115.584854, 0]]
0.00017782794100389227 5.623413251903491
[[110.02805, 114.790924, 111.27659], [117.91311, 111.27588, 116.4448], [120.55759, 115.584854, 117.22651]]
[-4.375, -4.25, -4.125]
[0.125, 0.25, 0.375]
4.216965034285822e-05 1.333521432163324
[[107.710625, 0, 0], [0, 0, 0], [0, 0, 0]]
4.216965034285822e-05 1.7782794100389228
[[107.710625, 112.42685, 0], [0, 0, 0], [0, 0, 0]]
4.216965034285822e-05 2.371373705661655
[[107.710625, 112.42685, 110.18347], [0, 0, 0], [0, 0, 0]]
5.623413251903491e-05 1.333521432163324
[[107.710625, 112.42685, 110.18347], [112.14469, 0, 0], [0, 0, 0]]
5.623413251903491e-05 1.7782794100389228
[[107.710625, 112.42685, 110.18347], [112.14469, 107.20556, 0], [0, 0, 0]]
5.623413251903491e-05 2.371373705661655
[[107.710625, 112.42685, 110.18347], [112.14469, 107.20556, 113.5775], [0, 0, 0]]
7.498942093324559e-05 1.333521432163324
[[107.710625, 112.42685, 110.18347], [112.14469, 107.20556, 113.5775], [110.40094, 0, 0]]
7.498942093324559e-05 1.7782794100389228
[[107.710625, 112.42685, 110.18347], [112.14469, 107.20556, 113.5775], [110.40094, 116.218056, 0]]
7.498942093324559e-05 2.371373705661655
[[107.710625, 112.42685, 110.18347], [112.14469, 107.20556, 113.5775], [110.40094, 116.218056, 107.92837]]
[-4.3125, -4.25, -4.1875]
[0.1875, 0.25, 0.3125]
6 100
Score: 107.20556
5.623413251903491e-05 1.7782794100389228
Time 5516.624783039093
