Created graph
0.1 1000
[[1.7913579e+19, 0, 0], [0, 0, 0], [0, 0, 0]]
0.1 100000
[[1.7913579e+19, inf, 0], [0, 0, 0], [0, 0, 0]]
0.1 10000000
[[1.7913579e+19, inf, inf], [0, 0, 0], [0, 0, 0]]
1e-05 1000
[[1.7913579e+19, inf, inf], [95.823975, 0, 0], [0, 0, 0]]
1e-05 100000
[[1.7913579e+19, inf, inf], [95.823975, 116.77554, 0], [0, 0, 0]]
1e-05 10000000
[[1.7913579e+19, inf, inf], [95.823975, 116.77554, 264.66702], [0, 0, 0]]
1e-09 1000
[[1.7913579e+19, inf, inf], [95.823975, 116.77554, 264.66702], [292.46024, 0, 0]]
1e-09 100000
[[1.7913579e+19, inf, inf], [95.823975, 116.77554, 264.66702], [292.46024, 292.55765, 0]]
1e-09 10000000
[[1.7913579e+19, inf, inf], [95.823975, 116.77554, 264.66702], [292.46024, 292.55765, 291.5903]]
[-7.0, -5, -3.0]
[1.0, 3, 5.0]
1e-07 10.0
[[278.25458, 0, 0], [0, 0, 0], [0, 0, 0]]
1e-07 1000
[[278.25458, 278.10617, 0], [0, 0, 0], [0, 0, 0]]
1e-07 100000.0
[[278.25458, 278.10617, 279.78467], [0, 0, 0], [0, 0, 0]]
1e-05 10.0
[[278.25458, 278.10617, 279.78467], [100.595146, 0, 0], [0, 0, 0]]
1e-05 1000
[[278.25458, 278.10617, 279.78467], [100.595146, 98.95568, 0], [0, 0, 0]]
1e-05 100000.0
[[278.25458, 278.10617, 279.78467], [100.595146, 98.95568, 117.52267], [0, 0, 0]]
0.001 10.0
[[278.25458, 278.10617, 279.78467], [100.595146, 98.95568, 117.52267], [229.26013, 0, 0]]
0.001 1000
[[278.25458, 278.10617, 279.78467], [100.595146, 98.95568, 117.52267], [229.26013, 130.64796, 0]]
0.001 100000.0
[[278.25458, 278.10617, 279.78467], [100.595146, 98.95568, 117.52267], [229.26013, 130.64796, 230.73434]]
[-6.0, -5, -4.0]
[2.0, 3, 4.0]
1e-06 100.0
[[128.97362, 0, 0], [0, 0, 0], [0, 0, 0]]
1e-06 1000
[[128.97362, 131.53957, 0], [0, 0, 0], [0, 0, 0]]
1e-06 10000.0
[[128.97362, 131.53957, 128.82465], [0, 0, 0], [0, 0, 0]]
1e-05 100.0
[[128.97362, 131.53957, 128.82465], [98.95511, 0, 0], [0, 0, 0]]
1e-05 1000
[[128.97362, 131.53957, 128.82465], [98.95511, 98.68501, 0], [0, 0, 0]]
1e-05 10000.0
[[128.97362, 131.53957, 128.82465], [98.95511, 98.68501, 98.13979], [0, 0, 0]]
0.0001 100.0
[[128.97362, 131.53957, 128.82465], [98.95511, 98.68501, 98.13979], [107.15289, 0, 0]]
0.0001 1000
[[128.97362, 131.53957, 128.82465], [98.95511, 98.68501, 98.13979], [107.15289, 111.65749, 0]]
0.0001 10000.0
[[128.97362, 131.53957, 128.82465], [98.95511, 98.68501, 98.13979], [107.15289, 111.65749, 100.252556]]
[-5.5, -5, -4.5]
[3.5, 4.0, 4.5]
3.162277660168379e-06 3162.2776601683795
[[100.94718, 0, 0], [0, 0, 0], [0, 0, 0]]
3.162277660168379e-06 10000.0
[[100.94718, 101.3736, 0], [0, 0, 0], [0, 0, 0]]
3.162277660168379e-06 31622.776601683792
[[100.94718, 101.3736, 110.12019], [0, 0, 0], [0, 0, 0]]
1e-05 3162.2776601683795
[[100.94718, 101.3736, 110.12019], [98.01191, 0, 0], [0, 0, 0]]
1e-05 10000.0
[[100.94718, 101.3736, 110.12019], [98.01191, 97.43324, 0], [0, 0, 0]]
1e-05 31622.776601683792
[[100.94718, 101.3736, 110.12019], [98.01191, 97.43324, 102.415504], [0, 0, 0]]
3.1622776601683795e-05 3162.2776601683795
[[100.94718, 101.3736, 110.12019], [98.01191, 97.43324, 102.415504], [100.10433, 0, 0]]
3.1622776601683795e-05 10000.0
[[100.94718, 101.3736, 110.12019], [98.01191, 97.43324, 102.415504], [100.10433, 96.629555, 0]]
3.1622776601683795e-05 31622.776601683792
[[100.94718, 101.3736, 110.12019], [98.01191, 97.43324, 102.415504], [100.10433, 96.629555, 101.24214]]
[-4.75, -4.5, -4.25]
[3.75, 4.0, 4.25]
1.778279410038923e-05 5623.413251903491
[[97.47743, 0, 0], [0, 0, 0], [0, 0, 0]]
1.778279410038923e-05 10000.0
[[97.47743, 96.48486, 0], [0, 0, 0], [0, 0, 0]]
1.778279410038923e-05 17782.794100389227
[[97.47743, 96.48486, 98.25314], [0, 0, 0], [0, 0, 0]]
3.1622776601683795e-05 5623.413251903491
[[97.47743, 96.48486, 98.25314], [94.24791, 0, 0], [0, 0, 0]]
3.1622776601683795e-05 10000.0
[[97.47743, 96.48486, 98.25314], [94.24791, 97.13973, 0], [0, 0, 0]]
3.1622776601683795e-05 17782.794100389227
[[97.47743, 96.48486, 98.25314], [94.24791, 97.13973, 98.32433], [0, 0, 0]]
5.623413251903491e-05 5623.413251903491
[[97.47743, 96.48486, 98.25314], [94.24791, 97.13973, 98.32433], [101.33603, 0, 0]]
5.623413251903491e-05 10000.0
[[97.47743, 96.48486, 98.25314], [94.24791, 97.13973, 98.32433], [101.33603, 99.007195, 0]]
5.623413251903491e-05 17782.794100389227
[[97.47743, 96.48486, 98.25314], [94.24791, 97.13973, 98.32433], [101.33603, 99.007195, 98.071625]]
[-4.625, -4.5, -4.375]
[3.625, 3.75, 3.875]
2.3713737056616554e-05 4216.965034285822
[[97.46548, 0, 0], [0, 0, 0], [0, 0, 0]]
2.3713737056616554e-05 5623.413251903491
[[97.46548, 99.62015, 0], [0, 0, 0], [0, 0, 0]]
2.3713737056616554e-05 7498.942093324558
[[97.46548, 99.62015, 97.1803], [0, 0, 0], [0, 0, 0]]
3.1622776601683795e-05 4216.965034285822
[[97.46548, 99.62015, 97.1803], [100.10719, 0, 0], [0, 0, 0]]
3.1622776601683795e-05 5623.413251903491
[[97.46548, 99.62015, 97.1803], [100.10719, 95.704216, 0], [0, 0, 0]]
3.1622776601683795e-05 7498.942093324558
[[97.46548, 99.62015, 97.1803], [100.10719, 95.704216, 96.100716], [0, 0, 0]]
4.216965034285822e-05 4216.965034285822
[[97.46548, 99.62015, 97.1803], [100.10719, 95.704216, 96.100716], [97.11011, 0, 0]]
4.216965034285822e-05 5623.413251903491
[[97.46548, 99.62015, 97.1803], [100.10719, 95.704216, 96.100716], [97.11011, 100.42681, 0]]
4.216965034285822e-05 7498.942093324558
[[97.46548, 99.62015, 97.1803], [100.10719, 95.704216, 96.100716], [97.11011, 100.42681, 100.16802]]
[-4.5625, -4.5, -4.4375]
[3.6875, 3.75, 3.8125]
6 250
Score: 95.704216
3.1622776601683795e-05 5623.413251903491
Time 6577.396657943726
