Created graph
0.1 1000
[[inf, 0, 0], [0, 0, 0], [0, 0, 0]]
0.1 100000
[[inf, inf, 0], [0, 0, 0], [0, 0, 0]]
0.1 10000000
[[inf, inf, inf], [0, 0, 0], [0, 0, 0]]
1e-05 1000
[[inf, inf, inf], [102.63728, 0, 0], [0, 0, 0]]
1e-05 100000
[[inf, inf, inf], [102.63728, 121.55842, 0], [0, 0, 0]]
1e-05 10000000
[[inf, inf, inf], [102.63728, 121.55842, 269.26193], [0, 0, 0]]
1e-09 1000
[[inf, inf, inf], [102.63728, 121.55842, 269.26193], [296.03073, 0, 0]]
1e-09 100000
[[inf, inf, inf], [102.63728, 121.55842, 269.26193], [296.03073, 296.0981, 0]]
1e-09 10000000
[[inf, inf, inf], [102.63728, 121.55842, 269.26193], [296.03073, 296.0981, 295.98505]]
[-7.0, -5, -3.0]
[1.0, 3, 5.0]
1e-07 10.0
[[282.34314, 0, 0], [0, 0, 0], [0, 0, 0]]
1e-07 1000
[[282.34314, 279.19247, 0], [0, 0, 0], [0, 0, 0]]
1e-07 100000.0
[[282.34314, 279.19247, 282.56665], [0, 0, 0], [0, 0, 0]]
1e-05 10.0
[[282.34314, 279.19247, 282.56665], [102.11465, 0, 0], [0, 0, 0]]
1e-05 1000
[[282.34314, 279.19247, 282.56665], [102.11465, 102.58737, 0], [0, 0, 0]]
1e-05 100000.0
[[282.34314, 279.19247, 282.56665], [102.11465, 102.58737, 124.21275], [0, 0, 0]]
0.001 10.0
[[282.34314, 279.19247, 282.56665], [102.11465, 102.58737, 124.21275], [139.98146, 0, 0]]
0.001 1000
[[282.34314, 279.19247, 282.56665], [102.11465, 102.58737, 124.21275], [139.98146, 123.01563, 0]]
0.001 100000.0
[[282.34314, 279.19247, 282.56665], [102.11465, 102.58737, 124.21275], [139.98146, 123.01563, 237.735]]
[-6.0, -5, -4.0]
[0.0, 1.0, 2.0]
1e-06 1.0
[[127.74244, 0, 0], [0, 0, 0], [0, 0, 0]]
1e-06 10.0
[[127.74244, 129.50734, 0], [0, 0, 0], [0, 0, 0]]
1e-06 100.0
[[127.74244, 129.50734, 127.09218], [0, 0, 0], [0, 0, 0]]
1e-05 1.0
[[127.74244, 129.50734, 127.09218], [101.99586, 0, 0], [0, 0, 0]]
1e-05 10.0
[[127.74244, 129.50734, 127.09218], [101.99586, 101.57054, 0], [0, 0, 0]]
1e-05 100.0
[[127.74244, 129.50734, 127.09218], [101.99586, 101.57054, 99.41492], [0, 0, 0]]
0.0001 1.0
[[127.74244, 129.50734, 127.09218], [101.99586, 101.57054, 99.41492], [110.98642, 0, 0]]
0.0001 10.0
[[127.74244, 129.50734, 127.09218], [101.99586, 101.57054, 99.41492], [110.98642, 107.15792, 0]]
0.0001 100.0
[[127.74244, 129.50734, 127.09218], [101.99586, 101.57054, 99.41492], [110.98642, 107.15792, 107.46345]]
[-5.5, -5, -4.5]
[1.5, 2.0, 2.5]
3.162277660168379e-06 31.622776601683793
[[103.39813, 0, 0], [0, 0, 0], [0, 0, 0]]
3.162277660168379e-06 100.0
[[103.39813, 103.02846, 0], [0, 0, 0], [0, 0, 0]]
3.162277660168379e-06 316.22776601683796
[[103.39813, 103.02846, 103.5019], [0, 0, 0], [0, 0, 0]]
1e-05 31.622776601683793
[[103.39813, 103.02846, 103.5019], [102.41435, 0, 0], [0, 0, 0]]
1e-05 100.0
[[103.39813, 103.02846, 103.5019], [102.41435, 98.869225, 0], [0, 0, 0]]
1e-05 316.22776601683796
[[103.39813, 103.02846, 103.5019], [102.41435, 98.869225, 99.702774], [0, 0, 0]]
3.1622776601683795e-05 31.622776601683793
[[103.39813, 103.02846, 103.5019], [102.41435, 98.869225, 99.702774], [103.216, 0, 0]]
3.1622776601683795e-05 100.0
[[103.39813, 103.02846, 103.5019], [102.41435, 98.869225, 99.702774], [103.216, 106.24795, 0]]
3.1622776601683795e-05 316.22776601683796
[[103.39813, 103.02846, 103.5019], [102.41435, 98.869225, 99.702774], [103.216, 106.24795, 100.73346]]
[-5.25, -5, -4.75]
[1.75, 2.0, 2.25]
5.623413251903491e-06 56.23413251903491
[[99.960205, 0, 0], [0, 0, 0], [0, 0, 0]]
5.623413251903491e-06 100.0
[[99.960205, 99.277664, 0], [0, 0, 0], [0, 0, 0]]
5.623413251903491e-06 177.82794100389228
[[99.960205, 99.277664, 102.00364], [0, 0, 0], [0, 0, 0]]
1e-05 56.23413251903491
[[99.960205, 99.277664, 102.00364], [97.22191, 0, 0], [0, 0, 0]]
1e-05 100.0
[[99.960205, 99.277664, 102.00364], [97.22191, 101.96195, 0], [0, 0, 0]]
1e-05 177.82794100389228
[[99.960205, 99.277664, 102.00364], [97.22191, 101.96195, 103.61583], [0, 0, 0]]
1.778279410038923e-05 56.23413251903491
[[99.960205, 99.277664, 102.00364], [97.22191, 101.96195, 103.61583], [100.47974, 0, 0]]
1.778279410038923e-05 100.0
[[99.960205, 99.277664, 102.00364], [97.22191, 101.96195, 103.61583], [100.47974, 101.093506, 0]]
1.778279410038923e-05 177.82794100389228
[[99.960205, 99.277664, 102.00364], [97.22191, 101.96195, 103.61583], [100.47974, 101.093506, 97.21825]]
[-4.875, -4.75, -4.625]
[2.125, 2.25, 2.375]
1.333521432163324e-05 133.3521432163324
[[100.41244, 0, 0], [0, 0, 0], [0, 0, 0]]
1.333521432163324e-05 177.82794100389228
[[100.41244, 104.7687, 0], [0, 0, 0], [0, 0, 0]]
1.333521432163324e-05 237.13737056616552
[[100.41244, 104.7687, 100.73447], [0, 0, 0], [0, 0, 0]]
1.778279410038923e-05 133.3521432163324
[[100.41244, 104.7687, 100.73447], [101.88464, 0, 0], [0, 0, 0]]
1.778279410038923e-05 177.82794100389228
[[100.41244, 104.7687, 100.73447], [101.88464, 101.5807, 0], [0, 0, 0]]
1.778279410038923e-05 237.13737056616552
[[100.41244, 104.7687, 100.73447], [101.88464, 101.5807, 101.95177], [0, 0, 0]]
2.3713737056616554e-05 133.3521432163324
[[100.41244, 104.7687, 100.73447], [101.88464, 101.5807, 101.95177], [100.26367, 0, 0]]
2.3713737056616554e-05 177.82794100389228
[[100.41244, 104.7687, 100.73447], [101.88464, 101.5807, 101.95177], [100.26367, 100.889824, 0]]
2.3713737056616554e-05 237.13737056616552
[[100.41244, 104.7687, 100.73447], [101.88464, 101.5807, 101.95177], [100.26367, 100.889824, 101.03946]]
[-4.6875, -4.625, -4.5625]
[2.0625, 2.125, 2.1875]
6 5
Score: 100.26367
2.3713737056616554e-05 133.3521432163324
Time 10503.189840555191
