Created graph
0.1 1000
[[214.70677, 0, 0], [0, 0, 0], [0, 0, 0]]
0.1 100000
[[214.70677, 9.444118e+18, 0], [0, 0, 0], [0, 0, 0]]
0.1 10000000
[[214.70677, 9.444118e+18, 9.707064e+18], [0, 0, 0], [0, 0, 0]]
1e-05 1000
[[214.70677, 9.444118e+18, 9.707064e+18], [96.10596, 0, 0], [0, 0, 0]]
1e-05 100000
[[214.70677, 9.444118e+18, 9.707064e+18], [96.10596, 101.62362, 0], [0, 0, 0]]
1e-05 10000000
[[214.70677, 9.444118e+18, 9.707064e+18], [96.10596, 101.62362, 181.41162], [0, 0, 0]]
1e-09 1000
[[214.70677, 9.444118e+18, 9.707064e+18], [96.10596, 101.62362, 181.41162], [209.08975, 0, 0]]
1e-09 100000
[[214.70677, 9.444118e+18, 9.707064e+18], [96.10596, 101.62362, 181.41162], [209.08975, 210.41936, 0]]
1e-09 10000000
[[214.70677, 9.444118e+18, 9.707064e+18], [96.10596, 101.62362, 181.41162], [209.08975, 210.41936, 209.85367]]
[-7.0, -5, -3.0]
[1.0, 3, 5.0]
1e-07 10.0
[[197.96033, 0, 0], [0, 0, 0], [0, 0, 0]]
1e-07 1000
[[197.96033, 198.39919, 0], [0, 0, 0], [0, 0, 0]]
1e-07 100000.0
[[197.96033, 198.39919, 201.57054], [0, 0, 0], [0, 0, 0]]
1e-05 10.0
[[197.96033, 198.39919, 201.57054], [95.85478, 0, 0], [0, 0, 0]]
1e-05 1000
[[197.96033, 198.39919, 201.57054], [95.85478, 97.09091, 0], [0, 0, 0]]
1e-05 100000.0
[[197.96033, 198.39919, 201.57054], [95.85478, 97.09091, 102.06105], [0, 0, 0]]
0.001 10.0
[[197.96033, 198.39919, 201.57054], [95.85478, 97.09091, 102.06105], [100.52774, 0, 0]]
0.001 1000
[[197.96033, 198.39919, 201.57054], [95.85478, 97.09091, 102.06105], [100.52774, 99.39213, 0]]
0.001 100000.0
[[197.96033, 198.39919, 201.57054], [95.85478, 97.09091, 102.06105], [100.52774, 99.39213, 110.91473]]
[-6.0, -5, -4.0]
[0.0, 1.0, 2.0]
1e-06 1.0
[[116.676704, 0, 0], [0, 0, 0], [0, 0, 0]]
1e-06 10.0
[[116.676704, 116.83172, 0], [0, 0, 0], [0, 0, 0]]
1e-06 100.0
[[116.676704, 116.83172, 122.447975], [0, 0, 0], [0, 0, 0]]
1e-05 1.0
[[116.676704, 116.83172, 122.447975], [95.94934, 0, 0], [0, 0, 0]]
1e-05 10.0
[[116.676704, 116.83172, 122.447975], [95.94934, 96.35012, 0], [0, 0, 0]]
1e-05 100.0
[[116.676704, 116.83172, 122.447975], [95.94934, 96.35012, 96.635605], [0, 0, 0]]
0.0001 1.0
[[116.676704, 116.83172, 122.447975], [95.94934, 96.35012, 96.635605], [100.297165, 0, 0]]
0.0001 10.0
[[116.676704, 116.83172, 122.447975], [95.94934, 96.35012, 96.635605], [100.297165, 99.9903, 0]]
0.0001 100.0
[[116.676704, 116.83172, 122.447975], [95.94934, 96.35012, 96.635605], [100.297165, 99.9903, 99.97556]]
[-5.5, -5, -4.5]
[-0.5, 0.0, 0.5]
3.162277660168379e-06 0.31622776601683794
[[100.63373, 0, 0], [0, 0, 0], [0, 0, 0]]
3.162277660168379e-06 1.0
[[100.63373, 96.304596, 0], [0, 0, 0], [0, 0, 0]]
3.162277660168379e-06 3.1622776601683795
[[100.63373, 96.304596, 98.48411], [0, 0, 0], [0, 0, 0]]
1e-05 0.31622776601683794
[[100.63373, 96.304596, 98.48411], [96.85756, 0, 0], [0, 0, 0]]
1e-05 1.0
[[100.63373, 96.304596, 98.48411], [96.85756, 100.47871, 0], [0, 0, 0]]
1e-05 3.1622776601683795
[[100.63373, 96.304596, 98.48411], [96.85756, 100.47871, 95.749115], [0, 0, 0]]
3.1622776601683795e-05 0.31622776601683794
[[100.63373, 96.304596, 98.48411], [96.85756, 100.47871, 95.749115], [97.3656, 0, 0]]
3.1622776601683795e-05 1.0
[[100.63373, 96.304596, 98.48411], [96.85756, 100.47871, 95.749115], [97.3656, 97.00708, 0]]
3.1622776601683795e-05 3.1622776601683795
[[100.63373, 96.304596, 98.48411], [96.85756, 100.47871, 95.749115], [97.3656, 97.00708, 97.22609]]
[-5.25, -5, -4.75]
[0.25, 0.5, 0.75]
5.623413251903491e-06 1.7782794100389228
[[97.1036, 0, 0], [0, 0, 0], [0, 0, 0]]
5.623413251903491e-06 3.1622776601683795
[[97.1036, 95.54793, 0], [0, 0, 0], [0, 0, 0]]
5.623413251903491e-06 5.623413251903491
[[97.1036, 95.54793, 96.702385], [0, 0, 0], [0, 0, 0]]
1e-05 1.7782794100389228
[[97.1036, 95.54793, 96.702385], [95.15562, 0, 0], [0, 0, 0]]
1e-05 3.1622776601683795
[[97.1036, 95.54793, 96.702385], [95.15562, 96.33102, 0], [0, 0, 0]]
1e-05 5.623413251903491
[[97.1036, 95.54793, 96.702385], [95.15562, 96.33102, 96.949265], [0, 0, 0]]
1.778279410038923e-05 1.7782794100389228
[[97.1036, 95.54793, 96.702385], [95.15562, 96.33102, 96.949265], [96.90869, 0, 0]]
1.778279410038923e-05 3.1622776601683795
[[97.1036, 95.54793, 96.702385], [95.15562, 96.33102, 96.949265], [96.90869, 97.07588, 0]]
1.778279410038923e-05 5.623413251903491
[[97.1036, 95.54793, 96.702385], [95.15562, 96.33102, 96.949265], [96.90869, 97.07588, 96.53159]]
[-5.125, -5, -4.875]
[0.125, 0.25, 0.375]
7.498942093324558e-06 1.333521432163324
[[97.27022, 0, 0], [0, 0, 0], [0, 0, 0]]
7.498942093324558e-06 1.7782794100389228
[[97.27022, 96.62513, 0], [0, 0, 0], [0, 0, 0]]
7.498942093324558e-06 2.371373705661655
[[97.27022, 96.62513, 95.786514], [0, 0, 0], [0, 0, 0]]
1e-05 1.333521432163324
[[97.27022, 96.62513, 95.786514], [95.24693, 0, 0], [0, 0, 0]]
1e-05 1.7782794100389228
[[97.27022, 96.62513, 95.786514], [95.24693, 95.112236, 0], [0, 0, 0]]
1e-05 2.371373705661655
[[97.27022, 96.62513, 95.786514], [95.24693, 95.112236, 95.78183], [0, 0, 0]]
1.333521432163324e-05 1.333521432163324
[[97.27022, 96.62513, 95.786514], [95.24693, 95.112236, 95.78183], [96.630974, 0, 0]]
1.333521432163324e-05 1.7782794100389228
[[97.27022, 96.62513, 95.786514], [95.24693, 95.112236, 95.78183], [96.630974, 96.7768, 0]]
1.333521432163324e-05 2.371373705661655
[[97.27022, 96.62513, 95.786514], [95.24693, 95.112236, 95.78183], [96.630974, 96.7768, 96.2369]]
[-5.0625, -5, -4.9375]
[0.1875, 0.25, 0.3125]
3 10
Score: 95.112236
1e-05 1.7782794100389228
Time 9492.212973833084
