Created graph
0.1 1000
[[inf, 0, 0], [0, 0, 0], [0, 0, 0]]
0.1 100000
[[inf, inf, 0], [0, 0, 0], [0, 0, 0]]
0.1 10000000
[[inf, inf, inf], [0, 0, 0], [0, 0, 0]]
1e-05 1000
[[inf, inf, inf], [92.149254, 0, 0], [0, 0, 0]]
1e-05 100000
[[inf, inf, inf], [92.149254, 103.21289, 0], [0, 0, 0]]
1e-05 10000000
[[inf, inf, inf], [92.149254, 103.21289, 183.67174], [0, 0, 0]]
1e-09 1000
[[inf, inf, inf], [92.149254, 103.21289, 183.67174], [204.31403, 0, 0]]
1e-09 100000
[[inf, inf, inf], [92.149254, 103.21289, 183.67174], [204.31403, 204.49597, 0]]
1e-09 10000000
[[inf, inf, inf], [92.149254, 103.21289, 183.67174], [204.31403, 204.49597, 203.69205]]
[-7.0, -5, -3.0]
[1.0, 3, 5.0]
1e-07 10.0
[[189.92673, 0, 0], [0, 0, 0], [0, 0, 0]]
1e-07 1000
[[189.92673, 189.57959, 0], [0, 0, 0], [0, 0, 0]]
1e-07 100000.0
[[189.92673, 189.57959, 191.92456], [0, 0, 0], [0, 0, 0]]
1e-05 10.0
[[189.92673, 189.57959, 191.92456], [90.602516, 0, 0], [0, 0, 0]]
1e-05 1000
[[189.92673, 189.57959, 191.92456], [90.602516, 92.39519, 0], [0, 0, 0]]
1e-05 100000.0
[[189.92673, 189.57959, 191.92456], [90.602516, 92.39519, 103.12467], [0, 0, 0]]
0.001 10.0
[[189.92673, 189.57959, 191.92456], [90.602516, 92.39519, 103.12467], [127.049286, 0, 0]]
0.001 1000
[[189.92673, 189.57959, 191.92456], [90.602516, 92.39519, 103.12467], [127.049286, 105.721176, 0]]
0.001 100000.0
[[189.92673, 189.57959, 191.92456], [90.602516, 92.39519, 103.12467], [127.049286, 105.721176, 125.47634]]
[-6.0, -5, -4.0]
[0.0, 1.0, 2.0]
1e-06 1.0
[[119.49792, 0, 0], [0, 0, 0], [0, 0, 0]]
1e-06 10.0
[[119.49792, 126.545425, 0], [0, 0, 0], [0, 0, 0]]
1e-06 100.0
[[119.49792, 126.545425, 122.649414], [0, 0, 0], [0, 0, 0]]
1e-05 1.0
[[119.49792, 126.545425, 122.649414], [88.88004, 0, 0], [0, 0, 0]]
1e-05 10.0
[[119.49792, 126.545425, 122.649414], [88.88004, 92.43371, 0], [0, 0, 0]]
1e-05 100.0
[[119.49792, 126.545425, 122.649414], [88.88004, 92.43371, 88.55089], [0, 0, 0]]
0.0001 1.0
[[119.49792, 126.545425, 122.649414], [88.88004, 92.43371, 88.55089], [94.18948, 0, 0]]
0.0001 10.0
[[119.49792, 126.545425, 122.649414], [88.88004, 92.43371, 88.55089], [94.18948, 98.0481, 0]]
0.0001 100.0
[[119.49792, 126.545425, 122.649414], [88.88004, 92.43371, 88.55089], [94.18948, 98.0481, 97.67712]]
[-5.5, -5, -4.5]
[1.5, 2.0, 2.5]
3.162277660168379e-06 31.622776601683793
[[90.289894, 0, 0], [0, 0, 0], [0, 0, 0]]
3.162277660168379e-06 100.0
[[90.289894, 93.37176, 0], [0, 0, 0], [0, 0, 0]]
3.162277660168379e-06 316.22776601683796
[[90.289894, 93.37176, 92.897224], [0, 0, 0], [0, 0, 0]]
1e-05 31.622776601683793
[[90.289894, 93.37176, 92.897224], [92.5332, 0, 0], [0, 0, 0]]
1e-05 100.0
[[90.289894, 93.37176, 92.897224], [92.5332, 91.21639, 0], [0, 0, 0]]
1e-05 316.22776601683796
[[90.289894, 93.37176, 92.897224], [92.5332, 91.21639, 91.643936], [0, 0, 0]]
3.1622776601683795e-05 31.622776601683793
[[90.289894, 93.37176, 92.897224], [92.5332, 91.21639, 91.643936], [89.28253, 0, 0]]
3.1622776601683795e-05 100.0
[[90.289894, 93.37176, 92.897224], [92.5332, 91.21639, 91.643936], [89.28253, 89.9759, 0]]
3.1622776601683795e-05 316.22776601683796
[[90.289894, 93.37176, 92.897224], [92.5332, 91.21639, 91.643936], [89.28253, 89.9759, 91.44568]]
[-4.75, -4.5, -4.25]
[1.25, 1.5, 1.75]
1.778279410038923e-05 17.78279410038923
[[89.97998, 0, 0], [0, 0, 0], [0, 0, 0]]
1.778279410038923e-05 31.622776601683793
[[89.97998, 87.83318, 0], [0, 0, 0], [0, 0, 0]]
1.778279410038923e-05 56.23413251903491
[[89.97998, 87.83318, 92.17803], [0, 0, 0], [0, 0, 0]]
3.1622776601683795e-05 17.78279410038923
[[89.97998, 87.83318, 92.17803], [91.065674, 0, 0], [0, 0, 0]]
3.1622776601683795e-05 31.622776601683793
[[89.97998, 87.83318, 92.17803], [91.065674, 90.254906, 0], [0, 0, 0]]
3.1622776601683795e-05 56.23413251903491
[[89.97998, 87.83318, 92.17803], [91.065674, 90.254906, 89.54691], [0, 0, 0]]
5.623413251903491e-05 17.78279410038923
[[89.97998, 87.83318, 92.17803], [91.065674, 90.254906, 89.54691], [93.66874, 0, 0]]
5.623413251903491e-05 31.622776601683793
[[89.97998, 87.83318, 92.17803], [91.065674, 90.254906, 89.54691], [93.66874, 92.79197, 0]]
5.623413251903491e-05 56.23413251903491
[[89.97998, 87.83318, 92.17803], [91.065674, 90.254906, 89.54691], [93.66874, 92.79197, 90.45399]]
[-4.875, -4.75, -4.625]
[1.375, 1.5, 1.625]
1.333521432163324e-05 23.71373705661655
[[92.62702, 0, 0], [0, 0, 0], [0, 0, 0]]
1.333521432163324e-05 31.622776601683793
[[92.62702, 89.54826, 0], [0, 0, 0], [0, 0, 0]]
1.333521432163324e-05 42.169650342858226
[[92.62702, 89.54826, 91.193115], [0, 0, 0], [0, 0, 0]]
1.778279410038923e-05 23.71373705661655
[[92.62702, 89.54826, 91.193115], [91.24231, 0, 0], [0, 0, 0]]
1.778279410038923e-05 31.622776601683793
[[92.62702, 89.54826, 91.193115], [91.24231, 92.25718, 0], [0, 0, 0]]
1.778279410038923e-05 42.169650342858226
[[92.62702, 89.54826, 91.193115], [91.24231, 92.25718, 93.21544], [0, 0, 0]]
2.3713737056616554e-05 23.71373705661655
[[92.62702, 89.54826, 91.193115], [91.24231, 92.25718, 93.21544], [91.02608, 0, 0]]
2.3713737056616554e-05 31.622776601683793
[[92.62702, 89.54826, 91.193115], [91.24231, 92.25718, 93.21544], [91.02608, 90.887314, 0]]
2.3713737056616554e-05 42.169650342858226
[[92.62702, 89.54826, 91.193115], [91.24231, 92.25718, 93.21544], [91.02608, 90.887314, 90.35129]]
[-4.9375, -4.875, -4.8125]
[1.4375, 1.5, 1.5625]
5 100
Score: 89.54826
1.333521432163324e-05 31.622776601683793
Time 9572.078639745712
