Created graph
0.1 1000
[[inf, 0, 0], [0, 0, 0], [0, 0, 0]]
0.1 100000
[[inf, inf, 0], [0, 0, 0], [0, 0, 0]]
0.1 10000000
[[inf, inf, inf], [0, 0, 0], [0, 0, 0]]
1e-05 1000
[[inf, inf, inf], [96.63025, 0, 0], [0, 0, 0]]
1e-05 100000
[[inf, inf, inf], [96.63025, 109.701645, 0], [0, 0, 0]]
1e-05 10000000
[[inf, inf, inf], [96.63025, 109.701645, 225.73152], [0, 0, 0]]
1e-09 1000
[[inf, inf, inf], [96.63025, 109.701645, 225.73152], [249.24199, 0, 0]]
1e-09 100000
[[inf, inf, inf], [96.63025, 109.701645, 225.73152], [249.24199, 248.26114, 0]]
1e-09 10000000
[[inf, inf, inf], [96.63025, 109.701645, 225.73152], [249.24199, 248.26114, 248.69081]]
[-7.0, -5, -3.0]
[1.0, 3, 5.0]
1e-07 10.0
[[233.18517, 0, 0], [0, 0, 0], [0, 0, 0]]
1e-07 1000
[[233.18517, 234.2102, 0], [0, 0, 0], [0, 0, 0]]
1e-07 100000.0
[[233.18517, 234.2102, 234.63368], [0, 0, 0], [0, 0, 0]]
1e-05 10.0
[[233.18517, 234.2102, 234.63368], [95.59281, 0, 0], [0, 0, 0]]
1e-05 1000
[[233.18517, 234.2102, 234.63368], [95.59281, 95.203674, 0], [0, 0, 0]]
1e-05 100000.0
[[233.18517, 234.2102, 234.63368], [95.59281, 95.203674, 109.866264], [0, 0, 0]]
0.001 10.0
[[233.18517, 234.2102, 234.63368], [95.59281, 95.203674, 109.866264], [149.52518, 0, 0]]
0.001 1000
[[233.18517, 234.2102, 234.63368], [95.59281, 95.203674, 109.866264], [149.52518, 142.12738, 0]]
0.001 100000.0
[[233.18517, 234.2102, 234.63368], [95.59281, 95.203674, 109.866264], [149.52518, 142.12738, 196.52519]]
[-6.0, -5, -4.0]
[2.0, 3, 4.0]
1e-06 100.0
[[119.533195, 0, 0], [0, 0, 0], [0, 0, 0]]
1e-06 1000
[[119.533195, 115.608665, 0], [0, 0, 0], [0, 0, 0]]
1e-06 10000.0
[[119.533195, 115.608665, 123.64878], [0, 0, 0], [0, 0, 0]]
1e-05 100.0
[[119.533195, 115.608665, 123.64878], [95.27598, 0, 0], [0, 0, 0]]
1e-05 1000
[[119.533195, 115.608665, 123.64878], [95.27598, 96.134735, 0], [0, 0, 0]]
1e-05 10000.0
[[119.533195, 115.608665, 123.64878], [95.27598, 96.134735, 98.3848], [0, 0, 0]]
0.0001 100.0
[[119.533195, 115.608665, 123.64878], [95.27598, 96.134735, 98.3848], [106.53687, 0, 0]]
0.0001 1000
[[119.533195, 115.608665, 123.64878], [95.27598, 96.134735, 98.3848], [106.53687, 102.18121, 0]]
0.0001 10000.0
[[119.533195, 115.608665, 123.64878], [95.27598, 96.134735, 98.3848], [106.53687, 102.18121, 101.53493]]
[-5.5, -5, -4.5]
[1.5, 2.0, 2.5]
3.162277660168379e-06 31.622776601683793
[[97.514946, 0, 0], [0, 0, 0], [0, 0, 0]]
3.162277660168379e-06 100.0
[[97.514946, 95.06216, 0], [0, 0, 0], [0, 0, 0]]
3.162277660168379e-06 316.22776601683796
[[97.514946, 95.06216, 96.28647], [0, 0, 0], [0, 0, 0]]
1e-05 31.622776601683793
[[97.514946, 95.06216, 96.28647], [95.04355, 0, 0], [0, 0, 0]]
1e-05 100.0
[[97.514946, 95.06216, 96.28647], [95.04355, 93.01868, 0], [0, 0, 0]]
1e-05 316.22776601683796
[[97.514946, 95.06216, 96.28647], [95.04355, 93.01868, 94.28602], [0, 0, 0]]
3.1622776601683795e-05 31.622776601683793
[[97.514946, 95.06216, 96.28647], [95.04355, 93.01868, 94.28602], [95.56755, 0, 0]]
3.1622776601683795e-05 100.0
[[97.514946, 95.06216, 96.28647], [95.04355, 93.01868, 94.28602], [95.56755, 97.35424, 0]]
3.1622776601683795e-05 316.22776601683796
[[97.514946, 95.06216, 96.28647], [95.04355, 93.01868, 94.28602], [95.56755, 97.35424, 96.71141]]
[-5.25, -5, -4.75]
[1.75, 2.0, 2.25]
5.623413251903491e-06 56.23413251903491
[[96.474174, 0, 0], [0, 0, 0], [0, 0, 0]]
5.623413251903491e-06 100.0
[[96.474174, 96.45996, 0], [0, 0, 0], [0, 0, 0]]
5.623413251903491e-06 177.82794100389228
[[96.474174, 96.45996, 94.73112], [0, 0, 0], [0, 0, 0]]
1e-05 56.23413251903491
[[96.474174, 96.45996, 94.73112], [96.74368, 0, 0], [0, 0, 0]]
1e-05 100.0
[[96.474174, 96.45996, 94.73112], [96.74368, 96.87004, 0], [0, 0, 0]]
1e-05 177.82794100389228
[[96.474174, 96.45996, 94.73112], [96.74368, 96.87004, 95.59784], [0, 0, 0]]
1.778279410038923e-05 56.23413251903491
[[96.474174, 96.45996, 94.73112], [96.74368, 96.87004, 95.59784], [96.65945, 0, 0]]
1.778279410038923e-05 100.0
[[96.474174, 96.45996, 94.73112], [96.74368, 96.87004, 95.59784], [96.65945, 95.6317, 0]]
1.778279410038923e-05 177.82794100389228
[[96.474174, 96.45996, 94.73112], [96.74368, 96.87004, 95.59784], [96.65945, 95.6317, 96.17588]]
[-5.375, -5.25, -5.125]
[2.125, 2.25, 2.375]
4.216965034285822e-06 133.3521432163324
[[95.77731, 0, 0], [0, 0, 0], [0, 0, 0]]
4.216965034285822e-06 177.82794100389228
[[95.77731, 96.70077, 0], [0, 0, 0], [0, 0, 0]]
4.216965034285822e-06 237.13737056616552
[[95.77731, 96.70077, 94.07201], [0, 0, 0], [0, 0, 0]]
5.623413251903491e-06 133.3521432163324
[[95.77731, 96.70077, 94.07201], [96.39415, 0, 0], [0, 0, 0]]
5.623413251903491e-06 177.82794100389228
[[95.77731, 96.70077, 94.07201], [96.39415, 96.53864, 0], [0, 0, 0]]
5.623413251903491e-06 237.13737056616552
[[95.77731, 96.70077, 94.07201], [96.39415, 96.53864, 95.94317], [0, 0, 0]]
7.498942093324558e-06 133.3521432163324
[[95.77731, 96.70077, 94.07201], [96.39415, 96.53864, 95.94317], [96.08444, 0, 0]]
7.498942093324558e-06 177.82794100389228
[[95.77731, 96.70077, 94.07201], [96.39415, 96.53864, 95.94317], [96.08444, 94.308655, 0]]
7.498942093324558e-06 237.13737056616552
[[95.77731, 96.70077, 94.07201], [96.39415, 96.53864, 95.94317], [96.08444, 94.308655, 96.24147]]
[-5.4375, -5.375, -5.3125]
[2.3125, 2.375, 2.4375]
6 10
Score: 94.07201
4.216965034285822e-06 237.13737056616552
Time 11851.787627458572
