Created graph
0.1 1000
[[1.3115731e+19, 0, 0], [0, 0, 0], [0, 0, 0]]
0.1 100000
[[1.3115731e+19, inf, 0], [0, 0, 0], [0, 0, 0]]
0.1 10000000
[[1.3115731e+19, inf, inf], [0, 0, 0], [0, 0, 0]]
1e-05 1000
[[1.3115731e+19, inf, inf], [97.60799, 0, 0], [0, 0, 0]]
1e-05 100000
[[1.3115731e+19, inf, inf], [97.60799, 112.54656, 0], [0, 0, 0]]
1e-05 10000000
[[1.3115731e+19, inf, inf], [97.60799, 112.54656, 218.33096], [0, 0, 0]]
1e-09 1000
[[1.3115731e+19, inf, inf], [97.60799, 112.54656, 218.33096], [243.6554, 0, 0]]
1e-09 100000
[[1.3115731e+19, inf, inf], [97.60799, 112.54656, 218.33096], [243.6554, 242.85289, 0]]
1e-09 10000000
[[1.3115731e+19, inf, inf], [97.60799, 112.54656, 218.33096], [243.6554, 242.85289, 243.34883]]
[-7.0, -5, -3.0]
[1.0, 3, 5.0]
1e-07 10.0
[[227.43015, 0, 0], [0, 0, 0], [0, 0, 0]]
1e-07 1000
[[227.43015, 228.09152, 0], [0, 0, 0], [0, 0, 0]]
1e-07 100000.0
[[227.43015, 228.09152, 228.65413], [0, 0, 0], [0, 0, 0]]
1e-05 10.0
[[227.43015, 228.09152, 228.65413], [96.03383, 0, 0], [0, 0, 0]]
1e-05 1000
[[227.43015, 228.09152, 228.65413], [96.03383, 97.340416, 0], [0, 0, 0]]
1e-05 100000.0
[[227.43015, 228.09152, 228.65413], [96.03383, 97.340416, 112.951965], [0, 0, 0]]
0.001 10.0
[[227.43015, 228.09152, 228.65413], [96.03383, 97.340416, 112.951965], [197.87512, 0, 0]]
0.001 1000
[[227.43015, 228.09152, 228.65413], [96.03383, 97.340416, 112.951965], [197.87512, 135.77211, 0]]
0.001 100000.0
[[227.43015, 228.09152, 228.65413], [96.03383, 97.340416, 112.951965], [197.87512, 135.77211, 194.88298]]
[-6.0, -5, -4.0]
[0.0, 1.0, 2.0]
1e-06 1.0
[[126.65246, 0, 0], [0, 0, 0], [0, 0, 0]]
1e-06 10.0
[[126.65246, 128.70284, 0], [0, 0, 0], [0, 0, 0]]
1e-06 100.0
[[126.65246, 128.70284, 127.511986], [0, 0, 0], [0, 0, 0]]
1e-05 1.0
[[126.65246, 128.70284, 127.511986], [94.98231, 0, 0], [0, 0, 0]]
1e-05 10.0
[[126.65246, 128.70284, 127.511986], [94.98231, 95.452896, 0], [0, 0, 0]]
1e-05 100.0
[[126.65246, 128.70284, 127.511986], [94.98231, 95.452896, 96.817406], [0, 0, 0]]
0.0001 1.0
[[126.65246, 128.70284, 127.511986], [94.98231, 95.452896, 96.817406], [108.528496, 0, 0]]
0.0001 10.0
[[126.65246, 128.70284, 127.511986], [94.98231, 95.452896, 96.817406], [108.528496, 99.06023, 0]]
0.0001 100.0
[[126.65246, 128.70284, 127.511986], [94.98231, 95.452896, 96.817406], [108.528496, 99.06023, 103.57193]]
[-5.5, -5, -4.5]
[-0.5, 0.0, 0.5]
3.162277660168379e-06 0.31622776601683794
[[95.78871, 0, 0], [0, 0, 0], [0, 0, 0]]
3.162277660168379e-06 1.0
[[95.78871, 97.01632, 0], [0, 0, 0], [0, 0, 0]]
3.162277660168379e-06 3.1622776601683795
[[95.78871, 97.01632, 96.912415], [0, 0, 0], [0, 0, 0]]
1e-05 0.31622776601683794
[[95.78871, 97.01632, 96.912415], [96.27367, 0, 0], [0, 0, 0]]
1e-05 1.0
[[95.78871, 97.01632, 96.912415], [96.27367, 95.79989, 0], [0, 0, 0]]
1e-05 3.1622776601683795
[[95.78871, 97.01632, 96.912415], [96.27367, 95.79989, 97.937454], [0, 0, 0]]
3.1622776601683795e-05 0.31622776601683794
[[95.78871, 97.01632, 96.912415], [96.27367, 95.79989, 97.937454], [94.605934, 0, 0]]
3.1622776601683795e-05 1.0
[[95.78871, 97.01632, 96.912415], [96.27367, 95.79989, 97.937454], [94.605934, 96.84789, 0]]
3.1622776601683795e-05 3.1622776601683795
[[95.78871, 97.01632, 96.912415], [96.27367, 95.79989, 97.937454], [94.605934, 96.84789, 96.09913]]
[-4.75, -4.5, -4.25]
[-0.75, -0.5, -0.25]
1.778279410038923e-05 0.1778279410038923
[[95.716774, 0, 0], [0, 0, 0], [0, 0, 0]]
1.778279410038923e-05 0.31622776601683794
[[95.716774, 94.77263, 0], [0, 0, 0], [0, 0, 0]]
1.778279410038923e-05 0.5623413251903491
[[95.716774, 94.77263, 95.008804], [0, 0, 0], [0, 0, 0]]
3.1622776601683795e-05 0.1778279410038923
[[95.716774, 94.77263, 95.008804], [95.77886, 0, 0], [0, 0, 0]]
3.1622776601683795e-05 0.31622776601683794
[[95.716774, 94.77263, 95.008804], [95.77886, 95.73858, 0], [0, 0, 0]]
3.1622776601683795e-05 0.5623413251903491
[[95.716774, 94.77263, 95.008804], [95.77886, 95.73858, 95.542496], [0, 0, 0]]
5.623413251903491e-05 0.1778279410038923
[[95.716774, 94.77263, 95.008804], [95.77886, 95.73858, 95.542496], [98.873, 0, 0]]
5.623413251903491e-05 0.31622776601683794
[[95.716774, 94.77263, 95.008804], [95.77886, 95.73858, 95.542496], [98.873, 97.27109, 0]]
5.623413251903491e-05 0.5623413251903491
[[95.716774, 94.77263, 95.008804], [95.77886, 95.73858, 95.542496], [98.873, 97.27109, 101.1767]]
[-4.875, -4.75, -4.625]
[-0.625, -0.5, -0.375]
1.333521432163324e-05 0.23713737056616552
[[97.297714, 0, 0], [0, 0, 0], [0, 0, 0]]
1.333521432163324e-05 0.31622776601683794
[[97.297714, 93.3469, 0], [0, 0, 0], [0, 0, 0]]
1.333521432163324e-05 0.4216965034285822
[[97.297714, 93.3469, 96.44603], [0, 0, 0], [0, 0, 0]]
1.778279410038923e-05 0.23713737056616552
[[97.297714, 93.3469, 96.44603], [95.031364, 0, 0], [0, 0, 0]]
1.778279410038923e-05 0.31622776601683794
[[97.297714, 93.3469, 96.44603], [95.031364, 95.87849, 0], [0, 0, 0]]
1.778279410038923e-05 0.4216965034285822
[[97.297714, 93.3469, 96.44603], [95.031364, 95.87849, 95.643166], [0, 0, 0]]
2.3713737056616554e-05 0.23713737056616552
[[97.297714, 93.3469, 96.44603], [95.031364, 95.87849, 95.643166], [94.4962, 0, 0]]
2.3713737056616554e-05 0.31622776601683794
[[97.297714, 93.3469, 96.44603], [95.031364, 95.87849, 95.643166], [94.4962, 95.28178, 0]]
2.3713737056616554e-05 0.4216965034285822
[[97.297714, 93.3469, 96.44603], [95.031364, 95.87849, 95.643166], [94.4962, 95.28178, 94.466194]]
[-4.9375, -4.875, -4.8125]
[-0.5625, -0.5, -0.4375]
7 25
Score: 93.3469
1.333521432163324e-05 0.31622776601683794
Time 6289.588412761688
