Created graph
0.1 1000
[[1.3396181e+19, 0, 0], [0, 0, 0], [0, 0, 0]]
0.1 100000
[[1.3396181e+19, inf, 0], [0, 0, 0], [0, 0, 0]]
0.1 10000000
[[1.3396181e+19, inf, inf], [0, 0, 0], [0, 0, 0]]
1e-05 1000
[[1.3396181e+19, inf, inf], [102.12442, 0, 0], [0, 0, 0]]
1e-05 100000
[[1.3396181e+19, inf, inf], [102.12442, 126.17887, 0], [0, 0, 0]]
1e-05 10000000
[[1.3396181e+19, inf, inf], [102.12442, 126.17887, 251.59003], [0, 0, 0]]
1e-09 1000
[[1.3396181e+19, inf, inf], [102.12442, 126.17887, 251.59003], [278.90726, 0, 0]]
1e-09 100000
[[1.3396181e+19, inf, inf], [102.12442, 126.17887, 251.59003], [278.90726, 279.308, 0]]
1e-09 10000000
[[1.3396181e+19, inf, inf], [102.12442, 126.17887, 251.59003], [278.90726, 279.308, 279.0431]]
[-7.0, -5, -3.0]
[1.0, 3, 5.0]
1e-07 10.0
[[262.72812, 0, 0], [0, 0, 0], [0, 0, 0]]
1e-07 1000
[[262.72812, 263.56924, 0], [0, 0, 0], [0, 0, 0]]
1e-07 100000.0
[[262.72812, 263.56924, 266.15802], [0, 0, 0], [0, 0, 0]]
1e-05 10.0
[[262.72812, 263.56924, 266.15802], [107.06823, 0, 0], [0, 0, 0]]
1e-05 1000
[[262.72812, 263.56924, 266.15802], [107.06823, 105.195496, 0], [0, 0, 0]]
1e-05 100000.0
[[262.72812, 263.56924, 266.15802], [107.06823, 105.195496, 125.956665], [0, 0, 0]]
0.001 10.0
[[262.72812, 263.56924, 266.15802], [107.06823, 105.195496, 125.956665], [242.45349, 0, 0]]
0.001 1000
[[262.72812, 263.56924, 266.15802], [107.06823, 105.195496, 125.956665], [242.45349, 161.40099, 0]]
0.001 100000.0
[[262.72812, 263.56924, 266.15802], [107.06823, 105.195496, 125.956665], [242.45349, 161.40099, 237.99332]]
[-6.0, -5, -4.0]
[2.0, 3, 4.0]
1e-06 100.0
[[143.29347, 0, 0], [0, 0, 0], [0, 0, 0]]
1e-06 1000
[[143.29347, 137.46571, 0], [0, 0, 0], [0, 0, 0]]
1e-06 10000.0
[[143.29347, 137.46571, 142.39462], [0, 0, 0], [0, 0, 0]]
1e-05 100.0
[[143.29347, 137.46571, 142.39462], [108.295166, 0, 0], [0, 0, 0]]
1e-05 1000
[[143.29347, 137.46571, 142.39462], [108.295166, 109.5623, 0], [0, 0, 0]]
1e-05 10000.0
[[143.29347, 137.46571, 142.39462], [108.295166, 109.5623, 107.14458], [0, 0, 0]]
0.0001 100.0
[[143.29347, 137.46571, 142.39462], [108.295166, 109.5623, 107.14458], [110.78785, 0, 0]]
0.0001 1000
[[143.29347, 137.46571, 142.39462], [108.295166, 109.5623, 107.14458], [110.78785, 112.22901, 0]]
0.0001 10000.0
[[143.29347, 137.46571, 142.39462], [108.295166, 109.5623, 107.14458], [110.78785, 112.22901, 108.70879]]
[-5.5, -5, -4.5]
[3.5, 4.0, 4.5]
3.162277660168379e-06 3162.2776601683795
[[109.18805, 0, 0], [0, 0, 0], [0, 0, 0]]
3.162277660168379e-06 10000.0
[[109.18805, 113.80027, 0], [0, 0, 0], [0, 0, 0]]
3.162277660168379e-06 31622.776601683792
[[109.18805, 113.80027, 120.1571], [0, 0, 0], [0, 0, 0]]
1e-05 3162.2776601683795
[[109.18805, 113.80027, 120.1571], [104.63247, 0, 0], [0, 0, 0]]
1e-05 10000.0
[[109.18805, 113.80027, 120.1571], [104.63247, 104.677376, 0], [0, 0, 0]]
1e-05 31622.776601683792
[[109.18805, 113.80027, 120.1571], [104.63247, 104.677376, 111.7966], [0, 0, 0]]
3.1622776601683795e-05 3162.2776601683795
[[109.18805, 113.80027, 120.1571], [104.63247, 104.677376, 111.7966], [100.62366, 0, 0]]
3.1622776601683795e-05 10000.0
[[109.18805, 113.80027, 120.1571], [104.63247, 104.677376, 111.7966], [100.62366, 106.34521, 0]]
3.1622776601683795e-05 31622.776601683792
[[109.18805, 113.80027, 120.1571], [104.63247, 104.677376, 111.7966], [100.62366, 106.34521, 111.13691]]
[-4.75, -4.5, -4.25]
[3.25, 3.5, 3.75]
1.778279410038923e-05 1778.2794100389228
[[101.94364, 0, 0], [0, 0, 0], [0, 0, 0]]
1.778279410038923e-05 3162.2776601683795
[[101.94364, 106.08989, 0], [0, 0, 0], [0, 0, 0]]
1.778279410038923e-05 5623.413251903491
[[101.94364, 106.08989, 104.04169], [0, 0, 0], [0, 0, 0]]
3.1622776601683795e-05 1778.2794100389228
[[101.94364, 106.08989, 104.04169], [103.19264, 0, 0], [0, 0, 0]]
3.1622776601683795e-05 3162.2776601683795
[[101.94364, 106.08989, 104.04169], [103.19264, 102.971886, 0], [0, 0, 0]]
3.1622776601683795e-05 5623.413251903491
[[101.94364, 106.08989, 104.04169], [103.19264, 102.971886, 100.27119], [0, 0, 0]]
5.623413251903491e-05 1778.2794100389228
[[101.94364, 106.08989, 104.04169], [103.19264, 102.971886, 100.27119], [107.06466, 0, 0]]
5.623413251903491e-05 3162.2776601683795
[[101.94364, 106.08989, 104.04169], [103.19264, 102.971886, 100.27119], [107.06466, 106.97099, 0]]
5.623413251903491e-05 5623.413251903491
[[101.94364, 106.08989, 104.04169], [103.19264, 102.971886, 100.27119], [107.06466, 106.97099, 104.55338]]
[-4.625, -4.5, -4.375]
[3.625, 3.75, 3.875]
2.3713737056616554e-05 4216.965034285822
[[102.65382, 0, 0], [0, 0, 0], [0, 0, 0]]
2.3713737056616554e-05 5623.413251903491
[[102.65382, 106.77611, 0], [0, 0, 0], [0, 0, 0]]
2.3713737056616554e-05 7498.942093324558
[[102.65382, 106.77611, 105.69115], [0, 0, 0], [0, 0, 0]]
3.1622776601683795e-05 4216.965034285822
[[102.65382, 106.77611, 105.69115], [99.06232, 0, 0], [0, 0, 0]]
3.1622776601683795e-05 5623.413251903491
[[102.65382, 106.77611, 105.69115], [99.06232, 103.06474, 0], [0, 0, 0]]
3.1622776601683795e-05 7498.942093324558
[[102.65382, 106.77611, 105.69115], [99.06232, 103.06474, 105.90537], [0, 0, 0]]
4.216965034285822e-05 4216.965034285822
[[102.65382, 106.77611, 105.69115], [99.06232, 103.06474, 105.90537], [102.17316, 0, 0]]
4.216965034285822e-05 5623.413251903491
[[102.65382, 106.77611, 105.69115], [99.06232, 103.06474, 105.90537], [102.17316, 98.81338, 0]]
4.216965034285822e-05 7498.942093324558
[[102.65382, 106.77611, 105.69115], [99.06232, 103.06474, 105.90537], [102.17316, 98.81338, 107.008965]]
[-4.4375, -4.375, -4.3125]
[3.6875, 3.75, 3.8125]
6 25
Score: 98.81338
4.216965034285822e-05 5623.413251903491
Time 6747.710324287415
