Created graph
0.1 1000
[[1.6172753e+19, 0, 0], [0, 0, 0], [0, 0, 0]]
0.1 100000
[[1.6172753e+19, 1.2922808e+19, 0], [0, 0, 0], [0, 0, 0]]
0.1 10000000
[[1.6172753e+19, 1.2922808e+19, inf], [0, 0, 0], [0, 0, 0]]
1e-05 1000
[[1.6172753e+19, 1.2922808e+19, inf], [97.97683, 0, 0], [0, 0, 0]]
1e-05 100000
[[1.6172753e+19, 1.2922808e+19, inf], [97.97683, 112.095505, 0], [0, 0, 0]]
1e-05 10000000
[[1.6172753e+19, 1.2922808e+19, inf], [97.97683, 112.095505, 242.95645], [0, 0, 0]]
1e-09 1000
[[1.6172753e+19, 1.2922808e+19, inf], [97.97683, 112.095505, 242.95645], [267.91354, 0, 0]]
1e-09 100000
[[1.6172753e+19, 1.2922808e+19, inf], [97.97683, 112.095505, 242.95645], [267.91354, 267.38593, 0]]
1e-09 10000000
[[1.6172753e+19, 1.2922808e+19, inf], [97.97683, 112.095505, 242.95645], [267.91354, 267.38593, 266.45694]]
[-7.0, -5, -3.0]
[1.0, 3, 5.0]
1e-07 10.0
[[253.75784, 0, 0], [0, 0, 0], [0, 0, 0]]
1e-07 1000
[[253.75784, 256.17612, 0], [0, 0, 0], [0, 0, 0]]
1e-07 100000.0
[[253.75784, 256.17612, 256.0215], [0, 0, 0], [0, 0, 0]]
1e-05 10.0
[[253.75784, 256.17612, 256.0215], [94.97105, 0, 0], [0, 0, 0]]
1e-05 1000
[[253.75784, 256.17612, 256.0215], [94.97105, 92.47863, 0], [0, 0, 0]]
1e-05 100000.0
[[253.75784, 256.17612, 256.0215], [94.97105, 92.47863, 110.97432], [0, 0, 0]]
0.001 10.0
[[253.75784, 256.17612, 256.0215], [94.97105, 92.47863, 110.97432], [95.63735, 0, 0]]
0.001 1000
[[253.75784, 256.17612, 256.0215], [94.97105, 92.47863, 110.97432], [95.63735, 95.947975, 0]]
0.001 100000.0
[[253.75784, 256.17612, 256.0215], [94.97105, 92.47863, 110.97432], [95.63735, 95.947975, 217.06752]]
[-6.0, -5, -4.0]
[2.0, 3, 4.0]
1e-06 100.0
[[126.3737, 0, 0], [0, 0, 0], [0, 0, 0]]
1e-06 1000
[[126.3737, 127.06416, 0], [0, 0, 0], [0, 0, 0]]
1e-06 10000.0
[[126.3737, 127.06416, 126.76716], [0, 0, 0], [0, 0, 0]]
1e-05 100.0
[[126.3737, 127.06416, 126.76716], [94.36978, 0, 0], [0, 0, 0]]
1e-05 1000
[[126.3737, 127.06416, 126.76716], [94.36978, 97.499756, 0], [0, 0, 0]]
1e-05 10000.0
[[126.3737, 127.06416, 126.76716], [94.36978, 97.499756, 97.04804], [0, 0, 0]]
0.0001 100.0
[[126.3737, 127.06416, 126.76716], [94.36978, 97.499756, 97.04804], [103.24547, 0, 0]]
0.0001 1000
[[126.3737, 127.06416, 126.76716], [94.36978, 97.499756, 97.04804], [103.24547, 95.088165, 0]]
0.0001 10000.0
[[126.3737, 127.06416, 126.76716], [94.36978, 97.499756, 97.04804], [103.24547, 95.088165, 93.72081]]
[-4.5, -4.0, -3.5]
[3.5, 4.0, 4.5]
3.1622776601683795e-05 3162.2776601683795
[[98.32306, 0, 0], [0, 0, 0], [0, 0, 0]]
3.1622776601683795e-05 10000.0
[[98.32306, 98.31595, 0], [0, 0, 0], [0, 0, 0]]
3.1622776601683795e-05 31622.776601683792
[[98.32306, 98.31595, 100.19508], [0, 0, 0], [0, 0, 0]]
0.0001 3162.2776601683795
[[98.32306, 98.31595, 100.19508], [95.88053, 0, 0], [0, 0, 0]]
0.0001 10000.0
[[98.32306, 98.31595, 100.19508], [95.88053, 95.95308, 0], [0, 0, 0]]
0.0001 31622.776601683792
[[98.32306, 98.31595, 100.19508], [95.88053, 95.95308, 95.27256], [0, 0, 0]]
0.00031622776601683794 3162.2776601683795
[[98.32306, 98.31595, 100.19508], [95.88053, 95.95308, 95.27256], [93.59518, 0, 0]]
0.00031622776601683794 10000.0
[[98.32306, 98.31595, 100.19508], [95.88053, 95.95308, 95.27256], [93.59518, 94.736435, 0]]
0.00031622776601683794 31622.776601683792
[[98.32306, 98.31595, 100.19508], [95.88053, 95.95308, 95.27256], [93.59518, 94.736435, 101.15622]]
[-3.75, -3.5, -3.25]
[3.25, 3.5, 3.75]
0.00017782794100389227 1778.2794100389228
[[94.240234, 0, 0], [0, 0, 0], [0, 0, 0]]
0.00017782794100389227 3162.2776601683795
[[94.240234, 101.17121, 0], [0, 0, 0], [0, 0, 0]]
0.00017782794100389227 5623.413251903491
[[94.240234, 101.17121, 94.13253], [0, 0, 0], [0, 0, 0]]
0.00031622776601683794 1778.2794100389228
[[94.240234, 101.17121, 94.13253], [94.42557, 0, 0], [0, 0, 0]]
0.00031622776601683794 3162.2776601683795
[[94.240234, 101.17121, 94.13253], [94.42557, 93.76242, 0], [0, 0, 0]]
0.00031622776601683794 5623.413251903491
[[94.240234, 101.17121, 94.13253], [94.42557, 93.76242, 93.879326], [0, 0, 0]]
0.0005623413251903491 1778.2794100389228
[[94.240234, 101.17121, 94.13253], [94.42557, 93.76242, 93.879326], [94.48663, 0, 0]]
0.0005623413251903491 3162.2776601683795
[[94.240234, 101.17121, 94.13253], [94.42557, 93.76242, 93.879326], [94.48663, 94.8145, 0]]
0.0005623413251903491 5623.413251903491
[[94.240234, 101.17121, 94.13253], [94.42557, 93.76242, 93.879326], [94.48663, 94.8145, 94.42074]]
[-3.625, -3.5, -3.375]
[3.375, 3.5, 3.625]
0.00023713737056616554 2371.373705661655
[[94.258125, 0, 0], [0, 0, 0], [0, 0, 0]]
0.00023713737056616554 3162.2776601683795
[[94.258125, 94.4944, 0], [0, 0, 0], [0, 0, 0]]
0.00023713737056616554 4216.965034285822
[[94.258125, 94.4944, 94.12747], [0, 0, 0], [0, 0, 0]]
0.00031622776601683794 2371.373705661655
[[94.258125, 94.4944, 94.12747], [94.17552, 0, 0], [0, 0, 0]]
0.00031622776601683794 3162.2776601683795
[[94.258125, 94.4944, 94.12747], [94.17552, 93.760124, 0], [0, 0, 0]]
0.00031622776601683794 4216.965034285822
[[94.258125, 94.4944, 94.12747], [94.17552, 93.760124, 93.762474], [0, 0, 0]]
0.00042169650342858224 2371.373705661655
[[94.258125, 94.4944, 94.12747], [94.17552, 93.760124, 93.762474], [94.116035, 0, 0]]
0.00042169650342858224 3162.2776601683795
[[94.258125, 94.4944, 94.12747], [94.17552, 93.760124, 93.762474], [94.116035, 93.76277, 0]]
0.00042169650342858224 4216.965034285822
[[94.258125, 94.4944, 94.12747], [94.17552, 93.760124, 93.762474], [94.116035, 93.76277, 94.06468]]
[-3.5625, -3.5, -3.4375]
[3.4375, 3.5, 3.5625]
4 5
Score: 93.760124
0.00031622776601683794 3162.2776601683795
Time 7473.461409330368
