Created graph
0.1 1000
[[1.7758832e+19, 0, 0], [0, 0, 0], [0, 0, 0]]
0.1 100000
[[1.7758832e+19, 1.6535768e+19, 0], [0, 0, 0], [0, 0, 0]]
0.1 10000000
[[1.7758832e+19, 1.6535768e+19, 9.470858e+18], [0, 0, 0], [0, 0, 0]]
1e-05 1000
[[1.7758832e+19, 1.6535768e+19, 9.470858e+18], [107.82507, 0, 0], [0, 0, 0]]
1e-05 100000
[[1.7758832e+19, 1.6535768e+19, 9.470858e+18], [107.82507, 118.57271, 0], [0, 0, 0]]
1e-05 10000000
[[1.7758832e+19, 1.6535768e+19, 9.470858e+18], [107.82507, 118.57271, 245.96524], [0, 0, 0]]
1e-09 1000
[[1.7758832e+19, 1.6535768e+19, 9.470858e+18], [107.82507, 118.57271, 245.96524], [278.69806, 0, 0]]
1e-09 100000
[[1.7758832e+19, 1.6535768e+19, 9.470858e+18], [107.82507, 118.57271, 245.96524], [278.69806, 278.00195, 0]]
1e-09 10000000
[[1.7758832e+19, 1.6535768e+19, 9.470858e+18], [107.82507, 118.57271, 245.96524], [278.69806, 278.00195, 278.58133]]
[-7.0, -5, -3.0]
[1.0, 3, 5.0]
1e-07 10.0
[[268.19955, 0, 0], [0, 0, 0], [0, 0, 0]]
1e-07 1000
[[268.19955, 265.32956, 0], [0, 0, 0], [0, 0, 0]]
1e-07 100000.0
[[268.19955, 265.32956, 270.39456], [0, 0, 0], [0, 0, 0]]
1e-05 10.0
[[268.19955, 265.32956, 270.39456], [106.1959, 0, 0], [0, 0, 0]]
1e-05 1000
[[268.19955, 265.32956, 270.39456], [106.1959, 105.27675, 0], [0, 0, 0]]
1e-05 100000.0
[[268.19955, 265.32956, 270.39456], [106.1959, 105.27675, 118.55458], [0, 0, 0]]
0.001 10.0
[[268.19955, 265.32956, 270.39456], [106.1959, 105.27675, 118.55458], [112.953545, 0, 0]]
0.001 1000
[[268.19955, 265.32956, 270.39456], [106.1959, 105.27675, 118.55458], [112.953545, 110.99442, 0]]
0.001 100000.0
[[268.19955, 265.32956, 270.39456], [106.1959, 105.27675, 118.55458], [112.953545, 110.99442, 207.37169]]
[-6.0, -5, -4.0]
[2.0, 3, 4.0]
1e-06 100.0
[[136.14532, 0, 0], [0, 0, 0], [0, 0, 0]]
1e-06 1000
[[136.14532, 135.71223, 0], [0, 0, 0], [0, 0, 0]]
1e-06 10000.0
[[136.14532, 135.71223, 138.9254], [0, 0, 0], [0, 0, 0]]
1e-05 100.0
[[136.14532, 135.71223, 138.9254], [108.799706, 0, 0], [0, 0, 0]]
1e-05 1000
[[136.14532, 135.71223, 138.9254], [108.799706, 106.35813, 0], [0, 0, 0]]
1e-05 10000.0
[[136.14532, 135.71223, 138.9254], [108.799706, 106.35813, 104.75199], [0, 0, 0]]
0.0001 100.0
[[136.14532, 135.71223, 138.9254], [108.799706, 106.35813, 104.75199], [111.80533, 0, 0]]
0.0001 1000
[[136.14532, 135.71223, 138.9254], [108.799706, 106.35813, 104.75199], [111.80533, 110.30293, 0]]
0.0001 10000.0
[[136.14532, 135.71223, 138.9254], [108.799706, 106.35813, 104.75199], [111.80533, 110.30293, 105.653275]]
[-5.5, -5, -4.5]
[3.5, 4.0, 4.5]
3.162277660168379e-06 3162.2776601683795
[[119.052444, 0, 0], [0, 0, 0], [0, 0, 0]]
3.162277660168379e-06 10000.0
[[119.052444, 113.0402, 0], [0, 0, 0], [0, 0, 0]]
3.162277660168379e-06 31622.776601683792
[[119.052444, 113.0402, 115.57248], [0, 0, 0], [0, 0, 0]]
1e-05 3162.2776601683795
[[119.052444, 113.0402, 115.57248], [107.93516, 0, 0], [0, 0, 0]]
1e-05 10000.0
[[119.052444, 113.0402, 115.57248], [107.93516, 108.22537, 0], [0, 0, 0]]
1e-05 31622.776601683792
[[119.052444, 113.0402, 115.57248], [107.93516, 108.22537, 109.50743], [0, 0, 0]]
3.1622776601683795e-05 3162.2776601683795
[[119.052444, 113.0402, 115.57248], [107.93516, 108.22537, 109.50743], [101.02606, 0, 0]]
3.1622776601683795e-05 10000.0
[[119.052444, 113.0402, 115.57248], [107.93516, 108.22537, 109.50743], [101.02606, 107.03033, 0]]
3.1622776601683795e-05 31622.776601683792
[[119.052444, 113.0402, 115.57248], [107.93516, 108.22537, 109.50743], [101.02606, 107.03033, 106.60304]]
[-4.75, -4.5, -4.25]
[3.25, 3.5, 3.75]
1.778279410038923e-05 1778.2794100389228
[[108.81976, 0, 0], [0, 0, 0], [0, 0, 0]]
1.778279410038923e-05 3162.2776601683795
[[108.81976, 105.12691, 0], [0, 0, 0], [0, 0, 0]]
1.778279410038923e-05 5623.413251903491
[[108.81976, 105.12691, 108.125015], [0, 0, 0], [0, 0, 0]]
3.1622776601683795e-05 1778.2794100389228
[[108.81976, 105.12691, 108.125015], [105.76057, 0, 0], [0, 0, 0]]
3.1622776601683795e-05 3162.2776601683795
[[108.81976, 105.12691, 108.125015], [105.76057, 102.72098, 0], [0, 0, 0]]
3.1622776601683795e-05 5623.413251903491
[[108.81976, 105.12691, 108.125015], [105.76057, 102.72098, 103.37245], [0, 0, 0]]
5.623413251903491e-05 1778.2794100389228
[[108.81976, 105.12691, 108.125015], [105.76057, 102.72098, 103.37245], [106.55071, 0, 0]]
5.623413251903491e-05 3162.2776601683795
[[108.81976, 105.12691, 108.125015], [105.76057, 102.72098, 103.37245], [106.55071, 105.036736, 0]]
5.623413251903491e-05 5623.413251903491
[[108.81976, 105.12691, 108.125015], [105.76057, 102.72098, 103.37245], [106.55071, 105.036736, 105.4176]]
[-4.625, -4.5, -4.375]
[3.375, 3.5, 3.625]
2.3713737056616554e-05 2371.373705661655
[[107.98462, 0, 0], [0, 0, 0], [0, 0, 0]]
2.3713737056616554e-05 3162.2776601683795
[[107.98462, 107.791794, 0], [0, 0, 0], [0, 0, 0]]
2.3713737056616554e-05 4216.965034285822
[[107.98462, 107.791794, 109.52978], [0, 0, 0], [0, 0, 0]]
3.1622776601683795e-05 2371.373705661655
[[107.98462, 107.791794, 109.52978], [106.11209, 0, 0], [0, 0, 0]]
3.1622776601683795e-05 3162.2776601683795
[[107.98462, 107.791794, 109.52978], [106.11209, 104.547165, 0], [0, 0, 0]]
3.1622776601683795e-05 4216.965034285822
[[107.98462, 107.791794, 109.52978], [106.11209, 104.547165, 105.98633], [0, 0, 0]]
4.216965034285822e-05 2371.373705661655
[[107.98462, 107.791794, 109.52978], [106.11209, 104.547165, 105.98633], [109.39149, 0, 0]]
4.216965034285822e-05 3162.2776601683795
[[107.98462, 107.791794, 109.52978], [106.11209, 104.547165, 105.98633], [109.39149, 102.8893, 0]]
4.216965034285822e-05 4216.965034285822
[[107.98462, 107.791794, 109.52978], [106.11209, 104.547165, 105.98633], [109.39149, 102.8893, 104.33206]]
[-4.4375, -4.375, -4.3125]
[3.4375, 3.5, 3.5625]
3 100
Score: 102.8893
4.216965034285822e-05 3162.2776601683795
Time 8547.271998643875
