Created graph
0.1 1000
[[1.2866989e+19, 0, 0], [0, 0, 0], [0, 0, 0]]
0.1 100000
[[1.2866989e+19, inf, 0], [0, 0, 0], [0, 0, 0]]
0.1 10000000
[[1.2866989e+19, inf, inf], [0, 0, 0], [0, 0, 0]]
1e-05 1000
[[1.2866989e+19, inf, inf], [102.761765, 0, 0], [0, 0, 0]]
1e-05 100000
[[1.2866989e+19, inf, inf], [102.761765, 111.64539, 0], [0, 0, 0]]
1e-05 10000000
[[1.2866989e+19, inf, inf], [102.761765, 111.64539, 193.77115], [0, 0, 0]]
1e-09 1000
[[1.2866989e+19, inf, inf], [102.761765, 111.64539, 193.77115], [218.38158, 0, 0]]
1e-09 100000
[[1.2866989e+19, inf, inf], [102.761765, 111.64539, 193.77115], [218.38158, 218.38168, 0]]
1e-09 10000000
[[1.2866989e+19, inf, inf], [102.761765, 111.64539, 193.77115], [218.38158, 218.38168, 218.11768]]
[-7.0, -5, -3.0]
[1.0, 3, 5.0]
1e-07 10.0
[[199.53781, 0, 0], [0, 0, 0], [0, 0, 0]]
1e-07 1000
[[199.53781, 202.30182, 0], [0, 0, 0], [0, 0, 0]]
1e-07 100000.0
[[199.53781, 202.30182, 202.20903], [0, 0, 0], [0, 0, 0]]
1e-05 10.0
[[199.53781, 202.30182, 202.20903], [99.70767, 0, 0], [0, 0, 0]]
1e-05 1000
[[199.53781, 202.30182, 202.20903], [99.70767, 98.86226, 0], [0, 0, 0]]
1e-05 100000.0
[[199.53781, 202.30182, 202.20903], [99.70767, 98.86226, 112.06789], [0, 0, 0]]
0.001 10.0
[[199.53781, 202.30182, 202.20903], [99.70767, 98.86226, 112.06789], [250.61693, 0, 0]]
0.001 1000
[[199.53781, 202.30182, 202.20903], [99.70767, 98.86226, 112.06789], [250.61693, 166.98427, 0]]
0.001 100000.0
[[199.53781, 202.30182, 202.20903], [99.70767, 98.86226, 112.06789], [250.61693, 166.98427, 183.80307]]
[-6.0, -5, -4.0]
[2.0, 3, 4.0]
1e-06 100.0
[[125.67081, 0, 0], [0, 0, 0], [0, 0, 0]]
1e-06 1000
[[125.67081, 125.65579, 0], [0, 0, 0], [0, 0, 0]]
1e-06 10000.0
[[125.67081, 125.65579, 127.13331], [0, 0, 0], [0, 0, 0]]
1e-05 100.0
[[125.67081, 125.65579, 127.13331], [102.43295, 0, 0], [0, 0, 0]]
1e-05 1000
[[125.67081, 125.65579, 127.13331], [102.43295, 100.12521, 0], [0, 0, 0]]
1e-05 10000.0
[[125.67081, 125.65579, 127.13331], [102.43295, 100.12521, 99.35514], [0, 0, 0]]
0.0001 100.0
[[125.67081, 125.65579, 127.13331], [102.43295, 100.12521, 99.35514], [123.63443, 0, 0]]
0.0001 1000
[[125.67081, 125.65579, 127.13331], [102.43295, 100.12521, 99.35514], [123.63443, 114.544556, 0]]
0.0001 10000.0
[[125.67081, 125.65579, 127.13331], [102.43295, 100.12521, 99.35514], [123.63443, 114.544556, 92.52468]]
[-4.5, -4.0, -3.5]
[3.5, 4.0, 4.5]
3.1622776601683795e-05 3162.2776601683795
[[98.86383, 0, 0], [0, 0, 0], [0, 0, 0]]
3.1622776601683795e-05 10000.0
[[98.86383, 99.70143, 0], [0, 0, 0], [0, 0, 0]]
3.1622776601683795e-05 31622.776601683792
[[98.86383, 99.70143, 102.615], [0, 0, 0], [0, 0, 0]]
0.0001 3162.2776601683795
[[98.86383, 99.70143, 102.615], [101.745415, 0, 0], [0, 0, 0]]
0.0001 10000.0
[[98.86383, 99.70143, 102.615], [101.745415, 96.28501, 0], [0, 0, 0]]
0.0001 31622.776601683792
[[98.86383, 99.70143, 102.615], [101.745415, 96.28501, 97.20342], [0, 0, 0]]
0.00031622776601683794 3162.2776601683795
[[98.86383, 99.70143, 102.615], [101.745415, 96.28501, 97.20342], [130.23936, 0, 0]]
0.00031622776601683794 10000.0
[[98.86383, 99.70143, 102.615], [101.745415, 96.28501, 97.20342], [130.23936, 108.140305, 0]]
0.00031622776601683794 31622.776601683792
[[98.86383, 99.70143, 102.615], [101.745415, 96.28501, 97.20342], [130.23936, 108.140305, 100.777405]]
[-4.25, -4.0, -3.75]
[3.75, 4.0, 4.25]
5.623413251903491e-05 5623.413251903491
[[96.75207, 0, 0], [0, 0, 0], [0, 0, 0]]
5.623413251903491e-05 10000.0
[[96.75207, 93.87907, 0], [0, 0, 0], [0, 0, 0]]
5.623413251903491e-05 17782.794100389227
[[96.75207, 93.87907, 99.338104], [0, 0, 0], [0, 0, 0]]
0.0001 5623.413251903491
[[96.75207, 93.87907, 99.338104], [97.36667, 0, 0], [0, 0, 0]]
0.0001 10000.0
[[96.75207, 93.87907, 99.338104], [97.36667, 96.55527, 0], [0, 0, 0]]
0.0001 17782.794100389227
[[96.75207, 93.87907, 99.338104], [97.36667, 96.55527, 93.13925], [0, 0, 0]]
0.00017782794100389227 5623.413251903491
[[96.75207, 93.87907, 99.338104], [97.36667, 96.55527, 93.13925], [109.07389, 0, 0]]
0.00017782794100389227 10000.0
[[96.75207, 93.87907, 99.338104], [97.36667, 96.55527, 93.13925], [109.07389, 99.53716, 0]]
0.00017782794100389227 17782.794100389227
[[96.75207, 93.87907, 99.338104], [97.36667, 96.55527, 93.13925], [109.07389, 99.53716, 94.49455]]
[-4.125, -4.0, -3.875]
[4.125, 4.25, 4.375]
7.498942093324559e-05 13335.21432163324
[[95.99615, 0, 0], [0, 0, 0], [0, 0, 0]]
7.498942093324559e-05 17782.794100389227
[[95.99615, 96.64676, 0], [0, 0, 0], [0, 0, 0]]
7.498942093324559e-05 23713.737056616552
[[95.99615, 96.64676, 95.76217], [0, 0, 0], [0, 0, 0]]
0.0001 13335.21432163324
[[95.99615, 96.64676, 95.76217], [94.82918, 0, 0], [0, 0, 0]]
0.0001 17782.794100389227
[[95.99615, 96.64676, 95.76217], [94.82918, 95.786545, 0], [0, 0, 0]]
0.0001 23713.737056616552
[[95.99615, 96.64676, 95.76217], [94.82918, 95.786545, 94.751434], [0, 0, 0]]
0.0001333521432163324 13335.21432163324
[[95.99615, 96.64676, 95.76217], [94.82918, 95.786545, 94.751434], [93.63689, 0, 0]]
0.0001333521432163324 17782.794100389227
[[95.99615, 96.64676, 95.76217], [94.82918, 95.786545, 94.751434], [93.63689, 92.19673, 0]]
0.0001333521432163324 23713.737056616552
[[95.99615, 96.64676, 95.76217], [94.82918, 95.786545, 94.751434], [93.63689, 92.19673, 92.37188]]
[-3.9375, -3.875, -3.8125]
[4.1875, 4.25, 4.3125]
7 5
Score: 92.19673
0.0001333521432163324 17782.794100389227
Time 5449.899339675903
