Created graph
0.1 1000
[[1.1437975e+19, 0, 0], [0, 0, 0], [0, 0, 0]]
0.1 100000
[[1.1437975e+19, inf, 0], [0, 0, 0], [0, 0, 0]]
0.1 10000000
[[1.1437975e+19, inf, inf], [0, 0, 0], [0, 0, 0]]
1e-05 1000
[[1.1437975e+19, inf, inf], [93.420235, 0, 0], [0, 0, 0]]
1e-05 100000
[[1.1437975e+19, inf, inf], [93.420235, 95.392654, 0], [0, 0, 0]]
1e-05 10000000
[[1.1437975e+19, inf, inf], [93.420235, 95.392654, 215.35219], [0, 0, 0]]
1e-09 1000
[[1.1437975e+19, inf, inf], [93.420235, 95.392654, 215.35219], [242.34521, 0, 0]]
1e-09 100000
[[1.1437975e+19, inf, inf], [93.420235, 95.392654, 215.35219], [242.34521, 241.61722, 0]]
1e-09 10000000
[[1.1437975e+19, inf, inf], [93.420235, 95.392654, 215.35219], [242.34521, 241.61722, 242.06563]]
[-7.0, -5, -3.0]
[1.0, 3, 5.0]
1e-07 10.0
[[226.40196, 0, 0], [0, 0, 0], [0, 0, 0]]
1e-07 1000
[[226.40196, 229.24147, 0], [0, 0, 0], [0, 0, 0]]
1e-07 100000.0
[[226.40196, 229.24147, 228.16518], [0, 0, 0], [0, 0, 0]]
1e-05 10.0
[[226.40196, 229.24147, 228.16518], [93.19703, 0, 0], [0, 0, 0]]
1e-05 1000
[[226.40196, 229.24147, 228.16518], [93.19703, 93.79262, 0], [0, 0, 0]]
1e-05 100000.0
[[226.40196, 229.24147, 228.16518], [93.19703, 93.79262, 95.28908], [0, 0, 0]]
0.001 10.0
[[226.40196, 229.24147, 228.16518], [93.19703, 93.79262, 95.28908], [133.9446, 0, 0]]
0.001 1000
[[226.40196, 229.24147, 228.16518], [93.19703, 93.79262, 95.28908], [133.9446, 104.10524, 0]]
0.001 100000.0
[[226.40196, 229.24147, 228.16518], [93.19703, 93.79262, 95.28908], [133.9446, 104.10524, 180.4799]]
[-6.0, -5, -4.0]
[0.0, 1.0, 2.0]
1e-06 1.0
[[118.66539, 0, 0], [0, 0, 0], [0, 0, 0]]
1e-06 10.0
[[118.66539, 116.025246, 0], [0, 0, 0], [0, 0, 0]]
1e-06 100.0
[[118.66539, 116.025246, 116.53948], [0, 0, 0], [0, 0, 0]]
1e-05 1.0
[[118.66539, 116.025246, 116.53948], [91.276474, 0, 0], [0, 0, 0]]
1e-05 10.0
[[118.66539, 116.025246, 116.53948], [91.276474, 94.4227, 0], [0, 0, 0]]
1e-05 100.0
[[118.66539, 116.025246, 116.53948], [91.276474, 94.4227, 94.17234], [0, 0, 0]]
0.0001 1.0
[[118.66539, 116.025246, 116.53948], [91.276474, 94.4227, 94.17234], [104.50577, 0, 0]]
0.0001 10.0
[[118.66539, 116.025246, 116.53948], [91.276474, 94.4227, 94.17234], [104.50577, 103.786674, 0]]
0.0001 100.0
[[118.66539, 116.025246, 116.53948], [91.276474, 94.4227, 94.17234], [104.50577, 103.786674, 107.896164]]
[-5.5, -5, -4.5]
[-0.5, 0.0, 0.5]
3.162277660168379e-06 0.31622776601683794
[[93.74703, 0, 0], [0, 0, 0], [0, 0, 0]]
3.162277660168379e-06 1.0
[[93.74703, 92.63594, 0], [0, 0, 0], [0, 0, 0]]
3.162277660168379e-06 3.1622776601683795
[[93.74703, 92.63594, 92.47634], [0, 0, 0], [0, 0, 0]]
1e-05 0.31622776601683794
[[93.74703, 92.63594, 92.47634], [92.69173, 0, 0], [0, 0, 0]]
1e-05 1.0
[[93.74703, 92.63594, 92.47634], [92.69173, 94.4369, 0], [0, 0, 0]]
1e-05 3.1622776601683795
[[93.74703, 92.63594, 92.47634], [92.69173, 94.4369, 93.9625], [0, 0, 0]]
3.1622776601683795e-05 0.31622776601683794
[[93.74703, 92.63594, 92.47634], [92.69173, 94.4369, 93.9625], [99.55971, 0, 0]]
3.1622776601683795e-05 1.0
[[93.74703, 92.63594, 92.47634], [92.69173, 94.4369, 93.9625], [99.55971, 97.473625, 0]]
3.1622776601683795e-05 3.1622776601683795
[[93.74703, 92.63594, 92.47634], [92.69173, 94.4369, 93.9625], [99.55971, 97.473625, 97.193085]]
[-5.75, -5.5, -5.25]
[0.25, 0.5, 0.75]
1.778279410038923e-06 1.7782794100389228
[[94.29428, 0, 0], [0, 0, 0], [0, 0, 0]]
1.778279410038923e-06 3.1622776601683795
[[94.29428, 97.252754, 0], [0, 0, 0], [0, 0, 0]]
1.778279410038923e-06 5.623413251903491
[[94.29428, 97.252754, 98.20236], [0, 0, 0], [0, 0, 0]]
3.162277660168379e-06 1.7782794100389228
[[94.29428, 97.252754, 98.20236], [93.68384, 0, 0], [0, 0, 0]]
3.162277660168379e-06 3.1622776601683795
[[94.29428, 97.252754, 98.20236], [93.68384, 92.43986, 0], [0, 0, 0]]
3.162277660168379e-06 5.623413251903491
[[94.29428, 97.252754, 98.20236], [93.68384, 92.43986, 92.63183], [0, 0, 0]]
5.623413251903491e-06 1.7782794100389228
[[94.29428, 97.252754, 98.20236], [93.68384, 92.43986, 92.63183], [94.14144, 0, 0]]
5.623413251903491e-06 3.1622776601683795
[[94.29428, 97.252754, 98.20236], [93.68384, 92.43986, 92.63183], [94.14144, 95.305305, 0]]
5.623413251903491e-06 5.623413251903491
[[94.29428, 97.252754, 98.20236], [93.68384, 92.43986, 92.63183], [94.14144, 95.305305, 95.912155]]
[-5.625, -5.5, -5.375]
[0.375, 0.5, 0.625]
2.3713737056616552e-06 2.371373705661655
[[93.07411, 0, 0], [0, 0, 0], [0, 0, 0]]
2.3713737056616552e-06 3.1622776601683795
[[93.07411, 93.51325, 0], [0, 0, 0], [0, 0, 0]]
2.3713737056616552e-06 4.216965034285822
[[93.07411, 93.51325, 93.97012], [0, 0, 0], [0, 0, 0]]
3.162277660168379e-06 2.371373705661655
[[93.07411, 93.51325, 93.97012], [93.03801, 0, 0], [0, 0, 0]]
3.162277660168379e-06 3.1622776601683795
[[93.07411, 93.51325, 93.97012], [93.03801, 93.03146, 0], [0, 0, 0]]
3.162277660168379e-06 4.216965034285822
[[93.07411, 93.51325, 93.97012], [93.03801, 93.03146, 92.89231], [0, 0, 0]]
4.216965034285822e-06 2.371373705661655
[[93.07411, 93.51325, 93.97012], [93.03801, 93.03146, 92.89231], [91.94562, 0, 0]]
4.216965034285822e-06 3.1622776601683795
[[93.07411, 93.51325, 93.97012], [93.03801, 93.03146, 92.89231], [91.94562, 94.24661, 0]]
4.216965034285822e-06 4.216965034285822
[[93.07411, 93.51325, 93.97012], [93.03801, 93.03146, 92.89231], [91.94562, 94.24661, 94.91745]]
[-5.4375, -5.375, -5.3125]
[0.3125, 0.375, 0.4375]
5 5
Score: 91.94562
4.216965034285822e-06 2.371373705661655
Time 14324.1518907547
