Created graph
0.1 1000
[[1.6026627e+19, 0, 0], [0, 0, 0], [0, 0, 0]]
0.1 100000
[[1.6026627e+19, inf, 0], [0, 0, 0], [0, 0, 0]]
0.1 10000000
[[1.6026627e+19, inf, inf], [0, 0, 0], [0, 0, 0]]
1e-05 1000
[[1.6026627e+19, inf, inf], [104.12025, 0, 0], [0, 0, 0]]
1e-05 100000
[[1.6026627e+19, inf, inf], [104.12025, 111.14516, 0], [0, 0, 0]]
1e-05 10000000
[[1.6026627e+19, inf, inf], [104.12025, 111.14516, 225.259], [0, 0, 0]]
1e-09 1000
[[1.6026627e+19, inf, inf], [104.12025, 111.14516, 225.259], [252.82076, 0, 0]]
1e-09 100000
[[1.6026627e+19, inf, inf], [104.12025, 111.14516, 225.259], [252.82076, 252.33388, 0]]
1e-09 10000000
[[1.6026627e+19, inf, inf], [104.12025, 111.14516, 225.259], [252.82076, 252.33388, 251.63657]]
[-7.0, -5, -3.0]
[1.0, 3, 5.0]
1e-07 10.0
[[239.16652, 0, 0], [0, 0, 0], [0, 0, 0]]
1e-07 1000
[[239.16652, 240.2141, 0], [0, 0, 0], [0, 0, 0]]
1e-07 100000.0
[[239.16652, 240.2141, 239.80313], [0, 0, 0], [0, 0, 0]]
1e-05 10.0
[[239.16652, 240.2141, 239.80313], [106.14389, 0, 0], [0, 0, 0]]
1e-05 1000
[[239.16652, 240.2141, 239.80313], [106.14389, 104.1944, 0], [0, 0, 0]]
1e-05 100000.0
[[239.16652, 240.2141, 239.80313], [106.14389, 104.1944, 111.13326], [0, 0, 0]]
0.001 10.0
[[239.16652, 240.2141, 239.80313], [106.14389, 104.1944, 111.13326], [105.49318, 0, 0]]
0.001 1000
[[239.16652, 240.2141, 239.80313], [106.14389, 104.1944, 111.13326], [105.49318, 103.757904, 0]]
0.001 100000.0
[[239.16652, 240.2141, 239.80313], [106.14389, 104.1944, 111.13326], [105.49318, 103.757904, 193.46901]]
[-4.0, -3.0, -2.0]
[2.0, 3, 4.0]
0.0001 100.0
[[102.10343, 0, 0], [0, 0, 0], [0, 0, 0]]
0.0001 1000
[[102.10343, 102.09757, 0], [0, 0, 0], [0, 0, 0]]
0.0001 10000.0
[[102.10343, 102.09757, 103.99145], [0, 0, 0], [0, 0, 0]]
0.001 100.0
[[102.10343, 102.09757, 103.99145], [105.386795, 0, 0], [0, 0, 0]]
0.001 1000
[[102.10343, 102.09757, 103.99145], [105.386795, 103.420235, 0], [0, 0, 0]]
0.001 10000.0
[[102.10343, 102.09757, 103.99145], [105.386795, 103.420235, 119.12986], [0, 0, 0]]
0.01 100.0
[[102.10343, 102.09757, 103.99145], [105.386795, 103.420235, 119.12986], [7.532087e+18, 0, 0]]
0.01 1000
[[102.10343, 102.09757, 103.99145], [105.386795, 103.420235, 119.12986], [7.532087e+18, 257.17505, 0]]
0.01 10000.0
[[102.10343, 102.09757, 103.99145], [105.386795, 103.420235, 119.12986], [7.532087e+18, 257.17505, 257.17505]]
[-4.5, -4.0, -3.5]
[2.5, 3, 3.5]
3.1622776601683795e-05 316.22776601683796
[[101.47825, 0, 0], [0, 0, 0], [0, 0, 0]]
3.1622776601683795e-05 1000
[[101.47825, 106.74015, 0], [0, 0, 0], [0, 0, 0]]
3.1622776601683795e-05 3162.2776601683795
[[101.47825, 106.74015, 102.792114], [0, 0, 0], [0, 0, 0]]
0.0001 316.22776601683796
[[101.47825, 106.74015, 102.792114], [105.244286, 0, 0], [0, 0, 0]]
0.0001 1000
[[101.47825, 106.74015, 102.792114], [105.244286, 102.19765, 0], [0, 0, 0]]
0.0001 3162.2776601683795
[[101.47825, 106.74015, 102.792114], [105.244286, 102.19765, 102.807236], [0, 0, 0]]
0.00031622776601683794 316.22776601683796
[[101.47825, 106.74015, 102.792114], [105.244286, 102.19765, 102.807236], [104.921844, 0, 0]]
0.00031622776601683794 1000
[[101.47825, 106.74015, 102.792114], [105.244286, 102.19765, 102.807236], [104.921844, 104.3365, 0]]
0.00031622776601683794 3162.2776601683795
[[101.47825, 106.74015, 102.792114], [105.244286, 102.19765, 102.807236], [104.921844, 104.3365, 103.617165]]
[-4.75, -4.5, -4.25]
[2.25, 2.5, 2.75]
1.778279410038923e-05 177.82794100389228
[[104.45015, 0, 0], [0, 0, 0], [0, 0, 0]]
1.778279410038923e-05 316.22776601683796
[[104.45015, 107.21754, 0], [0, 0, 0], [0, 0, 0]]
1.778279410038923e-05 562.341325190349
[[104.45015, 107.21754, 104.95528], [0, 0, 0], [0, 0, 0]]
3.1622776601683795e-05 177.82794100389228
[[104.45015, 107.21754, 104.95528], [102.77104, 0, 0], [0, 0, 0]]
3.1622776601683795e-05 316.22776601683796
[[104.45015, 107.21754, 104.95528], [102.77104, 102.8147, 0], [0, 0, 0]]
3.1622776601683795e-05 562.341325190349
[[104.45015, 107.21754, 104.95528], [102.77104, 102.8147, 105.259674], [0, 0, 0]]
5.623413251903491e-05 177.82794100389228
[[104.45015, 107.21754, 104.95528], [102.77104, 102.8147, 105.259674], [100.29564, 0, 0]]
5.623413251903491e-05 316.22776601683796
[[104.45015, 107.21754, 104.95528], [102.77104, 102.8147, 105.259674], [100.29564, 100.62978, 0]]
5.623413251903491e-05 562.341325190349
[[104.45015, 107.21754, 104.95528], [102.77104, 102.8147, 105.259674], [100.29564, 100.62978, 105.41327]]
[-4.375, -4.25, -4.125]
[2.125, 2.25, 2.375]
4.216965034285822e-05 133.3521432163324
[[107.55014, 0, 0], [0, 0, 0], [0, 0, 0]]
4.216965034285822e-05 177.82794100389228
[[107.55014, 106.74448, 0], [0, 0, 0], [0, 0, 0]]
4.216965034285822e-05 237.13737056616552
[[107.55014, 106.74448, 101.09402], [0, 0, 0], [0, 0, 0]]
5.623413251903491e-05 133.3521432163324
[[107.55014, 106.74448, 101.09402], [98.556755, 0, 0], [0, 0, 0]]
5.623413251903491e-05 177.82794100389228
[[107.55014, 106.74448, 101.09402], [98.556755, 107.657295, 0], [0, 0, 0]]
5.623413251903491e-05 237.13737056616552
[[107.55014, 106.74448, 101.09402], [98.556755, 107.657295, 100.71404], [0, 0, 0]]
7.498942093324559e-05 133.3521432163324
[[107.55014, 106.74448, 101.09402], [98.556755, 107.657295, 100.71404], [110.11431, 0, 0]]
7.498942093324559e-05 177.82794100389228
[[107.55014, 106.74448, 101.09402], [98.556755, 107.657295, 100.71404], [110.11431, 107.45474, 0]]
7.498942093324559e-05 237.13737056616552
[[107.55014, 106.74448, 101.09402], [98.556755, 107.657295, 100.71404], [110.11431, 107.45474, 103.152824]]
[-4.3125, -4.25, -4.1875]
[2.0625, 2.125, 2.1875]
4 10
Score: 98.556755
5.623413251903491e-05 133.3521432163324
Time 6486.587822675705
