Created graph
0.1 1000
[[inf, 0, 0], [0, 0, 0], [0, 0, 0]]
0.1 100000
[[inf, inf, 0], [0, 0, 0], [0, 0, 0]]
0.1 10000000
[[inf, inf, inf], [0, 0, 0], [0, 0, 0]]
1e-05 1000
[[inf, inf, inf], [102.70903, 0, 0], [0, 0, 0]]
1e-05 100000
[[inf, inf, inf], [102.70903, 113.17404, 0], [0, 0, 0]]
1e-05 10000000
[[inf, inf, inf], [102.70903, 113.17404, 186.97144], [0, 0, 0]]
1e-09 1000
[[inf, inf, inf], [102.70903, 113.17404, 186.97144], [214.82993, 0, 0]]
1e-09 100000
[[inf, inf, inf], [102.70903, 113.17404, 186.97144], [214.82993, 215.02531, 0]]
1e-09 10000000
[[inf, inf, inf], [102.70903, 113.17404, 186.97144], [214.82993, 215.02531, 214.5439]]
[-7.0, -5, -3.0]
[1.0, 3, 5.0]
1e-07 10.0
[[200.58049, 0, 0], [0, 0, 0], [0, 0, 0]]
1e-07 1000
[[200.58049, 200.62727, 0], [0, 0, 0], [0, 0, 0]]
1e-07 100000.0
[[200.58049, 200.62727, 202.66675], [0, 0, 0], [0, 0, 0]]
1e-05 10.0
[[200.58049, 200.62727, 202.66675], [108.17563, 0, 0], [0, 0, 0]]
1e-05 1000
[[200.58049, 200.62727, 202.66675], [108.17563, 104.359955, 0], [0, 0, 0]]
1e-05 100000.0
[[200.58049, 200.62727, 202.66675], [108.17563, 104.359955, 113.68853], [0, 0, 0]]
0.001 10.0
[[200.58049, 200.62727, 202.66675], [108.17563, 104.359955, 113.68853], [124.722786, 0, 0]]
0.001 1000
[[200.58049, 200.62727, 202.66675], [108.17563, 104.359955, 113.68853], [124.722786, 110.40446, 0]]
0.001 100000.0
[[200.58049, 200.62727, 202.66675], [108.17563, 104.359955, 113.68853], [124.722786, 110.40446, 113.530525]]
[-6.0, -5, -4.0]
[2.0, 3, 4.0]
1e-06 100.0
[[134.5668, 0, 0], [0, 0, 0], [0, 0, 0]]
1e-06 1000
[[134.5668, 135.62779, 0], [0, 0, 0], [0, 0, 0]]
1e-06 10000.0
[[134.5668, 135.62779, 136.67224], [0, 0, 0], [0, 0, 0]]
1e-05 100.0
[[134.5668, 135.62779, 136.67224], [107.89554, 0, 0], [0, 0, 0]]
1e-05 1000
[[134.5668, 135.62779, 136.67224], [107.89554, 104.784, 0], [0, 0, 0]]
1e-05 10000.0
[[134.5668, 135.62779, 136.67224], [107.89554, 104.784, 100.581436], [0, 0, 0]]
0.0001 100.0
[[134.5668, 135.62779, 136.67224], [107.89554, 104.784, 100.581436], [116.968376, 0, 0]]
0.0001 1000
[[134.5668, 135.62779, 136.67224], [107.89554, 104.784, 100.581436], [116.968376, 102.54577, 0]]
0.0001 10000.0
[[134.5668, 135.62779, 136.67224], [107.89554, 104.784, 100.581436], [116.968376, 102.54577, 101.37957]]
[-5.5, -5, -4.5]
[3.5, 4.0, 4.5]
3.162277660168379e-06 3162.2776601683795
[[108.68957, 0, 0], [0, 0, 0], [0, 0, 0]]
3.162277660168379e-06 10000.0
[[108.68957, 107.468765, 0], [0, 0, 0], [0, 0, 0]]
3.162277660168379e-06 31622.776601683792
[[108.68957, 107.468765, 111.985306], [0, 0, 0], [0, 0, 0]]
1e-05 3162.2776601683795
[[108.68957, 107.468765, 111.985306], [101.96799, 0, 0], [0, 0, 0]]
1e-05 10000.0
[[108.68957, 107.468765, 111.985306], [101.96799, 103.60761, 0], [0, 0, 0]]
1e-05 31622.776601683792
[[108.68957, 107.468765, 111.985306], [101.96799, 103.60761, 104.381546], [0, 0, 0]]
3.1622776601683795e-05 3162.2776601683795
[[108.68957, 107.468765, 111.985306], [101.96799, 103.60761, 104.381546], [101.290855, 0, 0]]
3.1622776601683795e-05 10000.0
[[108.68957, 107.468765, 111.985306], [101.96799, 103.60761, 104.381546], [101.290855, 103.70967, 0]]
3.1622776601683795e-05 31622.776601683792
[[108.68957, 107.468765, 111.985306], [101.96799, 103.60761, 104.381546], [101.290855, 103.70967, 104.5276]]
[-4.75, -4.5, -4.25]
[3.25, 3.5, 3.75]
1.778279410038923e-05 1778.2794100389228
[[107.11146, 0, 0], [0, 0, 0], [0, 0, 0]]
1.778279410038923e-05 3162.2776601683795
[[107.11146, 103.94183, 0], [0, 0, 0], [0, 0, 0]]
1.778279410038923e-05 5623.413251903491
[[107.11146, 103.94183, 102.68071], [0, 0, 0], [0, 0, 0]]
3.1622776601683795e-05 1778.2794100389228
[[107.11146, 103.94183, 102.68071], [105.02791, 0, 0], [0, 0, 0]]
3.1622776601683795e-05 3162.2776601683795
[[107.11146, 103.94183, 102.68071], [105.02791, 102.45243, 0], [0, 0, 0]]
3.1622776601683795e-05 5623.413251903491
[[107.11146, 103.94183, 102.68071], [105.02791, 102.45243, 98.737885], [0, 0, 0]]
5.623413251903491e-05 1778.2794100389228
[[107.11146, 103.94183, 102.68071], [105.02791, 102.45243, 98.737885], [106.7649, 0, 0]]
5.623413251903491e-05 3162.2776601683795
[[107.11146, 103.94183, 102.68071], [105.02791, 102.45243, 98.737885], [106.7649, 102.23242, 0]]
5.623413251903491e-05 5623.413251903491
[[107.11146, 103.94183, 102.68071], [105.02791, 102.45243, 98.737885], [106.7649, 102.23242, 103.69353]]
[-4.625, -4.5, -4.375]
[3.625, 3.75, 3.875]
2.3713737056616554e-05 4216.965034285822
[[98.69099, 0, 0], [0, 0, 0], [0, 0, 0]]
2.3713737056616554e-05 5623.413251903491
[[98.69099, 105.709206, 0], [0, 0, 0], [0, 0, 0]]
2.3713737056616554e-05 7498.942093324558
[[98.69099, 105.709206, 102.40952], [0, 0, 0], [0, 0, 0]]
3.1622776601683795e-05 4216.965034285822
[[98.69099, 105.709206, 102.40952], [103.46886, 0, 0], [0, 0, 0]]
3.1622776601683795e-05 5623.413251903491
[[98.69099, 105.709206, 102.40952], [103.46886, 102.3288, 0], [0, 0, 0]]
3.1622776601683795e-05 7498.942093324558
[[98.69099, 105.709206, 102.40952], [103.46886, 102.3288, 102.86566], [0, 0, 0]]
4.216965034285822e-05 4216.965034285822
[[98.69099, 105.709206, 102.40952], [103.46886, 102.3288, 102.86566], [105.66384, 0, 0]]
4.216965034285822e-05 5623.413251903491
[[98.69099, 105.709206, 102.40952], [103.46886, 102.3288, 102.86566], [105.66384, 99.761024, 0]]
4.216965034285822e-05 7498.942093324558
[[98.69099, 105.709206, 102.40952], [103.46886, 102.3288, 102.86566], [105.66384, 99.761024, 100.399994]]
[-4.6875, -4.625, -4.5625]
[3.5625, 3.625, 3.6875]
5 25
Score: 98.69099
2.3713737056616554e-05 4216.965034285822
Time 9722.270141363144
