Created graph
0.1 1000
[[1.4633115e+19, 0, 0], [0, 0, 0], [0, 0, 0]]
0.1 100000
[[1.4633115e+19, inf, 0], [0, 0, 0], [0, 0, 0]]
0.1 10000000
[[1.4633115e+19, inf, inf], [0, 0, 0], [0, 0, 0]]
1e-05 1000
[[1.4633115e+19, inf, inf], [94.249855, 0, 0], [0, 0, 0]]
1e-05 100000
[[1.4633115e+19, inf, inf], [94.249855, 114.07085, 0], [0, 0, 0]]
1e-05 10000000
[[1.4633115e+19, inf, inf], [94.249855, 114.07085, 242.96794], [0, 0, 0]]
1e-09 1000
[[1.4633115e+19, inf, inf], [94.249855, 114.07085, 242.96794], [269.8296, 0, 0]]
1e-09 100000
[[1.4633115e+19, inf, inf], [94.249855, 114.07085, 242.96794], [269.8296, 270.5996, 0]]
1e-09 10000000
[[1.4633115e+19, inf, inf], [94.249855, 114.07085, 242.96794], [269.8296, 270.5996, 270.21967]]
[-7.0, -5, -3.0]
[1.0, 3, 5.0]
1e-07 10.0
[[258.73645, 0, 0], [0, 0, 0], [0, 0, 0]]
1e-07 1000
[[258.73645, 258.7198, 0], [0, 0, 0], [0, 0, 0]]
1e-07 100000.0
[[258.73645, 258.7198, 256.88953], [0, 0, 0], [0, 0, 0]]
1e-05 10.0
[[258.73645, 258.7198, 256.88953], [95.90403, 0, 0], [0, 0, 0]]
1e-05 1000
[[258.73645, 258.7198, 256.88953], [95.90403, 95.585396, 0], [0, 0, 0]]
1e-05 100000.0
[[258.73645, 258.7198, 256.88953], [95.90403, 95.585396, 114.93095], [0, 0, 0]]
0.001 10.0
[[258.73645, 258.7198, 256.88953], [95.90403, 95.585396, 114.93095], [96.738945, 0, 0]]
0.001 1000
[[258.73645, 258.7198, 256.88953], [95.90403, 95.585396, 114.93095], [96.738945, 95.79224, 0]]
0.001 100000.0
[[258.73645, 258.7198, 256.88953], [95.90403, 95.585396, 114.93095], [96.738945, 95.79224, 213.54776]]
[-6.0, -5, -4.0]
[2.0, 3, 4.0]
1e-06 100.0
[[124.10863, 0, 0], [0, 0, 0], [0, 0, 0]]
1e-06 1000
[[124.10863, 126.549385, 0], [0, 0, 0], [0, 0, 0]]
1e-06 10000.0
[[124.10863, 126.549385, 127.41833], [0, 0, 0], [0, 0, 0]]
1e-05 100.0
[[124.10863, 126.549385, 127.41833], [97.20888, 0, 0], [0, 0, 0]]
1e-05 1000
[[124.10863, 126.549385, 127.41833], [97.20888, 97.98771, 0], [0, 0, 0]]
1e-05 10000.0
[[124.10863, 126.549385, 127.41833], [97.20888, 97.98771, 101.53097], [0, 0, 0]]
0.0001 100.0
[[124.10863, 126.549385, 127.41833], [97.20888, 97.98771, 101.53097], [92.86604, 0, 0]]
0.0001 1000
[[124.10863, 126.549385, 127.41833], [97.20888, 97.98771, 101.53097], [92.86604, 93.96791, 0]]
0.0001 10000.0
[[124.10863, 126.549385, 127.41833], [97.20888, 97.98771, 101.53097], [92.86604, 93.96791, 101.60969]]
[-4.5, -4.0, -3.5]
[1.5, 2.0, 2.5]
3.1622776601683795e-05 31.622776601683793
[[95.92295, 0, 0], [0, 0, 0], [0, 0, 0]]
3.1622776601683795e-05 100.0
[[95.92295, 96.04438, 0], [0, 0, 0], [0, 0, 0]]
3.1622776601683795e-05 316.22776601683796
[[95.92295, 96.04438, 94.21805], [0, 0, 0], [0, 0, 0]]
0.0001 31.622776601683793
[[95.92295, 96.04438, 94.21805], [94.19851, 0, 0], [0, 0, 0]]
0.0001 100.0
[[95.92295, 96.04438, 94.21805], [94.19851, 107.18379, 0], [0, 0, 0]]
0.0001 316.22776601683796
[[95.92295, 96.04438, 94.21805], [94.19851, 107.18379, 94.22296], [0, 0, 0]]
0.00031622776601683794 31.622776601683793
[[95.92295, 96.04438, 94.21805], [94.19851, 107.18379, 94.22296], [95.2348, 0, 0]]
0.00031622776601683794 100.0
[[95.92295, 96.04438, 94.21805], [94.19851, 107.18379, 94.22296], [95.2348, 94.64095, 0]]
0.00031622776601683794 316.22776601683796
[[95.92295, 96.04438, 94.21805], [94.19851, 107.18379, 94.22296], [95.2348, 94.64095, 94.48417]]
[-4.25, -4.0, -3.75]
[1.25, 1.5, 1.75]
5.623413251903491e-05 17.78279410038923
[[94.51589, 0, 0], [0, 0, 0], [0, 0, 0]]
5.623413251903491e-05 31.622776601683793
[[94.51589, 110.07175, 0], [0, 0, 0], [0, 0, 0]]
5.623413251903491e-05 56.23413251903491
[[94.51589, 110.07175, 94.17765], [0, 0, 0], [0, 0, 0]]
0.0001 17.78279410038923
[[94.51589, 110.07175, 94.17765], [114.775345, 0, 0], [0, 0, 0]]
0.0001 31.622776601683793
[[94.51589, 110.07175, 94.17765], [114.775345, 100.27726, 0], [0, 0, 0]]
0.0001 56.23413251903491
[[94.51589, 110.07175, 94.17765], [114.775345, 100.27726, 94.10512], [0, 0, 0]]
0.00017782794100389227 17.78279410038923
[[94.51589, 110.07175, 94.17765], [114.775345, 100.27726, 94.10512], [94.39005, 0, 0]]
0.00017782794100389227 31.622776601683793
[[94.51589, 110.07175, 94.17765], [114.775345, 100.27726, 94.10512], [94.39005, 95.10165, 0]]
0.00017782794100389227 56.23413251903491
[[94.51589, 110.07175, 94.17765], [114.775345, 100.27726, 94.10512], [94.39005, 95.10165, 94.302055]]
[-4.125, -4.0, -3.875]
[1.625, 1.75, 1.875]
7.498942093324559e-05 42.169650342858226
[[94.899216, 0, 0], [0, 0, 0], [0, 0, 0]]
7.498942093324559e-05 56.23413251903491
[[94.899216, 94.037994, 0], [0, 0, 0], [0, 0, 0]]
7.498942093324559e-05 74.98942093324558
[[94.899216, 94.037994, 94.067505], [0, 0, 0], [0, 0, 0]]
0.0001 42.169650342858226
[[94.899216, 94.037994, 94.067505], [94.34747, 0, 0], [0, 0, 0]]
0.0001 56.23413251903491
[[94.899216, 94.037994, 94.067505], [94.34747, 94.04277, 0], [0, 0, 0]]
0.0001 74.98942093324558
[[94.899216, 94.037994, 94.067505], [94.34747, 94.04277, 94.20447], [0, 0, 0]]
0.0001333521432163324 42.169650342858226
[[94.899216, 94.037994, 94.067505], [94.34747, 94.04277, 94.20447], [100.33547, 0, 0]]
0.0001333521432163324 56.23413251903491
[[94.899216, 94.037994, 94.067505], [94.34747, 94.04277, 94.20447], [100.33547, 94.18495, 0]]
0.0001333521432163324 74.98942093324558
[[94.899216, 94.037994, 94.067505], [94.34747, 94.04277, 94.20447], [100.33547, 94.18495, 94.33228]]
[-4.1875, -4.125, -4.0625]
[1.6875, 1.75, 1.8125]
4 200
Score: 94.037994
7.498942093324559e-05 56.23413251903491
Time 7558.48682808876
