Created graph
0.1 1000
[[inf, 0, 0], [0, 0, 0], [0, 0, 0]]
0.1 100000
[[inf, inf, 0], [0, 0, 0], [0, 0, 0]]
0.1 10000000
[[inf, inf, 1.0583036e+19], [0, 0, 0], [0, 0, 0]]
1e-05 1000
[[inf, inf, 1.0583036e+19], [92.11689, 0, 0], [0, 0, 0]]
1e-05 100000
[[inf, inf, 1.0583036e+19], [92.11689, 110.75748, 0], [0, 0, 0]]
1e-05 10000000
[[inf, inf, 1.0583036e+19], [92.11689, 110.75748, 232.28441], [0, 0, 0]]
1e-09 1000
[[inf, inf, 1.0583036e+19], [92.11689, 110.75748, 232.28441], [262.81628, 0, 0]]
1e-09 100000
[[inf, inf, 1.0583036e+19], [92.11689, 110.75748, 232.28441], [262.81628, 261.54355, 0]]
1e-09 10000000
[[inf, inf, 1.0583036e+19], [92.11689, 110.75748, 232.28441], [262.81628, 261.54355, 261.81802]]
[-7.0, -5, -3.0]
[1.0, 3, 5.0]
1e-07 10.0
[[251.08888, 0, 0], [0, 0, 0], [0, 0, 0]]
1e-07 1000
[[251.08888, 251.67043, 0], [0, 0, 0], [0, 0, 0]]
1e-07 100000.0
[[251.08888, 251.67043, 251.36967], [0, 0, 0], [0, 0, 0]]
1e-05 10.0
[[251.08888, 251.67043, 251.36967], [91.512436, 0, 0], [0, 0, 0]]
1e-05 1000
[[251.08888, 251.67043, 251.36967], [91.512436, 90.519226, 0], [0, 0, 0]]
1e-05 100000.0
[[251.08888, 251.67043, 251.36967], [91.512436, 90.519226, 111.146866], [0, 0, 0]]
0.001 10.0
[[251.08888, 251.67043, 251.36967], [91.512436, 90.519226, 111.146866], [97.84643, 0, 0]]
0.001 1000
[[251.08888, 251.67043, 251.36967], [91.512436, 90.519226, 111.146866], [97.84643, 97.28891, 0]]
0.001 100000.0
[[251.08888, 251.67043, 251.36967], [91.512436, 90.519226, 111.146866], [97.84643, 97.28891, 180.74467]]
[-6.0, -5, -4.0]
[2.0, 3, 4.0]
1e-06 100.0
[[119.390335, 0, 0], [0, 0, 0], [0, 0, 0]]
1e-06 1000
[[119.390335, 124.529915, 0], [0, 0, 0], [0, 0, 0]]
1e-06 10000.0
[[119.390335, 124.529915, 129.80945], [0, 0, 0], [0, 0, 0]]
1e-05 100.0
[[119.390335, 124.529915, 129.80945], [90.692375, 0, 0], [0, 0, 0]]
1e-05 1000
[[119.390335, 124.529915, 129.80945], [90.692375, 91.72327, 0], [0, 0, 0]]
1e-05 10000.0
[[119.390335, 124.529915, 129.80945], [90.692375, 91.72327, 92.54604], [0, 0, 0]]
0.0001 100.0
[[119.390335, 124.529915, 129.80945], [90.692375, 91.72327, 92.54604], [96.97398, 0, 0]]
0.0001 1000
[[119.390335, 124.529915, 129.80945], [90.692375, 91.72327, 92.54604], [96.97398, 95.62967, 0]]
0.0001 10000.0
[[119.390335, 124.529915, 129.80945], [90.692375, 91.72327, 92.54604], [96.97398, 95.62967, 92.60892]]
[-5.5, -5, -4.5]
[1.5, 2.0, 2.5]
3.162277660168379e-06 31.622776601683793
[[92.300934, 0, 0], [0, 0, 0], [0, 0, 0]]
3.162277660168379e-06 100.0
[[92.300934, 92.38535, 0], [0, 0, 0], [0, 0, 0]]
3.162277660168379e-06 316.22776601683796
[[92.300934, 92.38535, 94.71899], [0, 0, 0], [0, 0, 0]]
1e-05 31.622776601683793
[[92.300934, 92.38535, 94.71899], [90.81932, 0, 0], [0, 0, 0]]
1e-05 100.0
[[92.300934, 92.38535, 94.71899], [90.81932, 90.19483, 0], [0, 0, 0]]
1e-05 316.22776601683796
[[92.300934, 92.38535, 94.71899], [90.81932, 90.19483, 90.70904], [0, 0, 0]]
3.1622776601683795e-05 31.622776601683793
[[92.300934, 92.38535, 94.71899], [90.81932, 90.19483, 90.70904], [92.159935, 0, 0]]
3.1622776601683795e-05 100.0
[[92.300934, 92.38535, 94.71899], [90.81932, 90.19483, 90.70904], [92.159935, 92.467384, 0]]
3.1622776601683795e-05 316.22776601683796
[[92.300934, 92.38535, 94.71899], [90.81932, 90.19483, 90.70904], [92.159935, 92.467384, 91.8609]]
[-5.25, -5, -4.75]
[1.75, 2.0, 2.25]
5.623413251903491e-06 56.23413251903491
[[91.95629, 0, 0], [0, 0, 0], [0, 0, 0]]
5.623413251903491e-06 100.0
[[91.95629, 90.72104, 0], [0, 0, 0], [0, 0, 0]]
5.623413251903491e-06 177.82794100389228
[[91.95629, 90.72104, 90.81681], [0, 0, 0], [0, 0, 0]]
1e-05 56.23413251903491
[[91.95629, 90.72104, 90.81681], [91.00674, 0, 0], [0, 0, 0]]
1e-05 100.0
[[91.95629, 90.72104, 90.81681], [91.00674, 91.67807, 0], [0, 0, 0]]
1e-05 177.82794100389228
[[91.95629, 90.72104, 90.81681], [91.00674, 91.67807, 91.17655], [0, 0, 0]]
1.778279410038923e-05 56.23413251903491
[[91.95629, 90.72104, 90.81681], [91.00674, 91.67807, 91.17655], [91.465294, 0, 0]]
1.778279410038923e-05 100.0
[[91.95629, 90.72104, 90.81681], [91.00674, 91.67807, 91.17655], [91.465294, 93.04053, 0]]
1.778279410038923e-05 177.82794100389228
[[91.95629, 90.72104, 90.81681], [91.00674, 91.67807, 91.17655], [91.465294, 93.04053, 90.866455]]
[-5.375, -5.25, -5.125]
[1.875, 2.0, 2.125]
4.216965034285822e-06 74.98942093324558
[[91.50825, 0, 0], [0, 0, 0], [0, 0, 0]]
4.216965034285822e-06 100.0
[[91.50825, 91.35843, 0], [0, 0, 0], [0, 0, 0]]
4.216965034285822e-06 133.3521432163324
[[91.50825, 91.35843, 90.65559], [0, 0, 0], [0, 0, 0]]
5.623413251903491e-06 74.98942093324558
[[91.50825, 91.35843, 90.65559], [92.85808, 0, 0], [0, 0, 0]]
5.623413251903491e-06 100.0
[[91.50825, 91.35843, 90.65559], [92.85808, 91.16239, 0], [0, 0, 0]]
5.623413251903491e-06 133.3521432163324
[[91.50825, 91.35843, 90.65559], [92.85808, 91.16239, 91.81522], [0, 0, 0]]
7.498942093324558e-06 74.98942093324558
[[91.50825, 91.35843, 90.65559], [92.85808, 91.16239, 91.81522], [91.21455, 0, 0]]
7.498942093324558e-06 100.0
[[91.50825, 91.35843, 90.65559], [92.85808, 91.16239, 91.81522], [91.21455, 92.14201, 0]]
7.498942093324558e-06 133.3521432163324
[[91.50825, 91.35843, 90.65559], [92.85808, 91.16239, 91.81522], [91.21455, 92.14201, 91.56477]]
[-5.4375, -5.375, -5.3125]
[2.0625, 2.125, 2.1875]
3 250
Score: 90.65559
4.216965034285822e-06 133.3521432163324
Time 10651.54566192627
