Created graph
0.1 1000
[[1.1835831e+19, 0, 0], [0, 0, 0], [0, 0, 0]]
0.1 100000
[[1.1835831e+19, 1.7467739e+19, 0], [0, 0, 0], [0, 0, 0]]
0.1 10000000
[[1.1835831e+19, 1.7467739e+19, inf], [0, 0, 0], [0, 0, 0]]
1e-05 1000
[[1.1835831e+19, 1.7467739e+19, inf], [112.789536, 0, 0], [0, 0, 0]]
1e-05 100000
[[1.1835831e+19, 1.7467739e+19, inf], [112.789536, 121.146255, 0], [0, 0, 0]]
1e-05 10000000
[[1.1835831e+19, 1.7467739e+19, inf], [112.789536, 121.146255, 254.31564], [0, 0, 0]]
1e-09 1000
[[1.1835831e+19, 1.7467739e+19, inf], [112.789536, 121.146255, 254.31564], [282.31644, 0, 0]]
1e-09 100000
[[1.1835831e+19, 1.7467739e+19, inf], [112.789536, 121.146255, 254.31564], [282.31644, 282.128, 0]]
1e-09 10000000
[[1.1835831e+19, 1.7467739e+19, inf], [112.789536, 121.146255, 254.31564], [282.31644, 282.128, 282.8332]]
[-7.0, -5, -3.0]
[1.0, 3, 5.0]
1e-07 10.0
[[271.83167, 0, 0], [0, 0, 0], [0, 0, 0]]
1e-07 1000
[[271.83167, 270.19516, 0], [0, 0, 0], [0, 0, 0]]
1e-07 100000.0
[[271.83167, 270.19516, 270.86627], [0, 0, 0], [0, 0, 0]]
1e-05 10.0
[[271.83167, 270.19516, 270.86627], [112.51933, 0, 0], [0, 0, 0]]
1e-05 1000
[[271.83167, 270.19516, 270.86627], [112.51933, 113.89409, 0], [0, 0, 0]]
1e-05 100000.0
[[271.83167, 270.19516, 270.86627], [112.51933, 113.89409, 121.726494], [0, 0, 0]]
0.001 10.0
[[271.83167, 270.19516, 270.86627], [112.51933, 113.89409, 121.726494], [123.752426, 0, 0]]
0.001 1000
[[271.83167, 270.19516, 270.86627], [112.51933, 113.89409, 121.726494], [123.752426, 119.3085, 0]]
0.001 100000.0
[[271.83167, 270.19516, 270.86627], [112.51933, 113.89409, 121.726494], [123.752426, 119.3085, 234.89761]]
[-6.0, -5, -4.0]
[0.0, 1.0, 2.0]
1e-06 1.0
[[132.01343, 0, 0], [0, 0, 0], [0, 0, 0]]
1e-06 10.0
[[132.01343, 135.29857, 0], [0, 0, 0], [0, 0, 0]]
1e-06 100.0
[[132.01343, 135.29857, 135.61024], [0, 0, 0], [0, 0, 0]]
1e-05 1.0
[[132.01343, 135.29857, 135.61024], [112.717804, 0, 0], [0, 0, 0]]
1e-05 10.0
[[132.01343, 135.29857, 135.61024], [112.717804, 112.05853, 0], [0, 0, 0]]
1e-05 100.0
[[132.01343, 135.29857, 135.61024], [112.717804, 112.05853, 115.67664], [0, 0, 0]]
0.0001 1.0
[[132.01343, 135.29857, 135.61024], [112.717804, 112.05853, 115.67664], [117.95977, 0, 0]]
0.0001 10.0
[[132.01343, 135.29857, 135.61024], [112.717804, 112.05853, 115.67664], [117.95977, 120.5294, 0]]
0.0001 100.0
[[132.01343, 135.29857, 135.61024], [112.717804, 112.05853, 115.67664], [117.95977, 120.5294, 118.787766]]
[-5.5, -5, -4.5]
[0.5, 1.0, 1.5]
3.162277660168379e-06 3.1622776601683795
[[114.88147, 0, 0], [0, 0, 0], [0, 0, 0]]
3.162277660168379e-06 10.0
[[114.88147, 114.28555, 0], [0, 0, 0], [0, 0, 0]]
3.162277660168379e-06 31.622776601683793
[[114.88147, 114.28555, 114.06498], [0, 0, 0], [0, 0, 0]]
1e-05 3.1622776601683795
[[114.88147, 114.28555, 114.06498], [112.66718, 0, 0], [0, 0, 0]]
1e-05 10.0
[[114.88147, 114.28555, 114.06498], [112.66718, 114.52374, 0], [0, 0, 0]]
1e-05 31.622776601683793
[[114.88147, 114.28555, 114.06498], [112.66718, 114.52374, 113.14404], [0, 0, 0]]
3.1622776601683795e-05 3.1622776601683795
[[114.88147, 114.28555, 114.06498], [112.66718, 114.52374, 113.14404], [112.02703, 0, 0]]
3.1622776601683795e-05 10.0
[[114.88147, 114.28555, 114.06498], [112.66718, 114.52374, 113.14404], [112.02703, 113.778275, 0]]
3.1622776601683795e-05 31.622776601683793
[[114.88147, 114.28555, 114.06498], [112.66718, 114.52374, 113.14404], [112.02703, 113.778275, 112.1751]]
[-4.75, -4.5, -4.25]
[0.25, 0.5, 0.75]
1.778279410038923e-05 1.7782794100389228
[[109.55653, 0, 0], [0, 0, 0], [0, 0, 0]]
1.778279410038923e-05 3.1622776601683795
[[109.55653, 111.49791, 0], [0, 0, 0], [0, 0, 0]]
1.778279410038923e-05 5.623413251903491
[[109.55653, 111.49791, 114.55297], [0, 0, 0], [0, 0, 0]]
3.1622776601683795e-05 1.7782794100389228
[[109.55653, 111.49791, 114.55297], [114.2988, 0, 0], [0, 0, 0]]
3.1622776601683795e-05 3.1622776601683795
[[109.55653, 111.49791, 114.55297], [114.2988, 114.72212, 0], [0, 0, 0]]
3.1622776601683795e-05 5.623413251903491
[[109.55653, 111.49791, 114.55297], [114.2988, 114.72212, 112.08556], [0, 0, 0]]
5.623413251903491e-05 1.7782794100389228
[[109.55653, 111.49791, 114.55297], [114.2988, 114.72212, 112.08556], [115.87662, 0, 0]]
5.623413251903491e-05 3.1622776601683795
[[109.55653, 111.49791, 114.55297], [114.2988, 114.72212, 112.08556], [115.87662, 117.72501, 0]]
5.623413251903491e-05 5.623413251903491
[[109.55653, 111.49791, 114.55297], [114.2988, 114.72212, 112.08556], [115.87662, 117.72501, 115.91829]]
[-4.875, -4.75, -4.625]
[0.125, 0.25, 0.375]
1.333521432163324e-05 1.333521432163324
[[109.965294, 0, 0], [0, 0, 0], [0, 0, 0]]
1.333521432163324e-05 1.7782794100389228
[[109.965294, 112.9874, 0], [0, 0, 0], [0, 0, 0]]
1.333521432163324e-05 2.371373705661655
[[109.965294, 112.9874, 113.20362], [0, 0, 0], [0, 0, 0]]
1.778279410038923e-05 1.333521432163324
[[109.965294, 112.9874, 113.20362], [113.9468, 0, 0], [0, 0, 0]]
1.778279410038923e-05 1.7782794100389228
[[109.965294, 112.9874, 113.20362], [113.9468, 112.48283, 0], [0, 0, 0]]
1.778279410038923e-05 2.371373705661655
[[109.965294, 112.9874, 113.20362], [113.9468, 112.48283, 112.79453], [0, 0, 0]]
2.3713737056616554e-05 1.333521432163324
[[109.965294, 112.9874, 113.20362], [113.9468, 112.48283, 112.79453], [114.157814, 0, 0]]
2.3713737056616554e-05 1.7782794100389228
[[109.965294, 112.9874, 113.20362], [113.9468, 112.48283, 112.79453], [114.157814, 113.18471, 0]]
2.3713737056616554e-05 2.371373705661655
[[109.965294, 112.9874, 113.20362], [113.9468, 112.48283, 112.79453], [114.157814, 113.18471, 110.49154]]
[-4.9375, -4.875, -4.8125]
[0.0625, 0.125, 0.1875]
4 100
Score: 109.965294
1.333521432163324e-05 1.333521432163324
Time 8643.782518148422
