Mutation Type	8014741	8014777	8015085	8015097	8015139	8015259	8015271	8015277	8015423	8015553	8015562	8015745	8015764	8016498	8030032	8030137	8030245	8030340	8030353	8031061	8031121	8031680	ICGC_0004_TD	IPMN 11	IPMN 12	IPMN 20	IPMN 21	IPMN 36	IPMN 4	IPMN 41	MCN 162	MCN 163	MCN 164	MCN 166	MCN 168	MCN 169	MCN 170	PCSI_0017_Pa_P	PCSI_0085_Pa_P	PCSI_0087_Pa_P	PCSI_0088_Pa_P	PCSI_0096_Pa_P	PCSI_0098_Pa_P	PCSI_0099_Pa_P	PCSI_0101_Pa_P	PCSI_0102_Pa_P	PCSI_0106_Pa_P	PCSI_0108_Pa_P	PCSI_0109_Pa_P	PCSI_0111_Pa_P	PCSI_0114_Pa_P	PanNET10PT	PanNET21PT	PanNET23PT	PanNET24PT	PanNET25PT	PanNET31PT	PanNET36PT	PanNET3PT	PanNET7PT	PanNET93PT	SCA 14	SCA 23	SCA 27	SCA 35	SCA 37	SCA 38	SCA 40	SPN 8	TCGA-FQ-6551-01A-11D-1795-08	TCGA-FQ-6552-01A-11D-1795-08	TCGA-FQ-6553-01A-11D-1795-08	TCGA-FQ-6554-01A-11D-1795-08	TCGA-FQ-6555-01A-11D-1795-08	TCGA-FQ-6558-01A-11D-1795-08	TCGA-FQ-6559-01A-11D-1795-08	TCGA-FZ-5919-01A-11D-1609-08	TCGA-FZ-5920-01A-11D-1609-08	TCGA-FZ-5921-01A-11D-1609-08	TCGA-FZ-5922-01A-11D-1609-08	TCGA-FZ-5923-01A-12D-1609-08	TCGA-FZ-5924-01A-13D-1609-08	TCGA-FZ-5926-01A-11D-1609-08	TCGA-HZ-7918-01A-11D-2154-08	TCGA-HZ-7925-01A-11D-2154-08	TCGA-HZ-7926-01A-11D-2154-08	TCGA-HZ-8001-01A-11D-2201-08	TCGA-HZ-8002-01A-11D-2201-08	TCGA-HZ-8003-01A-21D-2201-08	TCGA-HZ-8005-01A-11D-2201-08	TCGA-IB-7645-01A-22D-2201-08	TCGA-IB-7649-01A-11D-2154-08	TCGA-IB-7886-01A-11D-2154-08	TCGA-IB-7887-01A-11D-2154-08	TCGA-IB-7889-01A-11D-2154-08	TCGA-IB-7891-01A-11D-2201-08	TCGA-IB-7893-01A-11D-2201-08	TCGA-IB-7897-01A-21D-2201-08
A[C>A]A	0	0	0	0	1	0	1	0	0	0	0	0	1	0	0	1	0	0	0	0	3	0	0	0	1	0	0	0	0	0	0	0	0	0	0	0	0	1	0	0	0	0	0	0	0	0	0	0	0	0	0	0	0	1	0	0	0	0	0	0	0	0	0	0	0	0	0	0	0	0	0	0	0	0	0	0	2	0	1	0	0	0	0	3	0	1	1	0	1	0	0	1	1	0	0	0	2	0
A[C>A]C	0	0	0	0	0	1	0	0	0	0	0	0	0	0	0	0	0	0	0	0	1	0	0	0	0	0	0	0	1	2	0	0	0	0	0	1	0	0	0	0	0	0	0	1	0	0	0	0	1	0	0	0	0	0	0	0	0	0	0	0	0	0	1	0	1	0	0	0	0	1	0	1	1	1	2	0	1	0	1	0	2	1	2	3	0	0	0	0	1	1	0	0	0	0	1	0	1	0
A[C>A]G	0	0	0	0	0	1	0	0	0	0	0	0	0	0	0	0	0	0	0	0	0	0	0	0	0	0	0	0	0	0	0	0	0	0	0	0	0	0	0	0	0	0	0	0	0	1	1	0	0	1	1	0	1	0	0	0	0	0	0	0	0	0	1	0	0	0	0	0	0	0	0	0	0	1	0	0	0	0	0	0	1	0	0	0	0	0	0	0	0	0	0	0	0	0	0	1	0	1
A[C>A]T	0	0	0	0	0	0	0	0	0	0	0	0	2	0	0	1	0	0	1	0	0	0	0	0	0	0	0	0	0	0	0	0	0	0	0	0	0	1	0	0	0	1	0	0	0	0	0	0	0	0	0	1	0	0	0	0	0	1	0	0	0	0	0	0	0	1	0	0	0	0	0	1	0	0	0	0	0	0	0	0	0	1	0	3	1	0	1	0	2	2	0	1	1	1	0	1	1	1
A[C>G]A	0	0	0	0	0	0	0	0	0	0	2	0	0	0	3	0	0	0	0	0	0	0	0	1	0	0	0	0	0	0	0	0	0	0	0	0	0	1	0	0	0	0	0	0	0	0	0	0	0	0	1	0	0	0	0	0	0	0	1	0	0	0	0	0	0	0	0	1	0	1	0	0	1	1	0	0	1	0	0	0	0	0	1	1	0	0	0	1	1	2	1	0	0	0	0	0	2	2
A[C>G]C	0	0	0	0	0	0	0	0	0	0	0	0	0	0	0	0	1	0	0	0	0	0	0	0	0	0	0	1	1	0	0	0	0	0	0	0	0	0	0	0	0	0	0	0	0	0	0	0	0	0	0	0	0	0	0	0	0	0	0	1	0	0	0	0	0	0	0	0	0	0	0	0	0	0	0	0	0	0	0	1	0	0	0	0	0	0	1	0	0	0	0	0	0	0	0	0	0	1
A[C>G]G	0	0	0	0	0	0	0	0	0	0	0	0	0	0	0	0	0	0	0	0	0	1	0	1	0	0	0	0	0	0	0	0	0	0	0	1	0	0	0	0	0	0	0	1	0	0	0	0	0	0	0	1	0	0	0	0	0	0	0	0	0	0	0	0	0	0	0	0	0	1	0	0	1	0	1	0	0	0	0	0	1	0	1	1	0	0	0	0	1	0	0	0	0	0	0	0	0	0
A[C>G]T	0	0	0	0	0	0	0	0	0	0	0	0	0	0	1	1	0	0	0	0	2	0	0	1	0	0	0	0	0	0	0	0	0	0	0	0	0	1	0	0	0	0	0	0	0	0	0	0	0	0	0	0	0	1	0	0	1	0	0	0	1	1	0	0	0	0	0	0	0	2	0	1	1	0	1	0	0	0	1	0	1	0	0	1	0	0	0	2	1	0	1	1	0	0	0	0	1	0
A[C>T]A	0	1	0	0	0	2	0	1	0	0	0	1	0	0	1	0	0	0	0	0	0	0	0	0	0	0	0	0	0	1	0	0	0	0	0	0	0	0	0	1	0	1	0	0	0	0	0	0	1	0	1	1	0	0	0	0	0	0	0	0	2	0	1	0	0	0	0	0	0	2	0	0	2	0	0	0	0	1	1	1	0	0	0	0	0	0	1	2	4	2	2	1	0	0	0	4	2	1
A[C>T]C	1	1	0	0	1	0	0	0	0	0	0	0	0	1	0	1	0	0	0	1	0	0	1	0	1	0	1	0	0	0	0	0	0	0	0	0	0	0	0	0	0	1	1	0	0	0	0	1	1	0	0	0	0	1	0	0	0	0	0	0	0	0	1	1	1	0	1	0	0	0	0	2	0	0	0	0	0	2	2	0	0	1	2	2	0	0	3	10	3	4	1	0	0	0	0	1	4	1
A[C>T]G	1	2	0	1	0	6	1	1	1	2	1	1	3	1	0	1	0	5	1	1	2	0	0	3	5	0	3	4	1	0	0	1	0	2	2	1	0	2	0	1	0	0	1	0	1	4	1	0	2	2	1	0	0	1	1	2	2	0	0	0	0	0	0	1	0	0	1	0	0	2	4	4	3	4	5	0	2	7	8	2	8	4	12	2	2	4	10	14	9	7	9	1	1	2	6	11	12	8
A[C>T]T	1	0	0	0	1	0	1	0	0	0	0	0	0	0	0	1	0	0	0	0	1	1	1	0	0	0	0	0	1	0	0	0	0	0	0	0	0	0	0	0	0	0	0	0	0	0	0	0	0	1	1	0	0	0	0	0	0	0	0	0	0	0	1	1	0	0	0	0	0	2	0	0	0	0	0	0	0	0	2	0	0	0	1	3	0	0	2	3	5	3	3	1	0	0	0	3	7	2
A[T>A]A	0	0	0	0	0	0	0	0	0	0	0	0	0	0	0	0	0	0	0	0	0	0	0	0	0	0	0	0	0	0	0	0	0	0	0	0	0	0	0	0	0	0	0	0	0	0	0	0	0	0	0	0	0	0	0	0	0	0	0	0	0	0	0	0	0	0	0	0	0	1	0	1	0	0	0	0	1	0	0	0	0	0	0	2	0	0	0	0	0	0	0	0	0	0	0	0	2	0
A[T>A]C	0	0	0	0	0	0	0	1	0	0	0	0	0	0	0	0	0	0	0	0	1	1	0	0	1	0	0	1	0	0	0	0	0	0	0	0	0	1	1	0	0	0	1	0	0	0	0	0	0	0	0	0	0	0	0	0	1	1	0	0	0	0	0	0	0	1	0	0	0	0	1	0	0	0	0	0	0	1	0	1	0	0	0	1	0	0	0	0	0	1	0	0	0	0	0	0	1	0
A[T>A]G	0	0	0	0	0	1	0	0	0	0	0	0	0	0	0	0	0	0	0	0	0	1	0	0	1	0	0	0	1	0	0	0	1	0	0	0	0	1	0	0	0	0	0	0	0	0	0	0	0	0	0	0	0	0	0	0	0	0	0	0	0	0	0	0	0	0	0	0	0	0	0	0	0	0	1	0	1	0	0	1	0	0	0	0	0	0	1	0	0	0	1	0	1	0	0	0	0	2
A[T>A]T	0	0	0	0	1	0	0	0	0	0	0	0	0	0	0	0	0	0	1	0	0	1	0	0	0	0	0	0	0	0	0	0	0	0	0	0	1	0	0	0	0	1	0	0	0	0	0	0	0	0	0	0	0	0	0	0	0	0	0	0	0	0	0	0	0	0	0	0	0	1	0	1	0	0	0	0	0	0	0	1	0	0	0	0	0	0	0	0	1	0	0	0	0	0	1	0	2	0
A[T>C]A	0	0	0	0	0	0	0	0	0	0	0	0	0	1	0	0	1	0	1	0	0	1	0	0	0	0	0	0	1	0	0	0	1	0	2	0	0	1	0	0	0	0	0	0	0	0	0	0	0	0	0	0	0	0	0	0	0	0	0	0	0	0	0	0	0	0	0	0	0	1	1	0	0	0	1	0	2	0	0	2	0	1	0	1	0	0	1	2	1	1	0	0	0	0	0	0	2	1
A[T>C]C	0	0	0	0	0	0	0	0	0	0	0	1	0	1	0	0	0	1	1	1	0	0	0	0	0	0	0	0	0	1	0	0	2	0	0	0	0	0	0	0	0	0	0	0	0	0	0	0	0	1	0	0	0	0	0	0	0	0	0	0	0	0	0	0	0	0	0	0	0	0	0	1	0	0	3	0	0	1	0	0	0	0	0	1	0	1	1	0	0	1	0	0	0	0	0	0	0	1
A[T>C]G	0	0	0	1	0	2	0	0	0	0	0	0	0	1	3	0	0	0	0	1	1	0	0	1	0	0	0	1	0	0	0	0	0	2	0	0	0	1	1	0	0	0	0	0	0	0	0	1	0	0	1	1	0	0	0	1	1	0	0	0	0	0	0	0	0	0	0	0	0	1	0	2	0	0	0	0	0	0	0	1	0	1	0	2	0	0	0	0	3	0	2	0	0	0	0	1	2	1
A[T>C]T	0	0	0	0	0	1	1	1	0	0	1	1	0	1	1	2	1	0	1	0	0	0	1	0	0	0	1	1	0	0	0	1	0	0	0	0	0	0	0	0	0	0	0	1	0	1	0	1	2	0	0	0	0	1	1	0	0	0	1	1	0	0	1	0	0	0	0	2	1	0	0	0	1	0	0	0	0	0	0	1	0	1	0	0	1	1	0	2	3	1	2	2	1	0	0	0	3	0
A[T>G]A	0	0	0	0	0	0	0	0	0	0	0	1	0	0	0	0	0	0	0	0	0	0	0	0	0	0	0	0	0	1	0	0	0	0	0	0	0	0	0	0	0	0	0	0	0	1	0	0	0	0	0	0	0	0	0	0	0	0	0	0	0	0	0	0	0	0	0	0	0	0	0	0	1	0	0	0	0	0	0	0	0	0	0	0	0	0	0	0	0	0	0	0	0	0	0	0	0	0
A[T>G]C	0	0	0	0	0	0	0	0	1	0	0	0	0	0	1	0	0	0	0	0	0	0	0	0	0	0	0	0	0	0	0	0	0	0	0	0	0	1	0	0	0	0	0	0	0	0	0	1	0	0	0	0	0	0	0	0	0	0	0	0	0	0	1	0	0	0	0	0	0	0	1	0	0	0	0	0	0	0	0	0	0	0	0	0	0	0	0	0	0	0	0	0	0	0	0	0	1	0
A[T>G]G	0	0	0	0	0	0	0	0	0	0	0	0	0	0	0	0	0	0	0	0	0	0	0	0	0	0	0	0	0	0	0	0	0	0	0	0	0	0	0	0	0	0	0	0	0	0	0	0	0	0	0	1	0	0	0	0	0	0	1	0	0	0	0	0	0	0	0	0	0	0	0	0	0	0	0	1	0	0	0	0	0	0	1	0	0	0	0	1	0	1	0	0	0	1	0	0	0	1
A[T>G]T	0	0	0	0	0	1	0	0	0	0	0	0	0	0	0	0	0	0	0	0	0	0	0	1	0	0	0	0	0	0	0	0	0	0	0	0	0	0	0	0	0	0	0	0	0	0	0	0	1	0	0	0	0	0	0	0	0	0	0	0	0	0	0	0	0	0	0	0	0	0	0	0	0	0	0	0	1	0	0	0	0	0	0	0	0	1	1	0	0	0	1	0	0	0	0	0	0	1
C[C>A]A	0	0	0	0	0	1	0	0	0	0	0	0	3	0	1	0	1	1	0	0	0	0	0	0	0	0	1	0	0	0	0	0	0	0	0	0	1	0	0	0	0	0	0	0	0	0	0	0	0	0	0	0	1	0	0	1	0	0	0	0	0	0	0	0	1	0	0	0	0	1	1	0	1	1	0	0	1	0	1	0	0	2	1	2	0	0	2	2	1	0	0	0	1	0	2	0	4	2
C[C>A]C	0	0	0	0	1	0	1	0	1	0	0	0	0	0	0	0	1	0	2	0	0	0	0	0	0	0	0	1	0	0	0	1	0	0	0	0	0	1	0	0	0	0	0	0	0	0	0	0	0	1	0	0	0	0	0	0	0	0	0	1	0	0	0	0	0	1	0	0	0	1	2	0	0	0	0	0	0	0	0	0	0	0	0	2	0	0	0	0	1	0	0	0	0	0	0	0	0	1
C[C>A]G	0	1	0	0	0	0	0	0	0	0	0	0	0	0	0	0	0	0	0	0	0	0	0	1	0	0	0	0	0	1	0	0	0	0	0	0	0	0	0	0	0	0	0	0	0	1	0	0	0	0	0	0	0	0	0	0	0	0	0	0	0	0	0	0	0	0	0	0	0	0	0	1	0	0	0	0	0	0	1	0	0	0	0	0	0	0	0	1	2	1	0	0	1	0	0	0	5	1
C[C>A]T	0	1	0	0	0	0	0	0	0	0	0	0	0	0	0	0	0	1	0	0	1	0	0	0	0	0	0	1	0	0	0	0	0	0	0	0	0	1	0	0	0	0	0	0	0	0	0	0	0	1	1	0	0	0	0	0	0	0	0	0	0	0	0	0	0	0	0	0	0	0	1	0	0	0	1	0	0	1	2	0	0	0	0	1	0	0	1	0	3	0	1	0	0	0	0	0	2	1
C[C>G]A	0	0	0	0	0	1	0	0	0	0	0	0	0	0	1	0	0	0	0	0	0	0	0	0	0	0	0	0	0	1	0	0	0	0	0	0	0	0	0	0	0	1	0	0	0	0	0	0	0	0	0	0	0	0	0	1	0	0	0	0	0	0	0	0	0	0	0	0	0	1	0	0	0	0	0	0	0	0	0	0	0	0	0	1	1	0	0	0	2	0	0	1	0	0	0	0	1	0
C[C>G]C	0	0	0	0	0	0	0	0	0	0	0	0	0	0	0	0	0	0	0	0	0	0	0	0	0	0	0	0	0	1	0	0	0	0	0	0	0	0	0	0	0	2	1	0	0	0	0	0	0	0	0	0	1	0	0	0	0	0	0	0	0	0	0	0	0	0	0	0	0	0	0	0	0	0	0	0	0	0	0	1	1	0	0	0	0	0	0	0	0	1	0	0	0	0	0	2	0	1
C[C>G]G	0	0	0	0	0	0	0	0	0	0	0	0	0	0	0	0	0	0	0	0	0	0	0	0	0	0	0	0	0	0	0	0	0	0	0	0	0	0	0	0	0	0	0	0	0	0	0	0	0	0	0	0	0	0	0	0	0	0	0	0	0	0	0	0	0	0	0	0	0	0	0	0	0	0	0	0	0	0	1	0	0	0	0	0	0	0	0	1	0	1	0	0	0	0	1	0	0	0
C[C>G]T	0	0	1	1	1	0	0	0	0	0	0	1	0	0	1	1	0	0	0	0	1	0	0	0	0	0	2	0	0	0	0	0	1	0	0	0	0	1	0	0	0	0	0	0	0	0	0	0	0	0	0	1	1	0	1	0	1	0	0	0	0	0	0	0	0	0	0	0	1	0	1	1	0	1	0	0	0	0	1	1	0	0	0	2	0	0	1	0	0	1	0	1	0	0	0	0	0	0
C[C>T]A	0	0	1	0	0	1	0	1	1	0	0	1	1	0	3	1	1	0	1	0	0	0	1	0	1	0	0	0	0	1	1	0	0	1	0	0	0	0	0	0	0	2	0	1	0	0	3	0	1	0	0	1	0	0	0	0	0	0	0	0	0	0	0	0	0	0	0	1	0	3	0	3	1	1	2	0	1	1	1	1	1	1	1	1	1	1	2	3	10	4	1	0	1	0	0	0	6	3
C[C>T]C	0	0	1	0	0	0	0	0	0	0	3	1	1	1	3	1	0	0	1	0	0	1	0	1	0	0	0	0	0	0	1	0	0	0	0	0	0	0	0	0	1	2	0	0	0	0	0	0	0	0	0	1	0	1	2	1	0	0	2	0	0	0	0	0	0	0	0	0	1	0	1	2	1	1	0	0	1	0	1	0	1	1	0	4	0	0	4	3	6	3	0	0	1	0	0	0	10	8
C[C>T]G	2	0	0	1	0	3	0	0	0	0	0	1	1	2	1	0	0	2	1	1	2	1	0	3	3	1	1	2	1	3	1	0	1	3	0	1	0	4	2	1	0	1	0	4	1	3	0	0	1	4	2	1	0	1	0	0	0	0	1	1	0	0	0	2	0	0	0	0	0	3	3	4	6	1	10	0	4	6	8	2	9	2	3	2	3	5	7	5	16	11	14	1	5	0	3	8	9	11
C[C>T]T	1	0	1	1	0	0	0	0	0	1	0	1	0	0	1	0	0	2	1	0	0	0	1	0	1	0	0	0	0	0	1	0	1	0	0	0	0	0	0	0	0	0	0	1	0	0	1	0	1	1	0	0	0	0	0	0	0	0	0	0	0	0	1	0	0	0	0	0	0	0	1	0	2	0	2	0	0	1	0	0	0	0	0	5	0	0	3	4	11	3	2	0	1	0	3	4	7	5
C[T>A]A	0	0	0	0	0	0	0	0	0	0	0	1	0	0	1	1	0	0	0	0	0	0	0	0	1	0	0	0	0	0	0	0	0	0	1	0	0	0	0	0	0	0	0	0	0	0	0	0	0	0	0	0	0	0	0	0	0	0	0	0	0	0	0	0	0	0	0	0	0	1	1	0	0	0	0	0	0	0	0	0	0	0	0	2	0	0	0	0	0	0	0	1	0	0	0	1	0	0
C[T>A]C	0	0	0	0	0	0	0	0	0	0	0	1	0	0	0	0	0	0	0	0	0	1	0	0	0	0	0	0	0	0	1	0	0	0	0	0	0	0	0	0	0	0	0	0	0	1	0	0	0	0	0	0	0	0	0	0	1	0	0	0	0	0	0	0	0	0	0	0	0	0	0	1	0	1	0	0	0	0	1	0	0	0	0	0	0	0	1	0	0	0	0	1	0	0	1	0	0	1
C[T>A]G	0	1	1	0	0	0	0	0	1	0	0	0	0	0	1	1	0	0	0	0	0	0	0	0	0	0	0	0	0	0	0	0	0	0	0	0	0	1	0	0	0	0	0	0	0	0	0	0	0	0	0	0	0	0	0	0	0	1	0	0	0	0	1	0	0	0	0	0	0	1	2	2	1	0	1	0	0	1	0	0	0	0	0	1	0	0	0	2	1	1	0	0	0	1	0	0	0	0
C[T>A]T	0	0	0	0	0	0	0	0	0	0	0	0	1	0	0	0	0	0	0	1	1	0	0	0	0	0	0	0	0	0	0	0	0	0	0	0	0	1	0	0	0	1	0	0	0	0	0	0	0	0	1	0	0	1	0	0	0	0	0	0	0	0	0	0	0	0	0	0	0	1	1	2	0	0	1	0	0	0	0	0	1	0	1	1	0	0	0	1	0	0	0	0	0	0	0	1	0	0
C[T>C]A	0	0	1	0	0	0	0	0	0	0	0	0	0	0	0	0	0	0	0	0	1	0	0	0	0	0	0	0	0	0	0	0	0	1	0	0	0	0	0	0	0	0	0	0	0	0	0	0	2	0	0	0	0	0	0	0	0	0	0	0	0	0	0	0	0	0	0	0	0	1	0	1	1	0	1	0	0	0	0	0	0	0	0	1	0	1	0	3	0	0	0	1	0	1	0	0	3	4
C[T>C]C	1	0	0	0	0	0	0	0	0	0	0	0	1	0	1	1	1	0	0	0	0	1	0	0	0	0	0	0	0	1	1	0	0	0	0	0	0	0	0	1	0	0	0	0	0	0	0	0	1	0	0	0	0	0	0	0	0	0	0	0	0	0	0	0	0	0	0	0	0	1	0	1	0	1	1	1	0	1	0	0	0	0	0	1	1	0	2	5	4	3	3	0	0	0	0	0	3	3
C[T>C]G	0	0	0	0	1	0	0	0	0	0	0	0	0	1	1	0	1	0	0	0	0	0	1	1	0	0	0	0	0	0	0	0	0	0	0	0	1	0	0	0	0	1	0	0	0	0	0	0	1	0	0	0	0	0	1	0	0	0	0	0	0	0	0	0	0	0	0	0	0	3	3	2	2	0	0	1	0	2	2	0	0	1	1	3	0	0	1	2	3	3	1	0	0	0	0	3	5	3
C[T>C]T	0	0	0	1	0	0	0	0	0	0	0	1	0	0	0	1	0	1	0	0	2	0	0	0	0	0	0	0	2	1	0	0	1	0	0	0	0	1	0	0	0	0	0	0	0	0	0	0	1	0	0	0	0	0	0	0	1	1	0	0	0	0	0	0	0	0	0	0	0	2	1	0	0	0	0	0	0	1	1	0	0	0	1	3	0	0	8	13	14	14	4	0	2	0	0	7	13	16
C[T>G]A	0	0	0	0	0	0	0	0	0	0	0	0	1	0	0	0	0	0	0	0	0	0	0	0	0	0	0	0	0	0	0	0	0	0	0	0	0	0	0	0	0	0	0	0	0	0	0	0	0	0	0	0	0	0	0	0	0	0	0	1	0	0	0	0	0	0	0	0	0	0	0	0	0	0	0	0	0	0	0	0	0	0	0	0	0	1	0	0	0	0	0	0	0	0	0	0	0	0
C[T>G]C	0	0	0	0	0	0	0	0	0	0	0	0	0	0	0	0	0	0	0	0	0	0	0	0	0	0	0	0	0	0	0	0	0	0	0	0	0	1	0	0	1	0	0	0	0	0	0	0	0	0	0	0	0	0	0	0	0	0	0	0	0	0	0	0	0	0	0	1	0	1	0	0	1	0	0	0	0	0	0	0	0	0	0	2	0	0	0	0	0	0	0	0	0	0	0	0	0	0
C[T>G]G	0	0	0	0	0	0	0	0	0	0	0	0	1	0	0	0	0	0	1	0	0	0	0	0	0	1	0	0	0	0	0	1	0	0	0	0	0	2	0	0	0	0	0	0	0	1	0	0	0	0	0	0	0	0	0	0	0	0	0	0	0	1	0	0	0	0	0	0	0	2	2	0	0	0	0	0	0	0	0	0	1	0	0	1	0	0	0	0	0	0	0	0	1	0	0	0	0	0
C[T>G]T	2	0	0	0	0	0	0	0	0	0	0	0	0	0	0	0	0	0	1	0	5	0	0	0	0	0	1	2	1	0	0	0	0	1	0	0	0	1	0	0	0	0	0	0	0	0	0	0	0	0	0	0	1	0	0	0	1	0	0	0	0	0	0	0	0	0	0	0	0	0	1	1	0	0	0	0	0	0	2	0	0	0	0	2	0	0	1	0	0	0	0	1	0	0	0	0	0	0
G[C>A]A	0	0	1	0	0	0	1	0	0	0	0	0	0	0	0	0	1	0	0	0	0	0	0	0	0	0	1	0	0	0	0	0	0	0	0	0	0	0	0	0	0	1	0	0	0	0	0	0	1	1	0	0	0	0	0	0	0	0	0	0	0	0	0	0	0	0	0	0	0	1	0	1	1	0	1	0	0	1	1	0	0	1	0	0	0	0	0	4	4	4	0	0	0	0	0	1	3	4
G[C>A]C	0	0	0	0	0	2	1	0	0	0	0	0	1	0	2	0	0	0	0	0	0	0	0	0	0	0	0	0	0	1	0	0	0	0	0	0	0	1	0	0	0	0	0	0	0	0	0	0	0	0	0	0	0	0	0	0	0	0	0	0	1	0	1	0	0	0	0	0	0	0	0	1	0	1	1	0	0	0	0	0	3	3	0	1	1	0	0	0	6	3	1	0	0	0	1	0	2	6
G[C>A]G	0	0	0	2	0	0	0	0	0	0	0	0	0	0	0	0	0	0	0	0	0	0	1	0	0	0	1	1	1	0	0	0	0	0	0	0	0	1	0	0	0	0	0	0	0	0	0	0	0	0	0	0	0	0	0	0	0	0	0	0	0	0	0	0	0	0	0	0	0	0	0	0	0	0	0	0	0	0	0	0	0	0	0	0	0	0	1	0	6	1	1	0	0	0	0	0	1	1
G[C>A]T	0	0	0	0	1	0	0	1	0	0	0	0	0	0	0	0	0	0	0	0	0	0	0	1	0	0	0	0	0	1	0	0	0	0	1	0	0	0	0	0	0	0	0	0	1	0	0	0	0	0	0	2	0	1	0	0	0	0	0	0	0	0	0	0	0	0	0	1	0	0	0	0	0	0	1	0	0	0	0	0	0	0	0	2	0	0	0	0	5	2	1	0	0	0	0	0	0	2
G[C>G]A	0	0	0	0	0	0	0	0	0	0	0	0	0	0	0	0	0	0	0	0	0	0	0	0	0	0	0	0	0	0	0	0	0	0	0	0	0	0	0	0	0	0	0	0	0	0	0	0	0	0	0	0	0	0	0	0	0	0	1	0	0	0	1	0	1	0	0	0	0	1	0	2	0	0	0	0	0	0	0	0	0	0	0	2	0	0	0	0	0	0	0	0	0	0	0	0	2	2
G[C>G]C	0	0	0	0	0	0	0	0	0	0	0	0	1	0	0	0	0	0	0	0	0	0	0	0	0	0	0	1	0	0	0	0	0	0	0	0	0	0	0	0	0	0	0	1	0	0	0	0	0	0	0	0	0	0	0	0	0	0	0	0	0	0	0	0	0	1	1	1	0	2	0	1	0	1	0	0	0	0	1	0	0	1	0	0	1	0	0	0	1	0	0	0	0	0	0	0	1	0
G[C>G]G	0	0	0	0	0	0	0	0	0	0	0	0	0	0	0	0	0	0	0	0	1	0	0	0	0	0	0	0	0	0	0	0	0	0	0	0	0	0	0	0	0	1	0	0	0	0	1	0	0	0	0	0	0	0	0	0	0	0	0	0	0	0	0	0	0	0	0	0	0	0	0	0	0	0	0	0	0	0	1	0	1	0	0	0	0	0	1	0	1	0	0	0	0	0	0	0	0	0
G[C>G]T	0	0	0	0	0	1	0	0	0	0	0	0	0	0	0	0	0	0	0	0	0	0	0	0	1	0	0	0	0	0	0	0	0	0	0	0	1	0	1	0	0	0	0	0	0	0	0	0	0	0	0	0	0	0	0	0	0	0	0	0	1	0	1	0	0	1	0	0	0	0	1	1	0	0	0	0	0	1	0	0	0	0	0	2	0	0	0	1	2	2	0	1	0	0	0	1	1	2
G[C>T]A	2	0	0	0	0	0	0	1	0	0	0	0	1	0	0	1	1	1	0	0	1	1	0	0	0	1	0	1	0	1	1	0	1	1	0	0	0	0	0	0	1	0	0	0	1	1	0	0	1	1	0	0	0	0	0	0	0	0	1	0	0	1	0	0	0	0	0	0	0	0	0	0	3	0	1	1	2	1	0	1	0	0	1	4	0	1	2	2	2	2	2	0	0	2	1	1	3	4
G[C>T]C	1	0	0	0	0	1	0	0	0	1	0	0	1	0	0	0	0	0	0	1	2	1	0	1	2	1	2	0	0	0	0	0	1	0	1	1	1	0	1	0	1	2	0	0	0	0	0	0	0	2	0	0	0	0	0	1	0	0	0	1	1	0	0	1	0	0	1	0	0	2	1	5	4	5	2	3	3	6	11	0	9	0	1	4	1	1	3	8	4	4	3	0	2	2	0	4	7	7
G[C>T]G	0	1	1	2	1	4	1	1	0	2	0	2	3	1	0	0	0	6	1	0	1	0	1	3	1	0	5	4	1	5	1	0	1	0	1	0	1	3	3	1	0	1	0	1	0	0	2	0	2	5	3	0	0	0	2	0	2	0	0	0	0	1	0	0	0	0	1	0	0	3	10	5	3	5	8	0	10	9	7	3	14	5	7	5	4	4	18	19	18	12	14	3	2	1	3	13	22	15
G[C>T]T	0	0	1	1	0	0	0	0	0	0	1	0	0	0	0	0	2	0	1	0	0	1	0	0	0	0	1	1	0	0	0	0	0	0	0	0	1	1	1	0	0	0	0	1	0	2	0	0	2	1	1	0	0	0	0	0	0	0	0	0	0	1	0	0	0	0	0	1	1	0	1	0	0	0	2	0	3	0	1	1	1	1	1	1	1	3	6	18	15	2	11	0	1	1	0	4	17	13
G[T>A]A	0	0	0	0	0	0	0	0	0	0	0	0	0	0	0	0	0	0	0	0	0	0	0	0	0	0	0	0	0	0	0	0	0	0	0	1	0	0	0	0	0	0	0	0	0	0	0	0	1	0	0	0	0	0	0	0	0	0	0	0	0	0	0	0	0	0	0	0	0	0	0	0	0	0	0	0	0	0	0	0	0	0	0	0	0	0	0	0	0	1	0	1	0	0	0	1	0	0
G[T>A]C	0	0	0	0	1	0	0	0	0	0	0	0	1	0	0	0	0	0	0	0	0	0	0	0	0	0	0	0	0	0	0	0	0	0	0	0	0	0	0	0	0	0	0	0	0	0	0	0	0	0	0	0	0	0	0	0	0	0	0	0	0	0	0	0	1	0	0	0	0	1	1	1	0	0	0	0	0	0	0	0	0	0	1	1	0	0	0	0	0	0	0	1	0	2	0	0	1	0
G[T>A]G	0	0	0	0	0	0	0	1	0	0	0	1	0	0	0	0	0	0	1	0	0	1	0	0	0	0	0	0	0	0	0	0	0	0	0	0	0	0	0	0	0	1	0	0	0	0	0	0	0	0	0	0	0	0	0	0	0	0	0	0	0	0	0	0	0	0	0	0	0	0	0	0	1	0	0	0	0	0	0	0	0	0	0	1	0	0	1	1	0	0	0	0	1	0	0	0	0	0
G[T>A]T	0	0	0	0	0	0	0	1	0	0	0	0	0	0	0	0	1	0	0	0	0	0	0	0	0	0	0	0	0	0	0	0	0	0	0	0	0	1	0	0	0	0	0	0	0	0	0	0	0	0	0	0	0	0	0	0	0	0	0	0	0	0	0	0	0	1	0	0	0	0	1	0	0	0	0	0	0	0	0	0	0	0	0	0	0	0	0	0	0	1	0	0	0	0	1	1	0	0
G[T>C]A	0	0	0	0	0	0	1	0	0	0	0	0	0	0	1	0	0	2	0	0	1	0	0	0	0	0	0	0	0	0	0	0	0	0	0	0	0	1	0	0	0	0	1	0	0	0	0	0	0	0	1	0	0	0	0	0	0	0	0	0	0	0	0	0	0	0	0	0	1	0	0	2	0	0	1	1	1	1	0	0	1	0	0	2	0	1	1	1	0	1	0	0	0	0	1	0	0	1
G[T>C]C	1	0	0	0	0	0	0	0	0	0	0	0	0	0	0	0	0	0	0	0	1	0	0	0	0	0	0	0	1	0	0	0	0	1	0	0	0	1	0	0	0	0	0	1	0	0	0	0	1	0	0	0	0	0	0	1	0	0	1	0	0	0	0	0	0	0	0	0	0	1	0	1	2	0	0	0	0	0	0	0	1	0	0	1	0	0	1	0	1	1	0	0	1	1	0	0	0	0
G[T>C]G	2	0	0	0	0	0	0	0	0	0	0	0	0	0	0	0	0	0	0	0	0	0	1	1	0	0	0	0	0	0	0	0	1	0	0	0	0	0	0	1	0	0	0	0	0	0	0	1	0	0	0	0	1	0	0	0	0	0	0	0	0	0	0	1	0	0	0	0	0	0	1	1	0	0	0	0	0	0	0	0	1	1	0	4	0	1	0	1	0	1	0	0	1	0	0	0	3	2
G[T>C]T	0	0	0	0	0	1	0	0	1	1	0	0	1	0	0	0	0	1	0	0	0	0	0	0	0	0	0	1	1	0	0	0	1	0	0	0	0	0	0	0	0	0	1	0	0	1	0	0	0	0	1	0	0	0	1	0	0	0	0	0	0	0	0	0	0	0	0	0	0	1	0	1	0	1	0	0	0	0	0	0	0	0	0	3	0	0	3	1	4	1	2	0	0	0	0	0	6	2
G[T>G]A	0	0	0	0	0	0	0	0	0	0	0	0	0	0	1	0	0	0	0	1	0	0	0	0	0	0	0	0	0	0	0	0	0	0	0	0	0	0	0	0	0	0	0	0	0	0	0	0	0	1	0	0	0	0	0	0	0	0	0	0	0	0	0	0	0	0	0	0	0	0	0	0	1	0	0	0	0	0	0	0	0	0	0	0	0	0	0	0	0	0	0	0	0	0	0	0	0	0
G[T>G]C	0	0	0	0	0	0	0	0	0	0	0	0	0	0	0	0	1	0	0	0	0	0	0	0	0	0	0	1	0	0	0	0	0	0	0	0	0	2	0	0	0	0	0	0	0	0	1	0	0	0	0	0	0	0	0	0	0	0	0	0	0	0	0	0	0	1	0	1	0	0	0	0	0	0	0	1	0	0	0	0	0	0	0	1	0	0	1	0	0	1	1	0	0	0	0	0	0	0
G[T>G]G	1	0	0	1	0	0	0	0	0	0	0	0	0	0	0	0	0	0	0	0	0	0	0	0	0	0	0	0	0	0	0	0	0	0	0	0	0	0	0	0	0	0	0	0	0	0	0	0	0	2	0	0	0	0	0	0	0	0	0	0	0	0	0	0	0	0	0	0	0	1	0	1	1	1	0	1	2	2	1	1	1	1	1	0	0	0	0	1	0	0	1	0	0	0	0	1	0	1
G[T>G]T	0	0	0	0	0	0	0	0	0	0	0	0	0	0	0	0	1	0	0	0	0	0	0	0	0	0	0	0	0	2	0	0	0	0	0	0	0	0	0	0	0	0	0	0	0	0	0	0	0	0	0	0	0	0	0	0	0	0	0	0	0	0	1	0	0	0	0	0	0	0	0	0	0	0	0	0	1	0	0	0	0	0	1	0	0	0	3	0	1	2	1	0	0	0	0	0	0	0
T[C>A]A	0	0	0	0	0	2	0	0	0	0	0	0	0	0	0	0	0	0	0	0	0	0	0	0	0	0	0	0	0	0	0	0	0	0	1	0	0	0	0	0	0	0	0	0	0	0	0	0	1	1	0	0	0	2	0	0	1	0	0	0	1	0	0	0	0	0	0	0	0	2	1	1	0	0	0	0	0	0	0	0	0	0	0	1	0	1	1	1	3	3	0	0	1	0	0	0	2	1
T[C>A]C	0	0	0	0	0	0	0	1	0	0	0	0	0	0	0	0	0	1	0	1	3	2	1	0	0	1	0	1	0	0	0	0	0	1	1	0	0	0	1	0	1	1	0	0	1	0	0	0	0	0	0	0	0	0	0	0	0	0	1	0	0	0	0	1	0	1	0	0	0	0	4	0	1	0	1	0	1	0	1	1	1	0	0	2	0	0	1	1	1	1	2	0	1	0	0	2	1	0
T[C>A]G	0	0	0	0	0	0	0	0	0	0	0	0	0	0	0	0	1	0	0	0	1	0	0	0	0	0	0	1	1	0	0	0	0	0	0	0	0	0	0	0	0	0	0	0	0	0	0	0	0	1	0	0	0	0	0	0	0	0	0	0	0	0	0	0	0	0	0	0	0	0	0	0	1	0	0	0	0	1	0	1	0	0	0	0	0	0	1	1	2	0	0	0	1	0	0	0	3	0
T[C>A]T	1	0	0	1	0	0	1	0	0	0	0	0	0	1	2	0	0	0	1	0	0	1	0	0	0	0	1	0	0	0	0	0	0	0	1	0	0	1	0	0	0	0	0	0	0	0	0	0	0	0	0	0	0	0	1	0	1	0	0	0	0	0	0	0	0	1	0	0	0	0	3	0	0	0	1	0	0	2	1	0	1	0	0	1	0	2	0	1	4	1	0	1	0	0	0	1	2	1
T[C>G]A	0	0	0	3	0	1	0	0	0	0	0	0	0	0	0	1	1	0	0	0	1	0	1	1	0	0	0	0	0	0	0	0	0	0	0	0	1	2	0	0	0	1	0	1	0	2	0	0	0	1	0	0	0	0	0	0	0	0	1	0	1	0	0	0	0	0	0	1	0	1	2	1	4	0	2	0	1	1	1	1	0	0	1	6	0	1	1	3	2	2	0	0	1	0	0	0	1	2
T[C>G]C	0	0	1	1	0	0	0	0	0	0	0	0	0	0	0	1	0	0	0	0	0	0	1	0	0	0	0	0	0	1	0	0	0	0	0	0	0	2	0	0	0	0	0	0	0	0	0	0	0	0	0	0	1	0	0	0	1	0	0	1	0	0	0	0	0	0	0	0	0	3	0	2	1	0	2	0	0	0	0	0	0	1	0	9	0	0	0	0	1	1	0	0	0	1	0	0	1	0
T[C>G]G	0	0	0	0	0	0	0	0	0	0	0	0	0	0	0	0	0	0	0	0	0	0	0	0	0	0	0	0	0	0	0	0	0	0	0	0	1	0	0	0	0	0	0	1	0	0	0	0	0	0	0	0	0	0	1	0	0	0	0	0	0	0	0	0	0	0	0	0	0	0	0	0	1	0	0	0	0	1	0	1	0	0	0	1	0	0	0	1	0	1	0	0	0	0	0	0	1	1
T[C>G]T	1	0	2	2	0	0	0	0	0	0	0	0	2	0	1	0	0	0	1	0	0	1	0	1	0	0	0	0	0	0	0	0	0	1	2	0	0	2	0	0	0	0	0	1	0	0	0	0	0	0	0	0	0	0	0	0	1	0	1	0	0	0	0	0	0	0	0	1	0	3	2	4	5	0	2	1	1	1	3	1	0	1	0	7	0	0	0	1	4	2	1	0	0	1	0	0	1	2
T[C>T]A	0	0	0	3	0	0	0	0	0	0	0	0	3	1	2	3	1	0	2	0	3	3	0	0	1	0	0	0	0	2	0	0	0	1	0	1	0	1	0	0	1	0	0	1	0	3	2	1	0	2	0	0	0	0	1	0	1	1	0	0	1	0	0	0	0	0	0	0	0	2	1	1	11	1	3	0	1	0	5	3	3	1	2	7	0	2	2	1	6	2	2	0	0	0	1	1	4	1
T[C>T]C	0	1	0	1	0	1	2	1	0	0	0	0	0	0	1	0	0	0	0	0	4	0	0	0	0	1	0	0	0	1	0	1	0	0	1	0	0	1	0	1	0	1	1	1	0	0	1	0	1	0	1	0	0	0	0	2	2	1	0	0	0	0	1	0	1	0	0	0	0	3	2	1	4	1	1	0	3	0	8	1	2	1	0	2	0	1	0	4	1	2	2	1	1	2	0	1	2	3
T[C>T]G	0	0	0	1	1	2	2	0	0	3	0	1	3	2	1	1	1	6	1	0	0	0	2	1	2	1	0	5	1	3	0	0	1	3	1	1	0	0	0	0	0	2	0	2	0	2	0	0	1	4	0	1	0	0	1	2	0	1	0	1	0	0	0	0	0	0	0	0	0	0	2	1	4	2	6	0	3	3	7	0	12	2	2	2	4	1	4	6	4	2	2	5	2	2	6	3	9	0
T[C>T]T	0	1	0	1	0	1	1	0	0	0	0	0	0	0	1	0	1	1	0	0	5	2	1	3	0	0	0	0	0	0	0	0	0	0	0	0	0	3	1	1	0	0	0	3	0	1	2	0	1	3	0	1	0	1	0	1	0	0	0	0	1	0	1	0	0	0	0	0	0	3	0	3	8	1	0	0	1	0	2	0	4	0	2	8	0	1	2	1	5	0	2	0	0	0	1	1	6	0
T[T>A]A	0	0	0	0	0	1	0	0	0	0	0	0	1	0	1	0	0	1	0	0	0	0	0	0	0	0	0	0	1	0	0	0	0	0	0	0	0	0	0	0	0	0	0	0	0	1	0	0	0	0	0	0	0	0	0	0	0	0	0	0	0	0	0	0	0	0	0	0	0	0	0	0	0	0	0	0	0	1	0	0	0	0	0	1	0	0	0	0	0	0	0	0	0	0	0	0	0	0
T[T>A]C	0	0	0	0	0	1	0	0	0	0	0	0	0	0	0	0	1	0	0	1	0	2	0	0	0	0	0	0	0	0	0	0	0	1	0	0	0	0	0	0	0	0	0	0	0	0	0	0	0	0	0	0	1	0	0	0	0	0	0	0	0	0	0	0	0	0	0	0	0	3	0	0	0	0	0	0	0	0	0	0	1	0	0	0	0	0	0	0	0	0	1	0	0	0	0	0	0	0
T[T>A]G	0	1	0	0	0	0	0	0	1	0	0	0	0	0	0	1	0	0	1	0	0	0	0	0	0	0	0	0	0	0	0	0	0	0	0	0	0	0	0	0	0	0	0	0	1	0	0	0	0	0	0	0	1	0	0	0	0	0	0	0	0	0	0	0	0	0	0	0	0	1	0	0	1	0	0	0	0	0	0	0	0	0	0	0	0	0	0	0	1	0	0	0	0	0	0	0	1	0
T[T>A]T	0	0	0	1	0	0	0	0	0	0	0	0	2	0	0	0	1	0	0	0	2	0	0	0	0	0	0	0	0	0	0	0	0	0	0	0	0	0	0	0	0	2	0	0	0	0	0	0	1	0	0	0	1	0	0	0	0	0	0	0	1	0	0	0	1	0	0	0	0	2	0	0	0	0	0	0	0	0	0	0	0	0	0	0	0	0	0	1	1	0	0	0	0	0	0	0	0	0
T[T>C]A	0	0	0	0	0	0	0	0	1	0	0	0	0	0	0	0	0	0	0	0	0	0	0	0	0	0	0	0	0	0	0	0	0	0	0	0	0	1	0	0	0	0	0	0	0	0	0	0	0	0	0	1	0	0	0	0	0	0	0	0	0	0	0	0	0	0	0	0	0	0	1	0	1	0	0	0	0	0	0	0	0	0	0	2	0	0	0	0	2	0	0	0	0	0	0	0	2	0
T[T>C]C	0	0	0	1	0	1	1	0	0	0	0	0	0	0	0	1	0	1	0	0	1	0	0	2	0	0	0	0	0	1	1	0	0	0	0	0	0	0	0	0	0	0	0	0	0	0	0	0	0	0	0	0	0	0	0	0	0	0	0	0	0	0	2	0	0	0	0	1	0	0	0	0	0	0	0	0	0	0	0	0	1	0	0	1	0	0	1	2	2	1	1	0	0	0	0	1	4	0
T[T>C]G	0	0	0	0	0	0	0	0	0	1	0	0	0	0	0	0	0	0	0	0	0	1	0	0	0	0	0	0	0	0	0	0	0	0	0	0	0	0	0	0	0	0	0	0	0	0	0	0	0	0	0	0	0	0	0	0	0	0	0	0	0	0	0	0	0	0	0	0	0	0	0	0	0	0	0	0	0	0	0	0	2	1	0	1	0	0	0	0	1	1	0	0	1	0	1	1	1	0
T[T>C]T	0	0	0	1	2	0	0	0	6	0	10	0	0	2	1	2	0	0	0	0	0	0	0	0	0	0	0	0	0	0	0	0	0	0	0	0	0	0	0	0	0	0	0	0	0	0	0	0	0	0	0	0	0	0	0	0	0	0	0	0	0	0	0	0	0	0	0	0	0	0	0	1	0	0	1	0	0	2	0	0	0	1	0	1	0	0	1	0	4	2	0	0	0	1	0	1	1	0
T[T>G]A	0	0	0	0	0	0	0	0	0	0	0	0	0	0	0	2	0	1	1	0	0	0	0	0	0	0	0	0	0	0	0	0	0	0	0	0	0	0	0	0	0	1	0	0	0	0	0	0	0	0	0	0	0	0	0	0	0	0	0	0	0	0	0	0	0	0	0	0	0	0	0	0	1	0	0	0	0	0	0	0	0	0	0	0	0	0	0	0	0	0	0	0	0	0	0	0	0	0
T[T>G]C	0	0	0	0	0	0	0	0	0	0	0	0	0	0	0	0	1	0	0	0	0	0	0	0	0	0	0	0	0	0	0	0	0	0	0	0	1	0	0	0	0	0	0	0	0	0	0	0	0	0	0	0	0	0	0	0	0	0	0	1	0	0	0	0	0	0	0	0	0	0	0	0	0	0	1	0	0	0	0	0	0	0	0	0	1	1	1	0	1	0	0	0	0	0	0	0	0	0
T[T>G]G	0	0	1	0	0	0	0	0	0	0	0	0	0	0	1	0	1	0	0	0	1	0	0	0	0	0	0	0	0	0	0	0	1	1	0	0	0	0	0	0	0	0	0	0	0	0	0	0	0	0	0	0	0	0	0	0	0	0	0	0	0	0	0	0	1	0	0	0	0	0	0	0	1	0	0	0	1	0	1	0	0	0	0	0	0	0	0	0	0	0	0	0	2	0	0	0	0	0
T[T>G]T	0	0	0	0	0	0	0	0	0	0	0	0	0	2	0	1	0	0	0	0	1	5	2	0	0	1	0	0	0	0	1	0	0	0	0	0	0	0	0	0	0	0	0	0	0	0	1	0	0	0	0	0	0	0	0	0	0	0	0	0	0	0	0	0	0	0	0	0	0	1	0	0	0	1	0	0	1	0	0	1	1	0	0	0	0	0	0	0	0	0	0	0	0	0	0	0	0	0
