Mutation Type	TCGA-BI-A0VR-01A-11D-A10S-08	TCGA-BI-A0VS-01A-11D-A10S-08	TCGA-BI-A20A-01A-11D-A14W-08	TCGA-C5-A0TN-01A-21D-A14W-08	TCGA-C5-A1BE-01B-11D-A13W-08	TCGA-C5-A1BF-01B-11D-A13W-08	TCGA-C5-A1BI-01B-11D-A13W-08	TCGA-C5-A1BJ-01A-11D-A13W-08	TCGA-C5-A1BK-01B-11D-A13W-08	TCGA-C5-A1BL-01A-11D-A13W-08	TCGA-C5-A1BM-01A-11D-A13W-08	TCGA-C5-A1BN-01B-11D-A14W-08	TCGA-C5-A1M5-01A-11D-A13W-08	TCGA-C5-A1M6-01A-11D-A13W-08	TCGA-C5-A1M7-01A-11D-A13W-08	TCGA-C5-A1M8-01A-21D-A13W-08	TCGA-C5-A1M9-01A-11D-A13W-08	TCGA-C5-A1ME-01A-11D-A13W-08	TCGA-C5-A1MF-01A-11D-A13W-08	TCGA-C5-A1MH-01A-11D-A14W-08	TCGA-C5-A1MI-01A-11D-A14W-08	TCGA-C5-A1MJ-01A-11D-A14W-08	TCGA-C5-A1MK-01A-11D-A14W-08	TCGA-C5-A1ML-01A-11D-A14W-08	TCGA-C5-A1MN-01A-11D-A14W-08	TCGA-C5-A1MP-01A-11D-A14W-08	TCGA-C5-A1MQ-01A-11D-A14W-08	TCGA-DR-A0ZL-01A-11D-A10S-08	TCGA-DR-A0ZM-01A-12D-A10S-08	TCGA-DS-A0VK-01A-21D-A10S-08	TCGA-DS-A0VL-01A-21D-A10S-08	TCGA-DS-A0VM-01A-11D-A10S-08	TCGA-DS-A0VN-01A-21D-A10S-08	TCGA-DS-A1OC-01A-11D-A14W-08	TCGA-EA-A1QT-01A-11D-A14W-08	TCGA-EX-A1H5-01A-31D-A13W-08	TCGA-FU-A23K-01A-11D-A16O-08	TCGA-FU-A23L-01A-11D-A16O-08
A[C>A]A	0	1	0	1	0	0	0	0	0	1	2	0	0	1	1	2	0	1	0	0	0	0	0	0	2	0	0	0	0	0	0	0	0	2	0	0	0	2
A[C>A]C	0	0	0	0	0	1	0	0	0	0	1	1	0	0	1	0	0	0	2	0	0	1	0	0	0	0	0	0	0	1	0	1	2	2	1	1	0	1
A[C>A]G	0	0	0	0	1	0	0	2	1	2	0	0	0	2	0	1	0	0	0	0	0	0	0	0	0	0	0	1	0	0	0	0	0	0	0	0	0	0
A[C>A]T	1	1	0	0	1	0	0	0	0	0	2	1	1	1	0	1	0	1	1	0	0	1	1	0	0	0	0	0	0	0	0	0	0	2	1	0	0	0
A[C>G]A	1	3	0	0	1	1	0	0	0	2	1	0	0	0	1	0	0	0	0	3	0	0	1	0	0	1	1	0	3	0	0	0	0	7	0	0	1	0
A[C>G]C	0	0	0	0	0	1	0	0	0	0	0	0	0	0	0	0	0	0	0	0	0	1	0	0	0	2	0	0	2	0	1	0	0	3	1	0	1	1
A[C>G]G	0	0	0	0	0	0	0	0	0	0	0	1	0	0	0	0	0	0	0	1	1	0	0	0	0	0	0	1	0	0	0	1	0	5	0	0	0	0
A[C>G]T	0	0	0	0	0	0	0	0	0	0	0	0	0	0	1	0	0	0	0	3	1	0	0	0	0	0	0	0	2	1	1	1	0	1	0	0	0	1
A[C>T]A	1	2	1	0	2	1	1	1	1	1	0	2	4	0	3	0	0	2	2	1	0	3	0	2	2	0	1	1	5	0	0	0	2	2	2	0	1	2
A[C>T]C	1	1	0	0	1	2	2	0	1	2	1	0	2	0	0	0	2	1	0	0	0	0	1	0	2	3	0	0	1	0	3	2	2	4	1	1	2	2
A[C>T]G	5	6	3	1	5	2	0	4	2	3	3	5	2	3	4	6	2	3	4	3	2	5	2	2	7	1	1	4	7	5	5	3	0	5	3	5	1	1
A[C>T]T	2	2	0	0	0	1	0	1	1	2	3	1	0	2	0	2	0	3	1	0	0	1	1	0	0	0	1	0	1	1	0	0	2	6	1	0	0	2
A[T>A]A	0	0	0	0	1	0	0	0	0	0	0	0	0	0	0	0	0	0	0	0	0	0	0	0	0	0	0	0	0	1	0	0	0	1	0	0	0	0
A[T>A]C	0	0	0	0	0	0	0	0	0	1	0	0	0	1	1	0	1	0	0	0	1	1	0	1	1	0	0	0	0	0	1	2	0	0	0	0	0	3
A[T>A]G	0	0	1	0	1	1	0	0	0	0	0	0	0	0	0	0	0	0	0	1	0	0	0	0	0	0	0	0	0	0	0	0	1	1	1	0	1	0
A[T>A]T	0	0	0	0	0	1	0	0	0	0	0	0	0	0	0	0	0	0	0	0	0	1	0	0	0	0	0	0	0	1	0	0	0	0	0	0	0	0
A[T>C]A	1	0	0	0	1	1	0	0	0	1	0	0	1	0	1	0	0	3	0	2	0	0	0	0	1	1	0	1	0	0	0	0	2	7	1	0	0	1
A[T>C]C	1	0	2	0	1	0	0	0	1	0	0	0	1	1	0	0	1	0	1	0	0	0	0	1	0	0	0	0	1	0	0	1	0	1	0	1	0	1
A[T>C]G	0	2	0	0	0	0	0	1	0	1	0	1	0	0	0	1	1	0	2	1	0	0	0	0	0	0	0	0	0	0	0	1	0	11	1	0	0	2
A[T>C]T	0	0	1	1	0	0	0	0	0	0	2	1	0	0	0	0	1	0	0	0	1	2	0	1	0	0	0	0	1	1	0	0	2	7	1	0	0	1
A[T>G]A	0	0	0	0	0	0	0	0	0	0	0	1	0	0	1	0	0	0	0	1	0	0	0	0	0	0	0	0	0	0	0	0	0	0	0	0	0	0
A[T>G]C	1	0	0	0	0	0	0	0	0	0	0	0	0	0	0	0	0	0	0	0	0	0	0	0	0	0	0	0	0	1	0	0	0	2	0	0	0	0
A[T>G]G	0	0	0	0	0	0	0	0	0	0	0	0	0	0	0	0	1	0	0	0	0	0	0	0	0	1	0	0	0	0	0	1	0	4	0	0	0	0
A[T>G]T	0	0	1	0	0	0	0	0	0	1	0	0	0	0	0	0	0	1	0	1	0	0	0	0	0	0	0	0	0	0	0	0	1	1	2	0	0	0
C[C>A]A	2	1	0	0	0	0	2	1	3	3	2	3	0	2	2	4	0	2	1	0	0	2	0	1	1	0	1	3	1	2	2	2	1	5	1	0	3	3
C[C>A]C	1	1	0	0	0	0	0	1	0	1	0	0	0	2	1	0	0	0	0	0	0	2	0	3	1	1	3	0	1	2	0	0	1	1	0	2	0	2
C[C>A]G	0	0	0	0	0	0	0	1	1	0	2	0	0	1	0	1	0	0	1	2	1	2	2	2	0	0	1	1	2	0	1	0	1	0	0	0	0	1
C[C>A]T	0	0	0	0	1	0	1	0	0	1	2	2	1	0	1	2	1	2	1	0	0	3	2	2	0	2	1	1	2	0	2	1	0	2	0	2	0	0
C[C>G]A	1	1	0	0	1	0	2	3	0	0	1	0	0	0	1	0	1	1	0	1	0	0	2	0	0	0	0	0	7	1	0	0	1	6	1	0	1	0
C[C>G]C	0	1	1	0	0	0	0	0	0	1	1	1	1	0	0	2	1	0	0	1	0	2	3	0	0	0	0	1	2	0	0	0	0	2	1	0	0	0
C[C>G]G	0	0	0	0	0	0	0	0	0	0	0	0	0	0	0	0	0	0	0	1	2	0	0	0	0	1	0	0	4	1	0	0	0	5	0	0	0	0
C[C>G]T	2	1	1	0	0	0	0	1	0	1	0	1	0	1	0	1	0	0	0	2	0	1	0	0	0	0	0	1	8	1	0	1	1	5	0	0	0	0
C[C>T]A	4	3	3	0	1	0	2	0	5	6	2	2	2	2	2	0	0	1	5	13	1	3	6	1	1	0	1	1	16	2	1	6	2	10	0	1	2	5
C[C>T]C	1	0	1	0	2	0	0	0	0	2	0	1	3	0	1	2	1	0	1	2	0	0	1	0	0	0	1	1	4	3	1	3	0	10	0	0	3	1
C[C>T]G	4	2	3	0	7	4	2	2	7	6	6	5	5	4	3	7	2	6	5	14	6	7	9	4	4	3	3	5	8	5	2	4	5	16	3	4	6	2
C[C>T]T	4	3	1	1	0	0	3	3	1	4	0	2	1	2	1	2	1	1	3	4	0	2	4	2	4	0	1	1	5	1	0	4	1	10	2	1	0	5
C[T>A]A	0	0	0	0	0	0	0	0	0	0	0	1	0	0	0	0	0	0	0	0	0	0	0	0	0	0	0	0	0	0	0	1	0	0	1	0	0	0
C[T>A]C	0	0	0	0	0	0	0	0	1	0	1	0	0	0	0	0	0	1	0	1	1	0	0	0	0	0	0	0	0	0	0	0	0	1	0	0	1	2
C[T>A]G	0	0	1	0	1	0	1	0	0	0	0	0	0	0	2	0	0	0	1	0	0	0	0	0	1	0	0	0	0	0	0	0	0	3	1	0	0	1
C[T>A]T	0	0	1	0	0	0	0	0	0	1	0	0	0	2	0	0	0	1	0	0	0	0	0	0	0	0	1	2	3	1	0	1	0	7	1	0	0	0
C[T>C]A	0	0	0	0	0	0	0	0	0	0	0	0	0	0	1	0	0	0	0	0	0	0	0	0	0	1	1	0	0	0	0	0	0	7	0	0	0	0
C[T>C]C	2	0	0	2	0	0	0	1	0	1	0	2	0	0	0	0	1	2	0	0	0	2	0	0	1	1	1	2	0	2	0	0	0	11	1	0	1	1
C[T>C]G	1	2	0	1	0	1	0	1	1	2	1	1	0	0	0	0	0	0	0	2	1	0	0	0	4	0	0	3	0	0	0	1	1	10	1	1	0	2
C[T>C]T	0	0	0	1	0	2	0	0	0	0	1	0	1	1	2	1	0	2	1	0	0	0	1	0	0	0	0	1	1	2	2	2	1	8	1	0	0	1
C[T>G]A	0	1	0	0	1	0	0	0	0	0	0	0	0	0	0	0	0	0	0	0	0	0	0	0	0	0	0	0	0	0	0	0	0	0	0	0	1	0
C[T>G]C	0	1	0	0	0	1	0	0	1	0	0	0	0	0	1	0	0	0	0	0	0	0	0	0	0	0	0	0	1	0	1	0	0	2	0	0	0	0
C[T>G]G	1	0	0	0	1	0	0	0	0	0	0	1	0	1	0	0	0	0	1	1	0	1	0	1	0	0	0	0	0	0	0	0	0	4	0	0	0	0
C[T>G]T	0	2	0	0	0	0	0	0	1	0	0	1	1	0	0	0	0	0	0	3	0	0	0	0	0	0	0	0	0	1	0	0	0	4	2	0	0	0
G[C>A]A	1	1	3	0	0	1	1	0	1	1	0	0	0	1	0	0	0	1	0	1	0	1	1	1	2	0	0	1	3	0	0	0	0	2	0	1	2	0
G[C>A]C	0	1	0	0	0	0	0	0	1	1	0	2	0	0	1	0	0	1	0	1	1	0	0	2	1	0	0	2	0	0	0	3	0	3	0	1	0	2
G[C>A]G	0	0	0	0	0	0	1	1	0	1	0	0	0	0	0	0	0	0	0	0	0	0	0	0	1	0	0	0	3	0	0	0	1	3	0	0	1	0
G[C>A]T	0	0	0	1	0	1	0	0	0	4	0	0	0	0	1	0	1	1	1	0	0	1	0	0	2	0	0	0	1	0	0	2	1	1	0	0	0	1
G[C>G]A	0	0	0	0	0	0	0	0	1	0	1	0	0	0	0	0	0	0	0	0	0	0	1	0	0	0	0	1	2	0	0	0	1	6	1	0	0	0
G[C>G]C	0	0	0	0	0	1	0	1	1	1	1	0	0	0	0	0	0	0	0	0	0	0	0	0	1	0	0	0	2	0	0	0	2	1	1	0	0	1
G[C>G]G	0	0	0	1	0	0	0	0	0	0	0	0	0	1	0	0	0	0	0	0	0	0	0	0	0	0	0	0	1	0	0	0	0	1	1	0	0	0
G[C>G]T	0	0	0	0	0	0	0	2	2	1	0	0	0	1	0	0	0	0	0	2	1	0	0	0	0	1	0	1	2	1	1	0	0	4	1	0	1	1
G[C>T]A	1	2	3	0	2	3	0	2	3	1	0	0	1	0	1	1	1	2	3	3	0	2	1	1	1	0	2	3	8	2	1	3	1	9	1	0	1	3
G[C>T]C	0	1	1	0	2	3	1	2	1	0	4	2	2	3	2	1	2	4	0	4	0	0	1	3	2	1	1	3	12	5	2	1	5	7	3	7	2	0
G[C>T]G	8	8	4	4	2	3	3	7	6	8	3	1	5	2	3	3	5	2	3	10	4	3	7	1	5	1	2	5	12	2	2	8	6	4	4	4	3	7
G[C>T]T	2	1	0	2	3	0	0	0	0	2	0	0	4	1	1	0	0	0	0	6	1	2	6	0	1	1	4	0	5	3	0	1	0	9	1	1	2	0
G[T>A]A	0	0	0	0	1	0	0	0	0	1	0	0	0	0	0	0	0	0	0	1	0	0	0	0	1	0	0	0	0	0	0	0	0	2	1	0	0	0
G[T>A]C	0	0	0	0	1	0	0	0	0	0	0	0	0	0	0	1	0	0	0	0	0	0	0	1	0	0	0	0	0	0	0	3	0	3	0	0	0	0
G[T>A]G	0	0	0	0	0	0	0	0	0	0	0	0	0	0	0	0	0	1	0	0	0	0	0	1	0	0	0	0	0	0	0	0	0	3	1	1	0	1
G[T>A]T	0	0	0	0	0	0	0	1	0	0	0	0	0	0	0	0	0	0	0	0	0	0	0	0	0	0	0	0	0	0	0	0	0	1	0	0	0	0
G[T>C]A	0	2	0	0	0	0	1	1	0	0	0	1	0	0	1	0	1	0	0	3	1	0	1	0	0	0	0	1	0	0	1	0	0	3	2	0	0	0
G[T>C]C	0	0	0	0	1	1	1	1	0	0	0	0	0	0	0	1	0	0	1	2	0	0	1	0	0	0	0	1	0	0	1	0	0	5	0	0	1	1
G[T>C]G	0	2	0	0	0	0	0	0	0	0	0	0	0	0	0	0	0	2	1	1	0	0	0	0	0	0	0	1	0	0	0	1	1	14	1	1	0	2
G[T>C]T	2	2	0	0	1	0	0	1	0	0	0	1	0	0	0	0	0	1	3	2	0	1	0	0	0	0	0	0	1	0	0	0	3	6	1	1	1	0
G[T>G]A	0	0	0	0	0	0	0	0	0	0	0	0	0	0	1	0	0	0	1	0	0	0	0	0	0	0	0	0	1	0	0	1	0	0	0	0	0	0
G[T>G]C	0	0	0	0	0	1	0	1	0	0	2	0	0	0	0	0	0	0	0	0	0	0	0	0	0	0	0	0	1	0	0	0	0	2	0	0	0	0
G[T>G]G	0	0	0	0	0	0	0	0	0	0	1	0	0	0	0	0	0	0	0	0	0	1	0	0	0	0	0	0	0	0	0	0	0	1	0	1	1	0
G[T>G]T	0	0	0	0	0	0	0	0	0	0	0	0	0	0	0	0	0	1	0	0	0	0	0	0	0	0	0	0	1	0	0	0	1	1	0	0	0	0
T[C>A]A	3	1	1	1	3	1	1	1	6	8	1	5	3	4	2	0	0	1	3	8	2	2	9	0	2	3	2	1	28	5	2	6	0	9	0	0	4	4
T[C>A]C	3	1	1	0	1	0	1	0	2	5	3	0	1	2	2	1	0	1	2	5	2	2	2	2	4	1	1	1	21	3	1	4	1	5	1	0	2	6
T[C>A]G	0	1	0	0	0	0	1	1	0	3	1	1	0	3	1	0	0	2	0	3	1	0	1	0	1	0	0	2	8	0	1	3	0	2	0	1	1	2
T[C>A]T	1	0	0	0	1	3	1	2	5	4	1	1	0	2	4	2	1	0	3	10	1	3	4	0	5	2	1	2	9	1	0	4	2	6	1	1	3	3
T[C>G]A	14	12	1	0	3	19	15	49	25	42	23	7	5	18	13	3	2	1	9	101	5	2	53	9	16	2	2	2	314	11	10	38	15	40	2	0	11	26
T[C>G]C	5	4	0	0	3	3	7	6	12	6	6	1	1	4	3	2	1	2	2	26	2	2	16	0	5	3	3	1	92	5	2	14	6	20	2	0	8	8
T[C>G]G	0	4	1	0	0	0	0	1	0	5	2	1	1	2	1	2	0	0	0	10	0	2	7	0	0	2	1	0	45	2	1	2	4	3	0	0	3	4
T[C>G]T	15	8	2	4	7	13	16	30	17	30	24	10	2	28	19	5	3	2	19	121	7	10	49	7	13	4	6	9	329	15	10	40	11	35	1	1	16	25
T[C>T]A	24	16	8	2	11	7	32	30	44	54	29	6	10	29	25	7	10	4	16	134	10	15	89	11	25	14	6	5	359	36	15	83	30	39	2	3	21	28
T[C>T]C	7	6	0	0	2	4	7	11	15	13	8	1	6	9	7	2	2	5	6	42	3	8	27	4	8	4	2	1	104	9	2	26	11	17	2	2	10	4
T[C>T]G	11	7	3	0	2	5	21	9	24	13	11	3	7	8	8	7	5	11	10	32	4	6	26	6	8	1	3	2	92	19	8	36	15	10	7	7	8	13
T[C>T]T	13	12	6	0	7	7	20	15	18	30	10	3	3	18	10	2	1	3	9	77	4	6	40	6	17	8	4	3	155	24	8	49	21	12	5	4	7	9
T[T>A]A	0	0	1	0	0	0	0	0	0	0	0	1	0	0	0	0	0	0	0	0	0	0	0	0	1	0	0	0	0	0	0	0	0	0	0	0	0	0
T[T>A]C	1	0	0	0	0	0	0	0	0	0	0	0	0	1	0	0	0	1	1	1	0	0	0	1	1	0	0	0	0	0	0	0	0	1	1	0	0	0
T[T>A]G	0	0	1	0	0	0	0	0	0	0	0	0	0	0	0	0	0	0	0	0	0	0	1	0	0	0	0	1	0	0	0	1	0	0	0	0	0	0
T[T>A]T	0	0	0	0	0	0	0	0	0	0	0	0	0	0	0	1	0	0	0	0	0	0	0	0	0	0	0	0	0	0	0	0	0	3	0	0	0	1
T[T>C]A	0	0	0	0	0	0	0	0	1	0	0	0	0	0	0	0	0	0	0	0	0	2	0	1	0	0	0	0	0	0	0	0	0	1	1	0	0	0
T[T>C]C	1	0	1	0	1	0	0	0	0	0	0	1	0	1	0	0	0	0	0	0	0	0	0	1	0	0	0	0	2	0	0	0	1	9	0	0	1	1
T[T>C]G	2	0	0	0	0	0	0	0	0	0	0	0	1	0	0	0	1	1	0	1	0	1	0	0	1	0	0	0	0	0	1	0	0	9	0	1	0	0
T[T>C]T	0	0	0	0	1	0	0	0	0	2	0	0	0	0	2	0	0	3	0	2	0	0	0	1	0	0	0	0	0	1	0	1	0	9	0	0	0	1
T[T>G]A	0	0	0	0	1	0	0	0	0	0	0	0	0	1	0	0	0	0	0	0	0	0	0	1	0	0	0	0	0	0	0	0	0	0	0	0	0	1
T[T>G]C	0	0	0	1	0	0	0	0	0	0	0	1	0	0	0	0	0	0	0	0	0	0	0	1	1	0	0	0	1	0	0	0	0	6	0	0	0	0
T[T>G]G	0	0	0	0	0	0	0	0	0	0	0	0	0	0	0	0	0	0	0	0	0	1	0	1	0	0	1	0	1	0	0	0	0	0	0	1	0	0
T[T>G]T	0	0	0	0	0	0	0	0	0	0	0	0	0	1	0	0	0	0	0	1	0	0	0	0	0	1	0	0	0	0	0	0	0	2	0	0	0	1
