Mutation Type	113368	134398	134413	134417	134421	134426	134427	134430	2334187	2334188	2334189	2334191	2334193	2334195	2334196	2334199	2334201	2334202	585203	585205	585208	585210	585223	585258	585260	585265	585267	585270	585272	585276	631052	631056	631060	631064	631076	631084	631092	98687	98711	98735	H1672	H2171	NCI-H209	S00022	S00050	S00356	S00472	S00501	S00539	S00827	S00830	S00833	S00836	S00837	S00841	S00932	S00933	S00935	S00936	S00943	S00944	S00945	S00946	S00947	S01366	S01453	S01494	S01512	S01563	S01728
A[C>A]A	9	2	7	2	3	1	9	1	5	6	2	4	5	6	9	9	4	2	3	3	18	6	11	7	13	0	2	3	2	8	2	2	2	0	5	1	0	0	0	1	13	4	8	0	7	7	10	3	4	16	2	4	3	4	3	1	2	6	2	9	10	4	4	0	19	7	1	1	4	0
A[C>A]C	8	9	2	0	1	0	14	2	3	1	2	5	1	1	7	3	3	4	1	2	26	9	4	7	13	0	1	5	0	2	5	1	1	2	7	3	1	2	0	0	8	8	9	2	4	2	4	4	6	6	3	2	7	3	5	1	1	3	8	4	9	0	4	0	14	3	0	3	3	1
A[C>A]G	3	2	2	0	1	0	3	5	0	1	1	1	4	2	1	3	3	2	0	3	8	4	2	2	11	1	0	1	0	0	2	3	0	0	5	2	0	0	0	0	5	1	2	2	2	1	2	0	0	1	1	0	2	2	0	0	2	2	0	3	7	1	1	0	3	1	2	4	0	1
A[C>A]T	3	8	4	1	0	1	8	3	4	1	2	4	2	4	8	3	2	1	0	0	13	2	1	6	9	1	2	1	2	2	3	1	3	2	4	1	1	2	1	1	5	2	7	2	6	2	11	3	7	6	0	0	5	3	4	1	2	5	3	3	7	0	2	0	9	0	0	3	0	0
A[C>G]A	3	5	0	0	1	0	4	1	1	0	0	2	0	1	4	2	4	0	0	0	6	0	4	3	0	0	0	1	1	0	0	1	0	0	0	1	1	1	0	1	8	0	3	0	1	1	2	1	1	9	2	2	0	0	3	1	1	2	0	1	1	2	1	0	5	2	0	1	1	0
A[C>G]C	1	2	1	0	0	0	2	1	0	1	2	0	0	2	6	3	2	1	1	2	2	1	1	2	3	0	0	2	1	4	1	0	1	0	1	0	0	0	1	0	2	0	1	1	0	1	1	1	1	2	1	1	1	1	0	1	0	1	0	0	2	0	1	1	1	2	0	1	1	1
A[C>G]G	0	0	0	1	0	0	1	0	1	0	1	0	0	0	2	4	3	2	0	1	1	3	0	0	0	0	1	0	1	1	0	0	0	0	1	1	0	0	0	1	3	2	0	0	1	2	1	1	2	1	0	1	0	1	1	0	1	1	2	1	1	1	0	0	1	1	0	0	0	1
A[C>G]T	0	1	0	0	2	0	3	0	2	2	0	3	1	1	3	1	0	1	1	2	3	2	2	1	1	0	2	1	0	2	2	2	0	2	0	1	2	1	0	0	0	1	3	1	2	2	5	0	2	4	1	0	2	2	0	0	5	0	1	1	5	1	1	0	1	0	0	5	2	1
A[C>T]A	1	4	2	1	1	0	1	0	6	1	1	4	1	5	2	4	1	3	0	0	4	5	1	2	5	0	0	0	0	1	1	0	1	0	0	4	2	0	1	0	5	1	6	4	1	2	5	1	1	8	2	1	4	2	4	0	0	1	5	3	6	1	4	1	5	1	0	5	3	0
A[C>T]C	0	6	2	0	0	1	3	3	1	0	0	5	1	1	1	1	1	0	0	1	2	1	3	2	2	0	0	0	0	0	0	1	1	0	1	0	2	0	0	0	5	1	3	1	1	2	2	1	0	2	2	0	2	0	2	0	0	3	11	2	4	1	1	1	1	5	1	5	0	1
A[C>T]G	1	1	1	0	0	2	2	4	0	2	0	1	1	5	1	2	0	1	0	2	2	1	7	1	3	0	2	0	0	1	2	1	1	0	1	2	0	0	3	2	2	1	3	3	1	3	0	17	1	2	1	2	2	2	0	0	0	0	18	0	1	1	2	0	3	3	1	2	2	1
A[C>T]T	1	4	1	1	1	0	1	0	2	1	1	5	0	1	1	0	2	1	0	1	3	0	0	1	2	0	2	2	0	2	2	0	1	0	0	1	0	1	0	0	2	2	7	5	1	2	1	3	0	3	2	4	3	0	2	0	2	1	2	1	4	3	1	0	5	2	0	2	1	0
A[T>A]A	1	3	0	1	0	1	2	0	0	1	0	0	1	0	3	2	3	1	0	0	1	1	1	1	0	0	0	1	0	1	0	1	0	0	2	1	1	1	0	0	3	2	7	1	0	0	4	0	1	3	1	1	1	0	1	0	0	2	2	2	2	0	0	0	1	1	1	2	3	0
A[T>A]C	1	4	2	1	0	0	1	1	1	0	0	0	1	1	1	4	1	0	0	0	4	0	4	2	3	0	1	0	1	0	0	0	0	0	1	2	1	1	0	1	1	0	2	1	1	1	0	1	1	2	0	2	1	0	2	0	0	0	5	3	1	0	0	0	2	1	0	0	1	0
A[T>A]G	1	3	0	2	0	0	6	2	1	1	2	2	0	0	0	4	1	0	0	0	6	0	2	2	2	0	0	3	0	3	0	0	1	1	2	0	0	2	0	1	3	0	2	1	4	0	4	3	2	0	3	3	6	1	5	0	3	3	1	2	4	0	2	0	2	5	0	3	2	0
A[T>A]T	1	6	0	0	0	0	1	2	1	1	1	0	0	1	0	3	0	0	0	2	0	0	2	0	1	0	0	1	1	0	1	1	0	1	1	2	0	1	1	0	3	1	3	0	0	0	0	3	0	0	0	1	2	1	1	1	1	0	2	1	2	0	0	1	1	1	0	1	1	2
A[T>C]A	2	9	3	3	2	0	2	0	1	3	5	3	1	1	1	3	5	0	1	1	8	1	4	4	2	0	1	2	2	1	0	1	3	0	3	4	3	2	0	5	2	1	13	1	3	5	8	5	5	5	2	2	5	4	6	0	2	2	8	4	5	5	1	0	11	5	2	1	4	1
A[T>C]C	1	4	1	0	0	1	0	2	0	1	0	3	1	1	1	1	0	1	0	0	0	0	0	0	5	0	0	0	0	1	0	2	0	0	0	2	2	0	0	0	0	0	4	1	1	2	1	2	0	2	0	1	2	0	1	3	2	1	4	1	1	0	0	0	0	1	0	0	1	0
A[T>C]G	4	7	3	3	0	2	8	3	3	1	3	4	4	1	6	4	3	1	0	2	4	2	0	2	0	1	3	1	1	5	1	2	4	0	4	0	1	1	1	1	7	4	4	3	4	3	4	14	5	10	1	2	3	4	8	0	0	6	5	6	5	5	4	1	8	4	0	4	5	1
A[T>C]T	3	3	1	4	0	1	3	1	0	2	0	4	2	0	4	5	0	2	0	0	3	3	2	2	1	2	1	1	0	2	2	0	1	0	0	0	0	3	2	0	1	1	6	1	2	0	2	4	5	4	1	1	2	2	2	2	1	2	5	2	2	3	1	0	0	1	1	3	2	0
A[T>G]A	1	1	0	0	0	0	1	0	0	0	0	0	0	0	0	0	0	0	0	0	3	0	0	0	0	0	0	0	0	0	1	0	0	0	0	1	0	0	0	0	0	0	2	0	2	0	1	1	0	1	0	0	0	0	0	0	1	0	0	1	0	0	0	0	0	0	0	0	0	0
A[T>G]C	1	1	0	1	0	0	0	0	1	0	1	0	0	0	0	0	0	0	0	1	1	1	0	0	0	0	0	0	0	0	0	0	0	0	0	0	1	0	0	0	1	1	1	0	0	0	1	0	0	0	0	2	2	1	1	1	1	0	1	1	0	2	0	0	2	1	0	0	1	0
A[T>G]G	2	1	0	1	0	0	2	0	1	0	0	2	0	0	1	0	1	0	0	0	3	0	0	0	1	0	0	0	1	0	0	0	0	0	0	0	1	1	0	1	0	0	1	0	1	0	1	1	0	0	0	0	1	2	0	0	0	1	1	0	0	0	0	0	1	1	0	1	0	0
A[T>G]T	0	0	2	0	0	0	0	0	0	0	2	1	0	1	0	1	0	0	0	0	0	0	0	0	0	0	2	0	0	1	0	0	0	0	0	1	2	0	1	0	1	0	3	2	0	0	0	2	0	0	0	1	0	0	0	0	1	1	1	0	0	0	0	0	1	0	0	2	0	0
C[C>A]A	5	6	10	3	1	1	10	2	2	6	3	9	3	3	12	14	6	11	4	5	44	7	5	10	22	0	9	3	0	1	4	1	1	1	6	2	1	2	1	2	19	6	11	2	11	7	15	7	11	12	9	11	18	8	11	2	6	7	18	12	21	8	17	3	22	10	1	11	6	0
C[C>A]C	10	16	8	3	1	1	8	4	8	4	1	6	3	6	5	16	5	5	3	2	31	10	8	9	17	0	4	4	1	4	5	9	0	3	20	3	1	1	0	5	14	6	12	3	8	7	11	10	8	18	9	8	11	5	15	2	4	9	19	8	11	7	5	2	25	5	0	7	6	2
C[C>A]G	5	4	2	0	2	0	6	2	0	2	1	0	0	4	4	8	2	1	0	2	14	6	1	5	10	0	2	0	0	0	1	5	0	0	2	3	3	0	0	1	8	2	8	2	1	5	7	4	5	7	3	3	10	3	12	2	7	3	7	3	11	2	5	2	8	6	0	7	4	0
C[C>A]T	9	6	6	3	1	0	14	1	5	5	3	9	5	7	15	6	8	3	1	2	35	3	3	11	17	0	6	2	3	5	3	6	0	2	4	1	4	4	1	2	9	5	9	0	3	2	6	15	8	14	3	7	6	3	4	0	4	3	14	8	9	4	6	2	12	8	2	6	4	1
C[C>G]A	1	1	2	0	1	0	1	0	1	2	1	1	0	0	0	5	0	2	0	1	5	0	2	0	1	0	2	0	1	1	1	1	0	0	3	0	0	0	0	0	5	2	4	1	2	0	3	3	3	1	2	1	4	3	2	0	0	1	1	3	4	1	6	1	5	2	1	3	1	0
C[C>G]C	1	1	1	1	0	0	1	1	1	0	1	2	1	1	2	1	0	0	1	2	5	3	1	3	2	0	1	1	1	0	0	1	1	0	0	0	0	0	0	1	3	0	3	1	1	0	2	0	0	6	1	0	7	2	3	1	2	1	1	6	7	1	2	0	3	2	0	0	1	0
C[C>G]G	0	3	1	0	2	0	2	0	0	1	1	1	0	0	2	0	0	0	0	0	4	0	3	1	3	0	0	0	0	1	0	0	1	1	1	0	0	2	0	0	1	1	3	1	2	0	2	2	3	2	0	0	1	0	1	1	2	0	2	2	6	1	2	1	2	1	0	1	0	1
C[C>G]T	2	3	0	1	0	0	4	1	4	2	0	2	5	2	2	2	0	4	0	3	9	0	3	1	4	0	1	0	2	2	0	0	2	1	2	1	2	0	1	1	4	2	3	3	4	2	3	0	0	1	1	4	3	1	3	0	0	3	3	0	2	1	0	1	9	2	1	2	2	1
C[C>T]A	6	5	2	1	3	1	7	3	5	5	3	4	4	3	8	7	4	3	1	5	7	1	2	0	4	2	2	1	3	3	2	3	0	1	2	0	1	1	1	1	12	2	11	4	3	3	9	3	5	7	5	5	9	1	6	3	5	1	5	5	5	3	4	0	6	1	3	7	2	4
C[C>T]C	3	5	5	1	3	0	6	2	4	3	4	3	2	4	4	4	1	1	0	2	6	2	4	2	5	1	0	2	0	3	1	2	3	0	2	0	5	1	0	0	7	10	6	3	7	3	4	6	3	6	4	4	4	2	4	2	3	2	11	6	3	4	1	0	8	3	0	6	5	1
C[C>T]G	1	1	2	1	0	0	2	4	3	4	2	1	3	0	2	3	3	4	0	2	7	3	2	0	3	10	4	2	3	1	3	3	2	1	0	3	1	1	2	0	7	1	4	3	4	1	3	5	0	1	5	3	2	4	5	0	1	0	20	1	5	1	3	2	8	4	2	3	1	1
C[C>T]T	1	6	5	3	2	0	4	1	2	2	1	3	3	0	6	3	3	5	0	1	7	1	2	4	4	0	1	0	0	2	0	2	2	1	3	0	0	1	0	1	13	6	8	5	1	3	8	7	8	6	2	2	7	2	2	1	2	6	5	7	5	3	0	2	11	3	3	3	7	3
C[T>A]A	1	2	0	0	0	0	4	0	0	0	0	0	0	1	1	0	0	1	0	1	0	0	1	2	1	0	0	1	1	0	0	0	0	0	0	2	0	1	0	0	2	0	3	0	1	2	1	2	1	2	1	2	3	0	0	1	0	1	2	1	4	3	1	1	3	0	0	0	0	0
C[T>A]C	4	0	1	0	0	0	2	1	2	0	1	3	2	2	5	9	1	3	0	2	6	1	1	1	3	0	3	2	1	1	2	1	1	0	4	1	1	0	0	1	4	2	2	0	0	0	4	3	3	4	1	3	3	2	2	0	1	2	5	1	3	1	0	0	7	4	1	1	1	1
C[T>A]G	7	4	3	1	0	0	9	3	2	5	1	4	5	1	5	4	4	4	1	3	16	2	5	6	6	0	3	2	2	1	1	2	2	1	4	0	2	0	1	1	3	7	4	4	3	2	6	5	7	11	5	4	1	2	10	0	3	6	5	5	8	4	5	2	12	4	1	3	3	0
C[T>A]T	1	5	2	2	0	1	4	1	2	3	2	4	2	2	1	2	0	4	1	2	7	2	1	5	3	0	1	1	1	0	0	2	0	0	1	0	5	2	3	0	4	3	1	2	1	1	0	1	5	9	1	1	0	0	4	0	2	0	1	2	4	3	0	0	3	2	0	1	3	0
C[T>C]A	2	0	1	0	1	0	1	1	0	1	0	1	2	1	2	2	2	0	0	4	4	1	0	2	2	0	0	0	0	2	1	0	0	0	1	0	0	0	0	0	2	2	4	0	1	2	1	3	3	2	3	2	2	3	0	1	0	0	4	1	3	2	1	1	4	1	1	3	0	0
C[T>C]C	2	1	0	0	1	0	0	0	0	2	0	4	1	1	1	1	1	2	0	0	1	0	0	1	2	0	0	1	0	0	0	0	4	2	0	0	1	0	0	1	2	2	3	0	1	0	3	5	1	2	1	0	1	0	1	0	1	2	5	2	1	3	0	0	2	2	0	3	0	0
C[T>C]G	3	6	1	0	0	2	3	2	2	1	5	3	3	2	6	5	2	2	0	5	4	2	3	2	2	0	1	0	0	2	1	1	0	0	3	1	1	1	1	1	4	2	3	2	3	3	5	22	7	2	2	4	4	4	0	4	2	1	13	3	5	2	3	1	6	4	1	4	3	1
C[T>C]T	2	2	2	1	0	0	0	1	1	2	2	2	1	2	2	5	0	1	0	2	0	0	1	0	0	0	1	1	0	2	1	1	1	1	0	1	0	0	1	0	6	4	6	2	0	0	1	4	4	1	1	4	1	1	3	1	1	1	3	2	4	2	1	0	8	1	1	5	5	1
C[T>G]A	0	0	0	0	0	0	1	0	0	0	2	0	0	0	1	0	1	0	0	0	1	0	0	0	0	0	0	0	0	1	0	1	0	0	0	0	0	0	0	1	0	0	0	0	0	0	0	0	1	0	0	0	0	1	0	0	0	0	0	0	0	0	0	0	0	1	0	1	0	0
C[T>G]C	0	2	0	0	1	0	1	0	2	0	0	1	0	1	0	0	0	1	0	0	0	0	0	1	0	0	0	0	0	2	0	2	0	1	0	0	0	0	0	0	0	2	1	0	0	0	2	2	0	2	0	0	0	2	0	1	0	0	1	1	2	1	0	0	0	0	0	2	1	0
C[T>G]G	1	1	0	0	1	0	1	1	1	1	0	0	1	0	2	1	1	0	1	2	3	1	2	1	1	0	1	0	1	1	3	1	0	0	2	0	1	0	1	0	0	1	1	0	1	0	0	1	4	1	3	0	2	1	2	0	1	1	0	0	0	1	0	1	5	3	0	1	0	0
C[T>G]T	1	1	0	2	0	0	1	1	2	1	1	3	2	0	1	2	0	2	0	2	4	0	0	1	0	0	0	1	1	0	1	0	0	3	0	1	0	1	0	0	3	0	1	0	0	1	1	0	2	0	0	0	0	0	1	0	1	0	3	1	0	0	1	1	3	1	0	1	1	0
G[C>A]A	8	5	5	1	1	0	4	4	4	4	1	5	6	5	7	6	5	6	0	3	14	2	0	4	6	0	4	2	2	1	4	1	6	0	2	6	2	4	2	0	3	3	14	3	2	3	9	2	9	7	7	2	15	4	6	0	7	4	3	10	10	6	4	0	13	4	1	6	4	2
G[C>A]C	7	10	4	2	1	0	8	3	8	6	2	8	4	1	11	10	6	5	1	3	14	8	5	9	12	0	6	5	1	7	1	3	4	3	8	3	0	0	1	3	11	7	6	2	8	4	10	6	4	9	7	4	10	4	6	3	1	6	8	6	14	2	10	0	13	6	2	4	4	2
G[C>A]G	5	5	5	1	2	0	5	0	0	1	4	4	2	0	4	5	2	0	1	2	13	3	5	8	7	0	2	3	0	1	3	2	2	0	5	1	3	1	2	1	5	0	6	3	3	2	5	3	2	6	5	2	3	4	4	0	2	2	5	3	8	4	2	1	7	5	0	1	2	2
G[C>A]T	6	10	2	0	1	0	4	2	4	5	2	5	6	0	4	9	0	2	1	3	15	3	5	4	7	1	2	4	1	2	0	4	4	1	2	3	0	2	3	1	5	2	7	2	6	3	6	6	2	5	3	2	4	3	11	3	5	0	15	3	7	3	3	1	12	4	0	3	6	1
G[C>G]A	2	3	1	0	0	0	6	1	0	1	3	0	0	2	3	4	1	2	1	1	6	2	2	1	4	0	0	1	1	1	0	0	2	1	2	0	2	0	0	0	2	1	3	2	1	1	3	3	0	1	2	0	1	2	2	0	1	1	3	1	2	0	1	0	3	0	0	0	0	1
G[C>G]C	2	3	0	1	0	1	3	0	1	3	1	4	1	0	1	3	2	2	0	2	12	2	4	5	5	0	2	5	0	1	1	1	0	0	1	0	0	3	0	0	2	1	2	0	2	1	6	2	1	4	0	0	1	2	2	1	2	2	1	2	2	0	2	0	6	3	1	1	2	0
G[C>G]G	2	1	0	0	0	0	4	0	0	3	0	1	1	0	0	0	3	1	0	1	3	1	1	3	3	0	2	0	0	0	0	1	0	0	0	0	1	0	0	0	2	1	9	0	1	1	0	0	2	0	1	0	3	2	1	0	1	1	3	3	2	1	0	0	0	0	1	1	0	0
G[C>G]T	2	0	1	0	0	0	1	0	3	2	0	0	2	0	2	2	0	0	0	0	3	1	0	2	5	0	0	1	1	0	1	0	0	0	0	1	0	0	1	0	0	3	4	0	2	1	4	2	2	2	0	0	2	0	1	2	1	0	2	0	0	1	2	1	1	1	0	1	0	0
G[C>T]A	3	2	2	3	0	1	3	4	4	1	0	4	5	2	3	2	1	4	0	0	5	0	2	7	4	1	1	3	4	2	2	2	0	0	0	2	1	0	2	1	5	4	7	1	2	3	3	6	3	4	1	6	7	2	7	0	2	4	17	4	6	4	2	0	10	2	1	1	3	0
G[C>T]C	0	5	4	2	1	1	3	1	6	1	2	7	5	1	3	3	5	3	1	0	4	4	1	1	2	0	1	2	0	5	3	0	0	0	2	1	3	0	3	1	4	2	5	3	1	0	5	12	2	8	2	1	2	2	2	3	2	1	55	2	4	3	6	3	5	2	2	1	3	1
G[C>T]G	0	3	0	1	0	1	3	0	4	2	2	2	1	1	4	1	3	4	3	1	8	4	5	1	4	1	1	3	2	0	0	2	0	0	2	0	3	0	3	0	4	0	11	2	1	0	4	26	0	0	1	1	4	5	3	0	0	0	236	2	0	1	1	0	4	2	0	3	0	1
G[C>T]T	0	4	0	0	1	0	5	0	1	0	3	0	5	1	0	3	2	1	2	2	5	1	2	0	7	0	4	1	0	1	2	0	0	1	1	1	2	0	0	0	4	0	5	6	2	1	4	6	3	3	0	0	2	5	7	1	1	2	32	7	7	1	2	1	5	4	0	2	1	0
G[T>A]A	3	2	1	1	0	0	4	0	2	1	0	1	0	2	0	0	1	1	0	0	3	1	0	1	1	0	1	1	1	2	1	0	2	1	0	1	3	1	1	0	3	2	2	0	1	0	1	3	1	2	0	1	5	0	1	2	0	1	0	5	3	3	0	0	6	2	0	0	0	0
G[T>A]C	1	0	2	2	1	0	2	1	1	2	2	3	2	0	0	1	1	0	0	0	4	2	1	0	0	0	0	0	1	0	0	0	0	0	0	1	0	0	1	1	4	1	3	1	1	1	0	0	1	1	0	0	1	0	1	0	1	0	1	0	1	1	1	0	4	1	1	3	0	0
G[T>A]G	1	5	0	1	1	0	1	2	2	0	4	2	0	0	3	0	2	0	0	1	11	1	2	2	2	0	1	1	1	0	0	3	1	1	2	1	1	0	2	0	6	1	4	3	3	2	3	2	2	10	1	0	5	1	4	0	2	1	4	2	3	1	1	0	9	8	1	1	5	1
G[T>A]T	1	2	0	2	1	1	2	1	2	0	1	2	0	1	5	2	0	1	0	1	3	1	2	0	1	1	1	1	0	1	2	0	0	1	2	1	1	1	0	1	4	1	0	1	2	0	1	2	0	2	1	2	1	0	2	0	2	1	3	2	2	2	2	0	3	1	0	0	0	0
G[T>C]A	2	3	0	3	0	0	3	1	2	2	4	3	1	3	10	5	2	1	0	0	7	0	0	2	1	0	3	0	2	3	1	0	2	0	1	1	1	0	1	1	5	2	10	0	3	1	7	5	0	8	3	1	6	3	6	0	3	1	6	4	7	1	2	0	2	1	0	5	6	0
G[T>C]C	1	1	1	0	1	0	2	1	0	0	2	4	1	1	2	1	3	0	0	2	0	0	1	0	0	0	0	0	0	0	2	0	0	0	1	1	0	0	0	0	2	0	3	1	0	1	0	5	1	5	1	0	0	0	1	0	0	0	33	1	0	1	5	2	3	4	0	2	0	0
G[T>C]G	1	4	0	0	1	0	3	1	1	0	3	6	1	0	3	0	0	1	0	2	4	1	1	0	2	0	3	1	1	1	2	0	1	0	2	2	1	0	2	2	3	3	4	2	3	1	6	8	2	3	3	0	1	1	2	0	0	1	12	3	2	2	1	0	4	4	0	5	1	2
G[T>C]T	0	0	1	0	1	1	3	1	2	0	0	2	6	0	2	1	1	0	0	1	1	0	2	1	0	0	0	0	0	2	1	0	1	0	1	0	0	1	1	0	2	1	8	1	2	0	2	2	1	1	0	3	1	1	1	1	0	0	8	3	2	4	1	0	1	2	0	0	0	0
G[T>G]A	1	2	1	0	0	0	4	0	0	0	0	1	0	0	1	0	0	1	0	1	2	0	0	0	0	0	0	0	0	0	0	0	0	0	2	0	0	0	0	0	0	0	0	0	0	0	1	2	0	1	0	0	0	1	0	0	0	0	0	0	0	0	0	2	1	0	0	0	0	0
G[T>G]C	0	0	0	0	0	0	2	0	1	0	0	1	0	0	0	0	0	0	0	0	1	0	0	1	0	0	0	0	0	0	0	0	0	0	0	0	0	0	0	1	0	0	0	0	0	0	0	1	1	0	2	0	0	0	1	0	0	0	3	0	0	0	0	0	3	0	0	0	0	0
G[T>G]G	0	0	1	0	0	0	1	0	0	0	0	2	0	0	0	0	0	0	1	0	1	0	1	1	4	0	0	0	0	0	0	0	0	0	0	0	0	0	0	0	1	1	1	0	1	1	0	4	1	1	2	0	3	0	1	1	0	1	2	0	0	0	2	1	3	1	0	0	4	1
G[T>G]T	0	0	1	0	0	0	1	0	0	0	1	2	0	0	1	1	1	2	0	1	1	0	1	0	0	0	1	1	1	1	1	1	1	0	0	0	0	0	0	0	1	0	0	1	0	0	0	4	0	1	0	0	0	0	1	0	0	0	15	0	1	1	1	0	0	0	0	1	0	0
T[C>A]A	6	5	7	2	0	0	7	3	5	2	1	4	5	1	6	10	5	1	1	1	24	6	2	10	9	1	5	1	1	0	5	7	2	2	4	0	2	2	3	1	7	7	9	2	7	1	8	2	7	13	3	4	5	1	6	1	2	3	7	3	6	7	8	0	17	4	1	5	4	2
T[C>A]C	12	8	5	2	0	2	13	5	4	3	1	9	2	6	11	16	4	6	1	3	27	7	3	10	12	0	7	5	2	7	9	6	7	4	11	4	1	1	2	4	18	10	6	2	6	4	16	5	8	18	3	7	9	2	9	1	3	6	8	17	15	3	11	1	17	6	1	5	9	2
T[C>A]G	1	8	0	2	0	0	7	0	1	0	1	2	1	4	3	4	3	0	1	4	4	2	4	4	2	0	2	5	0	2	0	1	1	0	2	1	1	0	1	0	3	3	1	2	2	2	2	1	2	6	0	1	6	3	3	0	0	2	5	2	5	2	3	0	6	3	1	3	1	0
T[C>A]T	6	6	9	1	0	0	13	2	7	4	0	3	8	4	12	8	5	1	0	5	15	1	0	14	10	0	5	0	3	1	2	5	0	0	7	8	2	3	2	1	6	3	18	1	4	4	6	7	9	15	6	4	5	3	8	1	0	3	9	7	13	3	7	1	21	2	1	2	3	1
T[C>G]A	5	2	8	1	0	0	6	3	1	1	2	8	6	0	2	5	3	2	0	2	19	3	2	1	1	0	9	0	0	2	1	2	0	1	5	1	0	0	1	0	2	3	5	0	2	2	1	6	2	7	2	6	5	1	2	1	4	3	1	2	1	3	0	2	6	3	0	4	2	1
T[C>G]C	2	5	7	2	0	0	4	3	3	2	5	4	0	3	4	9	2	2	0	4	14	2	6	2	4	1	3	1	0	2	3	3	1	2	0	0	2	1	0	0	5	1	6	0	1	1	4	6	1	7	2	2	3	2	5	2	1	4	5	2	3	1	2	1	8	5	0	3	3	0
T[C>G]G	1	1	0	0	0	1	0	1	1	0	0	1	1	0	1	0	0	1	0	0	5	1	2	0	0	0	0	0	0	2	0	0	0	0	1	0	0	1	0	0	3	0	1	0	2	0	0	0	2	1	0	4	2	0	2	1	1	0	0	0	4	0	0	0	3	0	0	0	2	1
T[C>G]T	7	1	7	3	0	2	1	9	2	4	2	8	1	3	5	3	1	6	0	6	22	9	4	3	4	0	13	2	2	1	3	6	1	0	5	1	2	1	1	1	3	4	3	4	2	1	3	8	5	6	2	3	11	2	1	1	3	1	1	3	4	0	4	2	7	5	1	7	1	1
T[C>T]A	5	5	6	1	0	2	7	6	2	5	2	10	0	1	3	6	1	2	0	2	22	9	1	4	7	1	6	4	1	5	0	5	3	0	3	4	5	2	3	0	6	3	6	4	6	2	6	1	4	9	1	6	5	2	4	3	3	1	10	5	7	3	3	1	8	5	1	5	2	2
T[C>T]C	1	6	7	1	0	0	9	5	4	6	2	15	2	3	3	8	2	6	0	3	8	2	2	4	4	0	7	0	2	3	2	2	1	1	3	2	1	0	0	1	5	2	9	2	1	5	3	6	7	4	4	8	4	3	5	2	3	1	7	2	11	5	1	0	8	3	2	4	6	4
T[C>T]G	1	2	0	0	0	2	0	1	2	4	1	4	1	2	2	1	1	2	1	0	9	5	1	0	1	1	9	1	2	4	1	5	1	0	0	1	1	0	1	2	1	1	0	1	0	2	1	7	1	3	0	2	1	1	1	1	0	0	6	1	1	2	3	0	2	4	0	4	1	1
T[C>T]T	2	3	3	1	0	0	3	3	2	1	2	16	3	6	7	0	1	1	1	2	11	6	0	3	5	0	4	4	1	1	2	1	1	0	1	1	1	1	1	0	2	1	3	2	8	1	2	5	5	4	5	1	6	3	1	3	6	2	3	4	5	3	5	3	9	3	1	3	3	1
T[T>A]A	1	3	0	0	0	0	2	0	0	0	0	2	0	0	1	1	1	0	0	1	3	0	0	2	0	0	0	0	0	3	1	1	2	0	0	1	0	2	0	0	3	2	2	2	2	0	0	2	0	2	0	2	3	0	1	0	0	0	0	1	3	2	1	0	5	0	0	1	2	0
T[T>A]C	3	1	0	0	1	0	3	2	0	0	2	1	1	1	4	0	0	0	0	1	4	1	1	4	1	0	0	1	2	0	0	1	0	0	0	0	1	0	0	0	2	0	2	1	0	2	2	2	1	2	0	1	0	0	1	1	1	2	2	1	4	1	0	0	1	1	0	1	2	1
T[T>A]G	0	3	2	0	0	0	0	1	1	2	1	1	1	0	2	1	1	0	0	3	5	0	0	1	0	0	2	1	0	2	0	0	1	0	2	2	1	0	0	0	2	0	2	1	0	1	4	1	1	2	0	2	4	1	2	2	2	0	1	4	4	1	1	1	3	2	0	0	0	0
T[T>A]T	0	1	1	1	0	0	2	0	2	0	1	5	0	0	1	5	0	1	0	0	4	1	0	1	0	0	2	0	0	0	0	0	1	0	1	1	1	0	0	0	1	0	1	1	1	0	5	2	1	4	0	0	0	2	0	0	1	0	0	1	2	2	2	0	3	1	1	1	3	0
T[T>C]A	1	1	0	0	0	0	1	2	1	0	1	2	0	1	0	4	1	1	1	1	3	0	0	0	0	0	0	1	0	2	0	1	0	0	1	0	0	0	0	0	2	0	9	3	1	2	2	0	1	1	1	0	1	1	2	0	0	1	5	2	0	0	2	1	2	4	0	2	0	3
T[T>C]C	2	0	0	0	0	0	0	0	2	2	0	2	0	2	2	2	2	1	0	0	2	1	0	1	1	0	1	1	0	1	0	1	1	0	0	0	1	0	0	0	1	0	3	1	0	0	2	1	1	2	1	0	2	1	0	2	0	0	7	1	1	0	1	1	5	2	1	1	1	1
T[T>C]G	3	1	1	0	1	0	1	1	0	0	0	0	2	1	0	3	1	0	0	0	2	0	2	1	2	0	0	2	0	1	1	0	0	0	1	1	1	0	1	0	2	0	2	0	2	2	3	3	1	2	1	1	4	0	1	1	3	0	3	3	2	0	2	0	2	2	1	1	2	1
T[T>C]T	3	3	0	0	0	0	0	0	0	0	0	1	1	1	2	0	1	1	0	1	0	0	2	0	1	0	3	0	0	0	0	0	1	0	0	2	0	1	0	0	1	0	5	1	1	2	1	4	0	2	1	0	1	0	1	1	0	0	3	0	3	0	2	0	6	2	0	1	0	0
T[T>G]A	0	0	0	1	0	0	0	0	0	0	0	3	0	0	1	1	0	0	0	0	0	0	0	0	0	0	0	0	0	0	0	0	1	0	0	1	0	0	0	0	1	0	3	0	1	0	0	0	0	0	0	0	0	1	0	0	1	0	0	0	1	0	1	0	2	0	0	0	0	0
T[T>G]C	0	0	1	0	1	1	1	2	2	1	0	0	1	2	0	0	1	0	0	0	0	0	0	0	0	0	0	0	0	0	0	0	0	0	0	0	1	0	0	0	0	0	0	1	1	1	0	1	1	1	0	1	0	0	0	1	1	0	0	1	0	1	0	0	1	0	0	0	1	0
T[T>G]G	0	2	0	1	0	0	3	1	1	0	0	0	0	0	3	0	1	1	0	0	1	0	0	1	2	0	0	0	0	0	1	0	0	0	1	1	0	0	0	0	2	0	0	0	0	0	0	0	1	0	1	1	1	1	0	0	0	1	1	1	1	0	0	1	2	0	0	0	2	0
T[T>G]T	1	0	0	1	0	0	2	2	1	1	2	1	0	0	1	3	0	1	0	1	3	2	0	0	0	0	1	1	1	0	0	1	2	0	0	1	0	0	0	0	0	0	2	0	0	0	0	2	0	1	0	0	0	1	0	0	0	1	1	1	1	1	0	0	2	2	0	0	1	1
