Created graph
0.1
[7.76456e+18, 0, 0]
1e-05
[7.76456e+18, 100.18188, 0]
1e-09
[7.76456e+18, 100.18188, 241.77293]
[-7.0, -5, -3.0]
1e-07
[231.27989, 0, 0]
1e-05
[231.27989, 100.97153, 0]
0.001
[231.27989, 100.97153, 106.69212]
[-6.0, -5, -4.0]
1e-06
[117.40198, 0, 0]
1e-05
[117.40198, 96.75804, 0]
0.0001
[117.40198, 96.75804, 106.30207]
[-5.5, -5, -4.5]
3.162277660168379e-06
[100.2842, 0, 0]
1e-05
[100.2842, 104.61701, 0]
3.1622776601683795e-05
[100.2842, 104.61701, 100.90806]
[-5.75, -5.5, -5.25]
1.778279410038923e-06
[104.010315, 0, 0]
3.162277660168379e-06
[104.010315, 101.7499, 0]
5.623413251903491e-06
[104.010315, 101.7499, 100.43505]
[-5.375, -5.25, -5.125]
4.216965034285822e-06
[102.39391, 0, 0]
5.623413251903491e-06
[102.39391, 100.60758, 0]
7.498942093324558e-06
[102.39391, 100.60758, 100.90085]
[-5.3125, -5.25, -5.1875]
3 25
Score: 100.60758
5.623413251903491e-06 0
Time 6131.615607976913
