Created graph
0.1
[inf, 0, 0]
1e-05
[inf, 100.03161, 0]
1e-09
[inf, 100.03161, 286.8097]
[-7.0, -5, -3.0]
1e-07
[270.9756, 0, 0]
1e-05
[270.9756, 97.557816, 0]
0.001
[270.9756, 97.557816, 208.99258]
[-6.0, -5, -4.0]
1e-06
[135.13693, 0, 0]
1e-05
[135.13693, 98.55911, 0]
0.0001
[135.13693, 98.55911, 108.040016]
[-5.5, -5, -4.5]
3.162277660168379e-06
[101.65835, 0, 0]
1e-05
[101.65835, 97.96091, 0]
3.1622776601683795e-05
[101.65835, 97.96091, 101.37566]
[-5.25, -5, -4.75]
5.623413251903491e-06
[101.80392, 0, 0]
1e-05
[101.80392, 99.629715, 0]
1.778279410038923e-05
[101.80392, 99.629715, 98.99066]
[-4.875, -4.75, -4.625]
1.333521432163324e-05
[97.0827, 0, 0]
1.778279410038923e-05
[97.0827, 98.97703, 0]
2.3713737056616554e-05
[97.0827, 98.97703, 99.04129]
[-4.9375, -4.875, -4.8125]
5 25
Score: 97.0827
1.333521432163324e-05 0
Time 4498.830105066299
