Created graph
0.1
[inf, 0, 0]
1e-05
[inf, 96.258194, 0]
1e-09
[inf, 96.258194, 247.47417]
[-7.0, -5, -3.0]
1e-07
[231.9395, 0, 0]
1e-05
[231.9395, 96.70014, 0]
0.001
[231.9395, 96.70014, 153.3616]
[-6.0, -5, -4.0]
1e-06
[124.53643, 0, 0]
1e-05
[124.53643, 95.336, 0]
0.0001
[124.53643, 95.336, 114.30852]
[-5.5, -5, -4.5]
3.162277660168379e-06
[99.261375, 0, 0]
1e-05
[99.261375, 96.54889, 0]
3.1622776601683795e-05
[99.261375, 96.54889, 94.19432]
[-4.75, -4.5, -4.25]
1.778279410038923e-05
[94.63428, 0, 0]
3.1622776601683795e-05
[94.63428, 97.309814, 0]
5.623413251903491e-05
[94.63428, 97.309814, 103.25075]
[-4.875, -4.75, -4.625]
1.333521432163324e-05
[95.73946, 0, 0]
1.778279410038923e-05
[95.73946, 97.55041, 0]
2.3713737056616554e-05
[95.73946, 97.55041, 95.177864]
[-4.6875, -4.625, -4.5625]
6 250
Score: 95.177864
2.3713737056616554e-05 0
Time 3978.8785650730133
