Created graph
0.1
[inf, 0, 0]
1e-05
[inf, 97.44887, 0]
1e-09
[inf, 97.44887, 273.3136]
[-7.0, -5, -3.0]
1e-07
[263.84045, 0, 0]
1e-05
[263.84045, 95.80299, 0]
0.001
[263.84045, 95.80299, 99.52302]
[-6.0, -5, -4.0]
1e-06
[126.20162, 0, 0]
1e-05
[126.20162, 104.61559, 0]
0.0001
[126.20162, 104.61559, 98.05965]
[-4.5, -4.0, -3.5]
3.1622776601683795e-05
[95.49563, 0, 0]
0.0001
[95.49563, 98.295654, 0]
0.00031622776601683794
[95.49563, 98.295654, 98.92966]
[-4.75, -4.5, -4.25]
1.778279410038923e-05
[96.630516, 0, 0]
3.1622776601683795e-05
[96.630516, 95.322464, 0]
5.623413251903491e-05
[96.630516, 95.322464, 98.31646]
[-4.625, -4.5, -4.375]
2.3713737056616554e-05
[94.53076, 0, 0]
3.1622776601683795e-05
[94.53076, 98.479294, 0]
4.216965034285822e-05
[94.53076, 98.479294, 96.530106]
[-4.6875, -4.625, -4.5625]
3 5
Score: 94.53076
2.3713737056616554e-05 0
Time 3344.4043374061584
