Created graph
0.1
[1.6099541e+19, 0, 0]
1e-05
[1.6099541e+19, 99.52501, 0]
1e-09
[1.6099541e+19, 99.52501, 266.59082]
[-7.0, -5, -3.0]
1e-07
[253.63063, 0, 0]
1e-05
[253.63063, 100.17698, 0]
0.001
[253.63063, 100.17698, 98.555046]
[-4.0, -3.0, -2.0]
0.0001
[97.94076, 0, 0]
0.001
[97.94076, 98.5531, 0]
0.01
[97.94076, 98.5531, 1.3194494e+19]
[-4.5, -4.0, -3.5]
3.1622776601683795e-05
[101.10122, 0, 0]
0.0001
[101.10122, 98.012184, 0]
0.00031622776601683794
[101.10122, 98.012184, 97.42682]
[-3.75, -3.5, -3.25]
0.00017782794100389227
[97.77292, 0, 0]
0.00031622776601683794
[97.77292, 98.37346, 0]
0.0005623413251903491
[97.77292, 98.37346, 98.554794]
[-3.875, -3.75, -3.625]
0.0001333521432163324
[114.93419, 0, 0]
0.00017782794100389227
[114.93419, 98.38425, 0]
0.00023713737056616554
[114.93419, 98.38425, 120.79108]
[-3.8125, -3.75, -3.6875]
4 100
Score: 98.38425
0.00017782794100389227 0
Time 2631.8587357997894
