Created graph
0.1
[inf, 0, 0]
1e-05
[inf, 105.90195, 0]
1e-09
[inf, 105.90195, 281.4653]
[-7.0, -5, -3.0]
1e-07
[266.29318, 0, 0]
1e-05
[266.29318, 106.216515, 0]
0.001
[266.29318, 106.216515, 148.40683]
[-6.0, -5, -4.0]
1e-06
[133.4352, 0, 0]
1e-05
[133.4352, 108.864395, 0]
0.0001
[133.4352, 108.864395, 101.71792]
[-4.5, -4.0, -3.5]
3.1622776601683795e-05
[101.64219, 0, 0]
0.0001
[101.64219, 114.82201, 0]
0.00031622776601683794
[101.64219, 114.82201, 129.45657]
[-4.75, -4.5, -4.25]
1.778279410038923e-05
[107.90325, 0, 0]
3.1622776601683795e-05
[107.90325, 104.91682, 0]
5.623413251903491e-05
[107.90325, 104.91682, 107.50831]
[-4.625, -4.5, -4.375]
2.3713737056616554e-05
[103.084984, 0, 0]
3.1622776601683795e-05
[103.084984, 105.46625, 0]
4.216965034285822e-05
[103.084984, 105.46625, 106.28042]
[-4.6875, -4.625, -4.5625]
7 5
Score: 103.084984
2.3713737056616554e-05 0
Time 3244.766310453415
