Created graph
0.1
[1.6752088e+19, 0, 0]
1e-05
[1.6752088e+19, 96.55759, 0]
1e-09
[1.6752088e+19, 96.55759, 284.90164]
[-7.0, -5, -3.0]
1e-07
[269.29953, 0, 0]
1e-05
[269.29953, 96.409935, 0]
0.001
[269.29953, 96.409935, 170.10727]
[-6.0, -5, -4.0]
1e-06
[115.0779, 0, 0]
1e-05
[115.0779, 95.63328, 0]
0.0001
[115.0779, 95.63328, 105.2106]
[-5.5, -5, -4.5]
3.162277660168379e-06
[95.03506, 0, 0]
1e-05
[95.03506, 96.76819, 0]
3.1622776601683795e-05
[95.03506, 96.76819, 96.00093]
[-5.75, -5.5, -5.25]
1.778279410038923e-06
[102.06224, 0, 0]
3.162277660168379e-06
[102.06224, 96.095085, 0]
5.623413251903491e-06
[102.06224, 96.095085, 97.83013]
[-5.625, -5.5, -5.375]
2.3713737056616552e-06
[98.04664, 0, 0]
3.162277660168379e-06
[98.04664, 96.8488, 0]
4.216965034285822e-06
[98.04664, 96.8488, 96.705475]
[-5.4375, -5.375, -5.3125]
7 250
Score: 96.705475
4.216965034285822e-06 0
Time 6452.3293561935425
