Created graph
0.1
[inf, 0, 0]
1e-05
[inf, 91.61806, 0]
1e-09
[inf, 91.61806, 227.70206]
[-7.0, -5, -3.0]
1e-07
[212.5548, 0, 0]
1e-05
[212.5548, 93.53786, 0]
0.001
[212.5548, 93.53786, 194.18892]
[-6.0, -5, -4.0]
1e-06
[122.17019, 0, 0]
1e-05
[122.17019, 91.57232, 0]
0.0001
[122.17019, 91.57232, 107.99417]
[-5.5, -5, -4.5]
3.162277660168379e-06
[94.70015, 0, 0]
1e-05
[94.70015, 91.63819, 0]
3.1622776601683795e-05
[94.70015, 91.63819, 93.78429]
[-5.25, -5, -4.75]
5.623413251903491e-06
[93.18447, 0, 0]
1e-05
[93.18447, 93.05715, 0]
1.778279410038923e-05
[93.18447, 93.05715, 90.42453]
[-4.875, -4.75, -4.625]
1.333521432163324e-05
[92.221405, 0, 0]
1.778279410038923e-05
[92.221405, 89.82756, 0]
2.3713737056616554e-05
[92.221405, 89.82756, 92.917404]
[-4.8125, -4.75, -4.6875]
6 5
Score: 89.82756
1.778279410038923e-05 0
Time 4340.229911565781
