Created graph
0.1
[1.1601529e+19, 0, 0]
1e-05
[1.1601529e+19, 89.055214, 0]
1e-09
[1.1601529e+19, 89.055214, 239.23828]
[-7.0, -5, -3.0]
1e-07
[227.92555, 0, 0]
1e-05
[227.92555, 89.228, 0]
0.001
[227.92555, 89.228, 90.77805]
[-6.0, -5, -4.0]
1e-06
[117.08565, 0, 0]
1e-05
[117.08565, 89.4105, 0]
0.0001
[117.08565, 89.4105, 89.196655]
[-4.5, -4.0, -3.5]
3.1622776601683795e-05
[87.39395, 0, 0]
0.0001
[87.39395, 93.36023, 0]
0.00031622776601683794
[87.39395, 93.36023, 89.29921]
[-4.75, -4.5, -4.25]
1.778279410038923e-05
[86.37225, 0, 0]
3.1622776601683795e-05
[86.37225, 90.69914, 0]
5.623413251903491e-05
[86.37225, 90.69914, 88.8442]
[-4.875, -4.75, -4.625]
1.333521432163324e-05
[89.5438, 0, 0]
1.778279410038923e-05
[89.5438, 88.309326, 0]
2.3713737056616554e-05
[89.5438, 88.309326, 86.65525]
[-4.6875, -4.625, -4.5625]
4 10
Score: 86.65525
2.3713737056616554e-05 0
Time 3327.5918140411377
