Created graph
0.1
[1.298644e+19, 0, 0]
1e-05
[1.298644e+19, 95.36824, 0]
1e-09
[1.298644e+19, 95.36824, 263.5343]
[-7.0, -5, -3.0]
1e-07
[248.49124, 0, 0]
1e-05
[248.49124, 95.680016, 0]
0.001
[248.49124, 95.680016, 168.16168]
[-6.0, -5, -4.0]
1e-06
[133.93509, 0, 0]
1e-05
[133.93509, 98.68686, 0]
0.0001
[133.93509, 98.68686, 109.33525]
[-5.5, -5, -4.5]
3.162277660168379e-06
[99.77034, 0, 0]
1e-05
[99.77034, 96.77835, 0]
3.1622776601683795e-05
[99.77034, 96.77835, 99.681175]
[-5.25, -5, -4.75]
5.623413251903491e-06
[96.086815, 0, 0]
1e-05
[96.086815, 97.37744, 0]
1.778279410038923e-05
[96.086815, 97.37744, 100.74747]
[-5.375, -5.25, -5.125]
4.216965034285822e-06
[100.19975, 0, 0]
5.623413251903491e-06
[100.19975, 99.40759, 0]
7.498942093324558e-06
[100.19975, 99.40759, 97.68266]
[-5.1875, -5.125, -5.0625]
6 200
Score: 97.68266
7.498942093324558e-06 0
Time 5281.241451501846
