Created graph
0.1
[1.1737111e+19, 0, 0]
1e-05
[1.1737111e+19, 111.91682, 0]
1e-09
[1.1737111e+19, 111.91682, 265.13284]
[-7.0, -5, -3.0]
1e-07
[248.36446, 0, 0]
1e-05
[248.36446, 111.914604, 0]
0.001
[248.36446, 111.914604, 162.50809]
[-6.0, -5, -4.0]
1e-06
[133.09215, 0, 0]
1e-05
[133.09215, 110.81984, 0]
0.0001
[133.09215, 110.81984, 124.85556]
[-5.5, -5, -4.5]
3.162277660168379e-06
[111.85555, 0, 0]
1e-05
[111.85555, 108.61164, 0]
3.1622776601683795e-05
[111.85555, 108.61164, 110.17124]
[-5.25, -5, -4.75]
5.623413251903491e-06
[112.692215, 0, 0]
1e-05
[112.692215, 111.318214, 0]
1.778279410038923e-05
[112.692215, 111.318214, 111.23922]
[-4.875, -4.75, -4.625]
1.333521432163324e-05
[113.18346, 0, 0]
1.778279410038923e-05
[113.18346, 113.75423, 0]
2.3713737056616554e-05
[113.18346, 113.75423, 108.375885]
[-4.6875, -4.625, -4.5625]
7 100
Score: 108.375885
2.3713737056616554e-05 0
Time 4338.0234615802765
