Created graph
0.1
[1.0026342e+19, 0, 0]
1e-05
[1.0026342e+19, 96.83665, 0]
1e-09
[1.0026342e+19, 96.83665, 194.85164]
[-7.0, -5, -3.0]
1e-07
[179.22983, 0, 0]
1e-05
[179.22983, 95.34428, 0]
0.001
[179.22983, 95.34428, 96.33678]
[-6.0, -5, -4.0]
1e-06
[117.52563, 0, 0]
1e-05
[117.52563, 94.4242, 0]
0.0001
[117.52563, 94.4242, 96.32727]
[-5.5, -5, -4.5]
3.162277660168379e-06
[94.85256, 0, 0]
1e-05
[94.85256, 95.4621, 0]
3.1622776601683795e-05
[94.85256, 95.4621, 94.67379]
[-4.75, -4.5, -4.25]
1.778279410038923e-05
[95.4035, 0, 0]
3.1622776601683795e-05
[95.4035, 96.515564, 0]
5.623413251903491e-05
[95.4035, 96.515564, 101.887436]
[-4.875, -4.75, -4.625]
1.333521432163324e-05
[95.513214, 0, 0]
1.778279410038923e-05
[95.513214, 95.304, 0]
2.3713737056616554e-05
[95.513214, 95.304, 96.61002]
[-4.8125, -4.75, -4.6875]
4 5
Score: 95.304
1.778279410038923e-05 0
Time 3964.940708875656
