Created graph
0.1
[7.1814855e+18, 0, 0]
1e-05
[7.1814855e+18, 108.13885, 0]
1e-09
[7.1814855e+18, 108.13885, 249.78853]
[-7.0, -5, -3.0]
1e-07
[236.73027, 0, 0]
1e-05
[236.73027, 106.55133, 0]
0.001
[236.73027, 106.55133, 95.79725]
[-4.0, -3.0, -2.0]
0.0001
[95.48495, 0, 0]
0.001
[95.48495, 95.73283, 0]
0.01
[95.48495, 95.73283, 1.6768039e+19]
[-4.5, -4.0, -3.5]
3.1622776601683795e-05
[103.943726, 0, 0]
0.0001
[103.943726, 95.296974, 0]
0.00031622776601683794
[103.943726, 95.296974, 95.39333]
[-4.25, -4.0, -3.75]
5.623413251903491e-05
[95.48759, 0, 0]
0.0001
[95.48759, 95.467064, 0]
0.00017782794100389227
[95.48759, 95.467064, 94.969505]
[-3.875, -3.75, -3.625]
0.0001333521432163324
[95.271835, 0, 0]
0.00017782794100389227
[95.271835, 95.35675, 0]
0.00023713737056616554
[95.271835, 95.35675, 95.49562]
[-3.9375, -3.875, -3.8125]
4 200
Score: 95.271835
0.0001333521432163324 0
Time 2572.1717405319214
