Created graph
0.1
[1.6818307e+19, 0, 0]
1e-05
[1.6818307e+19, 93.64645, 0]
1e-09
[1.6818307e+19, 93.64645, 233.3586]
[-7.0, -5, -3.0]
1e-07
[217.1059, 0, 0]
1e-05
[217.1059, 94.99144, 0]
0.001
[217.1059, 94.99144, 154.32957]
[-6.0, -5, -4.0]
1e-06
[124.67389, 0, 0]
1e-05
[124.67389, 93.464165, 0]
0.0001
[124.67389, 93.464165, 105.2061]
[-5.5, -5, -4.5]
3.162277660168379e-06
[94.85182, 0, 0]
1e-05
[94.85182, 93.70954, 0]
3.1622776601683795e-05
[94.85182, 93.70954, 93.74005]
[-5.25, -5, -4.75]
5.623413251903491e-06
[95.307816, 0, 0]
1e-05
[95.307816, 95.05968, 0]
1.778279410038923e-05
[95.307816, 95.05968, 92.29924]
[-4.875, -4.75, -4.625]
1.333521432163324e-05
[94.79095, 0, 0]
1.778279410038923e-05
[94.79095, 93.93719, 0]
2.3713737056616554e-05
[94.79095, 93.93719, 94.68012]
[-4.8125, -4.75, -4.6875]
6 25
Score: 93.93719
1.778279410038923e-05 0
Time 4219.758419275284
