Created graph
0.1
[1.693868e+19, 0, 0]
1e-05
[1.693868e+19, 107.00468, 0]
1e-09
[1.693868e+19, 107.00468, 285.1664]
[-7.0, -5, -3.0]
1e-07
[269.29352, 0, 0]
1e-05
[269.29352, 111.80013, 0]
0.001
[269.29352, 111.80013, 129.39995]
[-6.0, -5, -4.0]
1e-06
[130.13242, 0, 0]
1e-05
[130.13242, 110.93462, 0]
0.0001
[130.13242, 110.93462, 115.01311]
[-5.5, -5, -4.5]
3.162277660168379e-06
[111.34517, 0, 0]
1e-05
[111.34517, 112.27134, 0]
3.1622776601683795e-05
[111.34517, 112.27134, 112.15296]
[-5.75, -5.5, -5.25]
1.778279410038923e-06
[113.11897, 0, 0]
3.162277660168379e-06
[113.11897, 112.907745, 0]
5.623413251903491e-06
[113.11897, 112.907745, 112.78363]
[-5.375, -5.25, -5.125]
4.216965034285822e-06
[111.65173, 0, 0]
5.623413251903491e-06
[111.65173, 110.30261, 0]
7.498942093324558e-06
[111.65173, 110.30261, 112.571335]
[-5.3125, -5.25, -5.1875]
5 10
Score: 110.30261
5.623413251903491e-06 0
Time 5887.45778298378
