Created graph
0.1
[1.6726484e+19, 0, 0]
1e-05
[1.6726484e+19, 93.48694, 0]
1e-09
[1.6726484e+19, 93.48694, 214.20186]
[-7.0, -5, -3.0]
1e-07
[200.81052, 0, 0]
1e-05
[200.81052, 93.4927, 0]
0.001
[200.81052, 93.4927, 101.07217]
[-6.0, -5, -4.0]
1e-06
[108.65562, 0, 0]
1e-05
[108.65562, 93.572205, 0]
0.0001
[108.65562, 93.572205, 100.70589]
[-5.5, -5, -4.5]
3.162277660168379e-06
[94.87259, 0, 0]
1e-05
[94.87259, 93.335686, 0]
3.1622776601683795e-05
[94.87259, 93.335686, 99.48073]
[-5.25, -5, -4.75]
5.623413251903491e-06
[92.85347, 0, 0]
1e-05
[92.85347, 92.299194, 0]
1.778279410038923e-05
[92.85347, 92.299194, 94.0787]
[-5.125, -5, -4.875]
7.498942093324558e-06
[91.46761, 0, 0]
1e-05
[91.46761, 91.879944, 0]
1.333521432163324e-05
[91.46761, 91.879944, 93.86911]
[-5.1875, -5.125, -5.0625]
3 100
Score: 91.46761
7.498942093324558e-06 0
Time 4563.816020488739
