Created graph
0.1
[1.3636882e+19, 0, 0]
1e-05
[1.3636882e+19, 94.511795, 0]
1e-09
[1.3636882e+19, 94.511795, 240.96793]
[-7.0, -5, -3.0]
1e-07
[229.32726, 0, 0]
1e-05
[229.32726, 93.689926, 0]
0.001
[229.32726, 93.689926, 96.020966]
[-6.0, -5, -4.0]
1e-06
[117.35124, 0, 0]
1e-05
[117.35124, 93.36587, 0]
0.0001
[117.35124, 93.36587, 95.59271]
[-5.5, -5, -4.5]
3.162277660168379e-06
[94.88905, 0, 0]
1e-05
[94.88905, 94.02265, 0]
3.1622776601683795e-05
[94.88905, 94.02265, 96.52181]
[-5.25, -5, -4.75]
5.623413251903491e-06
[95.14714, 0, 0]
1e-05
[95.14714, 93.81681, 0]
1.778279410038923e-05
[95.14714, 93.81681, 91.73682]
[-4.875, -4.75, -4.625]
1.333521432163324e-05
[95.292656, 0, 0]
1.778279410038923e-05
[95.292656, 93.55212, 0]
2.3713737056616554e-05
[95.292656, 93.55212, 95.86717]
[-4.8125, -4.75, -4.6875]
4 25
Score: 93.55212
1.778279410038923e-05 0
Time 4156.971697330475
