Created graph
0.1
[inf, 0, 0]
1e-05
[inf, 99.395454, 0]
1e-09
[inf, 99.395454, 279.645]
[-7.0, -5, -3.0]
1e-07
[265.74326, 0, 0]
1e-05
[265.74326, 98.03543, 0]
0.001
[265.74326, 98.03543, 198.11642]
[-6.0, -5, -4.0]
1e-06
[127.70601, 0, 0]
1e-05
[127.70601, 98.04725, 0]
0.0001
[127.70601, 98.04725, 109.44111]
[-5.5, -5, -4.5]
3.162277660168379e-06
[99.77178, 0, 0]
1e-05
[99.77178, 97.27939, 0]
3.1622776601683795e-05
[99.77178, 97.27939, 93.39093]
[-4.75, -4.5, -4.25]
1.778279410038923e-05
[102.232704, 0, 0]
3.1622776601683795e-05
[102.232704, 98.57105, 0]
5.623413251903491e-05
[102.232704, 98.57105, 101.2256]
[-4.625, -4.5, -4.375]
2.3713737056616554e-05
[98.4039, 0, 0]
3.1622776601683795e-05
[98.4039, 98.8098, 0]
4.216965034285822e-05
[98.4039, 98.8098, 97.62908]
[-4.4375, -4.375, -4.3125]
7 25
Score: 97.62908
4.216965034285822e-05 0
Time 3865.5940430164337
