Created graph
0.1
[1.0661585e+19, 0, 0]
1e-05
[1.0661585e+19, 102.6631, 0]
1e-09
[1.0661585e+19, 102.6631, 271.2622]
[-7.0, -5, -3.0]
1e-07
[257.5406, 0, 0]
1e-05
[257.5406, 97.68049, 0]
0.001
[257.5406, 97.68049, 126.965576]
[-6.0, -5, -4.0]
1e-06
[132.95485, 0, 0]
1e-05
[132.95485, 100.44519, 0]
0.0001
[132.95485, 100.44519, 114.98281]
[-5.5, -5, -4.5]
3.162277660168379e-06
[102.4634, 0, 0]
1e-05
[102.4634, 102.41569, 0]
3.1622776601683795e-05
[102.4634, 102.41569, 103.53337]
[-5.25, -5, -4.75]
5.623413251903491e-06
[99.16688, 0, 0]
1e-05
[99.16688, 97.416046, 0]
1.778279410038923e-05
[99.16688, 97.416046, 101.53054]
[-5.125, -5, -4.875]
7.498942093324558e-06
[100.903984, 0, 0]
1e-05
[100.903984, 99.05337, 0]
1.333521432163324e-05
[100.903984, 99.05337, 95.151665]
[-4.9375, -4.875, -4.8125]
5 250
Score: 95.151665
1.333521432163324e-05 0
Time 4916.071814775467
