Created graph
0.1
[9.642743e+18, 0, 0]
1e-05
[9.642743e+18, 98.63715, 0]
1e-09
[9.642743e+18, 98.63715, 243.40706]
[-7.0, -5, -3.0]
1e-07
[228.75482, 0, 0]
1e-05
[228.75482, 99.03257, 0]
0.001
[228.75482, 99.03257, 145.89934]
[-6.0, -5, -4.0]
1e-06
[126.039536, 0, 0]
1e-05
[126.039536, 95.4342, 0]
0.0001
[126.039536, 95.4342, 107.851425]
[-5.5, -5, -4.5]
3.162277660168379e-06
[102.372284, 0, 0]
1e-05
[102.372284, 98.69119, 0]
3.1622776601683795e-05
[102.372284, 98.69119, 99.1348]
[-5.25, -5, -4.75]
5.623413251903491e-06
[98.24839, 0, 0]
1e-05
[98.24839, 99.61226, 0]
1.778279410038923e-05
[98.24839, 99.61226, 98.078766]
[-4.875, -4.75, -4.625]
1.333521432163324e-05
[98.85433, 0, 0]
1.778279410038923e-05
[98.85433, 99.17782, 0]
2.3713737056616554e-05
[98.85433, 99.17782, 96.87271]
[-4.6875, -4.625, -4.5625]
6 10
Score: 96.87271
2.3713737056616554e-05 0
Time 4418.887902498245
