Created graph
0.1
[1.6796647e+19, 0, 0]
1e-05
[1.6796647e+19, 86.788376, 0]
1e-09
[1.6796647e+19, 86.788376, 211.45953]
[-7.0, -5, -3.0]
1e-07
[195.66731, 0, 0]
1e-05
[195.66731, 88.93692, 0]
0.001
[195.66731, 88.93692, 193.90338]
[-6.0, -5, -4.0]
1e-06
[108.94945, 0, 0]
1e-05
[108.94945, 88.26897, 0]
0.0001
[108.94945, 88.26897, 95.96846]
[-5.5, -5, -4.5]
3.162277660168379e-06
[87.63011, 0, 0]
1e-05
[87.63011, 88.17388, 0]
3.1622776601683795e-05
[87.63011, 88.17388, 88.06696]
[-5.75, -5.5, -5.25]
1.778279410038923e-06
[94.028595, 0, 0]
3.162277660168379e-06
[94.028595, 88.45672, 0]
5.623413251903491e-06
[94.028595, 88.45672, 87.560036]
[-5.375, -5.25, -5.125]
4.216965034285822e-06
[88.67922, 0, 0]
5.623413251903491e-06
[88.67922, 86.92825, 0]
7.498942093324558e-06
[88.67922, 86.92825, 87.54486]
[-5.3125, -5.25, -5.1875]
7 200
Score: 86.92825
5.623413251903491e-06 0
Time 5756.336385011673
