Created graph
0.1
[inf, 0, 0]
1e-05
[inf, 89.7019, 0]
1e-09
[inf, 89.7019, 205.82985]
[-7.0, -5, -3.0]
1e-07
[190.48993, 0, 0]
1e-05
[190.48993, 92.85648, 0]
0.001
[190.48993, 92.85648, 131.6385]
[-6.0, -5, -4.0]
1e-06
[113.070755, 0, 0]
1e-05
[113.070755, 90.59976, 0]
0.0001
[113.070755, 90.59976, 97.12863]
[-5.5, -5, -4.5]
3.162277660168379e-06
[93.50229, 0, 0]
1e-05
[93.50229, 93.22169, 0]
3.1622776601683795e-05
[93.50229, 93.22169, 91.80536]
[-4.75, -4.5, -4.25]
1.778279410038923e-05
[92.02171, 0, 0]
3.1622776601683795e-05
[92.02171, 90.33356, 0]
5.623413251903491e-05
[92.02171, 90.33356, 96.55004]
[-4.625, -4.5, -4.375]
2.3713737056616554e-05
[89.78279, 0, 0]
3.1622776601683795e-05
[89.78279, 92.72044, 0]
4.216965034285822e-05
[89.78279, 92.72044, 96.11722]
[-4.6875, -4.625, -4.5625]
5 200
Score: 89.78279
2.3713737056616554e-05 0
Time 3886.142455816269
