Created graph
0.1
[inf, 0, 0]
1e-05
[inf, 92.233864, 0]
1e-09
[inf, 92.233864, 263.22916]
[-7.0, -5, -3.0]
1e-07
[247.54797, 0, 0]
1e-05
[247.54797, 92.54175, 0]
0.001
[247.54797, 92.54175, 185.01974]
[-6.0, -5, -4.0]
1e-06
[125.229866, 0, 0]
1e-05
[125.229866, 91.54876, 0]
0.0001
[125.229866, 91.54876, 113.236275]
[-5.5, -5, -4.5]
3.162277660168379e-06
[93.4646, 0, 0]
1e-05
[93.4646, 93.80836, 0]
3.1622776601683795e-05
[93.4646, 93.80836, 95.08273]
[-5.75, -5.5, -5.25]
1.778279410038923e-06
[106.75928, 0, 0]
3.162277660168379e-06
[106.75928, 94.34788, 0]
5.623413251903491e-06
[106.75928, 94.34788, 92.97959]
[-5.375, -5.25, -5.125]
4.216965034285822e-06
[90.03966, 0, 0]
5.623413251903491e-06
[90.03966, 93.05886, 0]
7.498942093324558e-06
[90.03966, 93.05886, 91.04917]
[-5.4375, -5.375, -5.3125]
7 10
Score: 90.03966
4.216965034285822e-06 0
Time 6066.402748346329
