Created graph
0.1
[inf, 0, 0]
1e-05
[inf, 102.28945, 0]
1e-09
[inf, 102.28945, 237.59592]
[-7.0, -5, -3.0]
1e-07
[228.50304, 0, 0]
1e-05
[228.50304, 101.45429, 0]
0.001
[228.50304, 101.45429, 97.74454]
[-4.0, -3.0, -2.0]
0.0001
[96.8049, 0, 0]
0.001
[96.8049, 97.74522, 0]
0.01
[96.8049, 97.74522, inf]
[-4.5, -4.0, -3.5]
3.1622776601683795e-05
[97.28554, 0, 0]
0.0001
[97.28554, 97.24135, 0]
0.00031622776601683794
[97.28554, 97.24135, 97.32584]
[-4.25, -4.0, -3.75]
5.623413251903491e-05
[96.62917, 0, 0]
0.0001
[96.62917, 95.80719, 0]
0.00017782794100389227
[96.62917, 95.80719, 97.447365]
[-4.125, -4.0, -3.875]
7.498942093324559e-05
[97.02569, 0, 0]
0.0001
[97.02569, 96.89667, 0]
0.0001333521432163324
[97.02569, 96.89667, 96.88581]
[-3.9375, -3.875, -3.8125]
3 10
Score: 96.88581
0.0001333521432163324 0
Time 2602.6044363975525
