Created graph
0.1
[7.4532655e+18, 0, 0]
1e-05
[7.4532655e+18, 99.42239, 0]
1e-09
[7.4532655e+18, 99.42239, 309.934]
[-7.0, -5, -3.0]
1e-07
[298.99127, 0, 0]
1e-05
[298.99127, 100.939766, 0]
0.001
[298.99127, 100.939766, 111.429825]
[-6.0, -5, -4.0]
1e-06
[133.31161, 0, 0]
1e-05
[133.31161, 104.53873, 0]
0.0001
[133.31161, 104.53873, 103.89002]
[-4.5, -4.0, -3.5]
3.1622776601683795e-05
[99.0753, 0, 0]
0.0001
[99.0753, 104.30505, 0]
0.00031622776601683794
[99.0753, 104.30505, 113.450615]
[-4.75, -4.5, -4.25]
1.778279410038923e-05
[104.34643, 0, 0]
3.1622776601683795e-05
[104.34643, 101.683624, 0]
5.623413251903491e-05
[104.34643, 101.683624, 101.62847]
[-4.375, -4.25, -4.125]
4.216965034285822e-05
[102.92519, 0, 0]
5.623413251903491e-05
[102.92519, 103.21877, 0]
7.498942093324559e-05
[102.92519, 103.21877, 108.32567]
[-4.4375, -4.375, -4.3125]
5 100
Score: 102.92519
4.216965034285822e-05 0
Time 3327.9270520210266
