Created graph
0.1
[inf, 0, 0]
1e-05
[inf, 102.28576, 0]
1e-09
[inf, 102.28576, 322.5526]
[-7.0, -5, -3.0]
1e-07
[312.09073, 0, 0]
1e-05
[312.09073, 102.57307, 0]
0.001
[312.09073, 102.57307, 101.981476]
[-4.0, -3.0, -2.0]
0.0001
[101.94501, 0, 0]
0.001
[101.94501, 101.986824, 0]
0.01
[101.94501, 101.986824, inf]
[-4.5, -4.0, -3.5]
3.1622776601683795e-05
[101.98551, 0, 0]
0.0001
[101.98551, 102.1389, 0]
0.00031622776601683794
[101.98551, 102.1389, 101.95707]
[-3.75, -3.5, -3.25]
0.00017782794100389227
[101.883255, 0, 0]
0.00031622776601683794
[101.883255, 101.94455, 0]
0.0005623413251903491
[101.883255, 101.94455, 102.09989]
[-3.875, -3.75, -3.625]
0.0001333521432163324
[105.84782, 0, 0]
0.00017782794100389227
[105.84782, 102.11096, 0]
0.00023713737056616554
[105.84782, 102.11096, 101.88118]
[-3.6875, -3.625, -3.5625]
4 250
Score: 101.88118
0.00023713737056616554 0
Time 2532.226483106613
