Created graph
0.1
[9.229673e+18, 0, 0]
1e-05
[9.229673e+18, 93.42315, 0]
1e-09
[9.229673e+18, 93.42315, 223.82681]
[-7.0, -5, -3.0]
1e-07
[208.53099, 0, 0]
1e-05
[208.53099, 96.3457, 0]
0.001
[208.53099, 96.3457, 163.82193]
[-6.0, -5, -4.0]
1e-06
[115.30655, 0, 0]
1e-05
[115.30655, 95.53147, 0]
0.0001
[115.30655, 95.53147, 108.90033]
[-5.5, -5, -4.5]
3.162277660168379e-06
[97.19746, 0, 0]
1e-05
[97.19746, 96.6764, 0]
3.1622776601683795e-05
[97.19746, 96.6764, 97.3169]
[-5.25, -5, -4.75]
5.623413251903491e-06
[93.50341, 0, 0]
1e-05
[93.50341, 94.40122, 0]
1.778279410038923e-05
[93.50341, 94.40122, 95.613335]
[-5.375, -5.25, -5.125]
4.216965034285822e-06
[95.55476, 0, 0]
5.623413251903491e-06
[95.55476, 96.19658, 0]
7.498942093324558e-06
[95.55476, 96.19658, 95.33651]
[-5.1875, -5.125, -5.0625]
6 100
Score: 95.33651
7.498942093324558e-06 0
Time 5004.567420721054
