Created graph
0.1
[5.993994e+18, 0, 0]
1e-05
[5.993994e+18, 97.64429, 0]
1e-09
[5.993994e+18, 97.64429, 279.70612]
[-7.0, -5, -3.0]
1e-07
[268.6239, 0, 0]
1e-05
[268.6239, 94.00819, 0]
0.001
[268.6239, 94.00819, 112.34305]
[-6.0, -5, -4.0]
1e-06
[129.83174, 0, 0]
1e-05
[129.83174, 94.58765, 0]
0.0001
[129.83174, 94.58765, 102.542885]
[-5.5, -5, -4.5]
3.162277660168379e-06
[98.303955, 0, 0]
1e-05
[98.303955, 97.94792, 0]
3.1622776601683795e-05
[98.303955, 97.94792, 95.14774]
[-4.75, -4.5, -4.25]
1.778279410038923e-05
[96.58672, 0, 0]
3.1622776601683795e-05
[96.58672, 96.12787, 0]
5.623413251903491e-05
[96.58672, 96.12787, 98.846245]
[-4.625, -4.5, -4.375]
2.3713737056616554e-05
[94.985275, 0, 0]
3.1622776601683795e-05
[94.985275, 95.289246, 0]
4.216965034285822e-05
[94.985275, 95.289246, 95.70357]
[-4.6875, -4.625, -4.5625]
3 200
Score: 94.985275
2.3713737056616554e-05 0
Time 3909.719382762909
