Created graph
0.1
[7.821283e+18, 0, 0]
1e-05
[7.821283e+18, 106.684, 0]
1e-09
[7.821283e+18, 106.684, 289.90262]
[-7.0, -5, -3.0]
1e-07
[274.6995, 0, 0]
1e-05
[274.6995, 106.70478, 0]
0.001
[274.6995, 106.70478, 163.27686]
[-6.0, -5, -4.0]
1e-06
[143.58954, 0, 0]
1e-05
[143.58954, 105.726715, 0]
0.0001
[143.58954, 105.726715, 102.17329]
[-4.5, -4.0, -3.5]
3.1622776601683795e-05
[105.0746, 0, 0]
0.0001
[105.0746, 112.35471, 0]
0.00031622776601683794
[105.0746, 112.35471, 116.446686]
[-4.75, -4.5, -4.25]
1.778279410038923e-05
[105.66667, 0, 0]
3.1622776601683795e-05
[105.66667, 104.80501, 0]
5.623413251903491e-05
[105.66667, 104.80501, 106.58622]
[-4.625, -4.5, -4.375]
2.3713737056616554e-05
[102.74606, 0, 0]
3.1622776601683795e-05
[102.74606, 102.09619, 0]
4.216965034285822e-05
[102.74606, 102.09619, 104.9516]
[-4.5625, -4.5, -4.4375]
5 5
Score: 102.09619
3.1622776601683795e-05 0
Time 3341.4381709098816
