Created graph
0.1
[inf, 0, 0]
1e-05
[inf, 99.2909, 0]
1e-09
[inf, 99.2909, 213.01082]
[-7.0, -5, -3.0]
1e-07
[201.47691, 0, 0]
1e-05
[201.47691, 99.82001, 0]
0.001
[201.47691, 99.82001, 104.918106]
[-6.0, -5, -4.0]
1e-06
[125.35549, 0, 0]
1e-05
[125.35549, 100.37719, 0]
0.0001
[125.35549, 100.37719, 103.42096]
[-5.5, -5, -4.5]
3.162277660168379e-06
[101.02837, 0, 0]
1e-05
[101.02837, 99.106735, 0]
3.1622776601683795e-05
[101.02837, 99.106735, 102.35954]
[-5.25, -5, -4.75]
5.623413251903491e-06
[100.31502, 0, 0]
1e-05
[100.31502, 101.00093, 0]
1.778279410038923e-05
[100.31502, 101.00093, 101.49812]
[-5.375, -5.25, -5.125]
4.216965034285822e-06
[101.34667, 0, 0]
5.623413251903491e-06
[101.34667, 99.98792, 0]
7.498942093324558e-06
[101.34667, 99.98792, 99.566574]
[-5.1875, -5.125, -5.0625]
3 250
Score: 99.566574
7.498942093324558e-06 0
Time 5309.6613075733185
