Mutation Type	ESO-0001-Tumor	ESO-0009-Tumor	ESO-0013-Tumor	ESO-0015-Tumor	ESO-0019-Tumor	ESO-0023-Tumor	ESO-0025-Tumor	ESO-0029-Tumor	ESO-003-Tumor	ESO-005-Tumor	ESO-0053-Tumor	ESO-0059-Tumor	ESO-0061-Tumor	ESO-0067-Tumor	ESO-007-Tumor	ESO-0071-Tumor	ESO-0079-Tumor	ESO-0103-Tumor	ESO-0115-Tumor	ESO-0123-Tumor	ESO-0125-Tumor	ESO-0129-Tumor	ESO-0133-Tumor	ESO-0149-Tumor	ESO-0167-Tumor	ESO-017-Tumor	ESO-0176-Tumor	ESO-021-Tumor	ESO-0255-Tumor	ESO-027-Tumor	ESO-0280-Tumor	ESO-037-Tumor	ESO-043-Tumor	ESO-045-Tumor	ESO-0459-Tumor	ESO-049-Tumor	ESO-051-Tumor	ESO-0590-Tumor	ESO-075-Tumor	ESO-077-Tumor	ESO-083-Tumor	ESO-085-Tumor	ESO-0950-Tumor	ESO-105-Tumor	ESO-1059-Tumor	ESO-1060-Tumor	ESO-107-Tumor	ESO-1096-Tumor	ESO-111-Tumor	ESO-1130-Tumor	ESO-1133-Tumor	ESO-114-Tumor	ESO-1145-Tumor	ESO-1154-Tumor	ESO-116-Tumor	ESO-1163-Tumor	ESO-117-Tumor	ESO-118-Tumor	ESO-119-Tumor	ESO-120-Tumor	ESO-122-Tumor	ESO-130-Tumor	ESO-131-Tumor	ESO-135-Tumor	ESO-137-Tumor	ESO-139-Tumor	ESO-141-Tumor	ESO-1427-Tumor	ESO-143-Tumor	ESO-147-Tumor	ESO-1481-Tumor	ESO-1488-Tumor	ESO-151-Tumor	ESO-152-Tumor	ESO-153-Tumor	ESO-155-Tumor	ESO-157-Tumor	ESO-159-Tumor	ESO-1594-Tumor	ESO-160-Tumor	ESO-1608-Tumor	ESO-161-Tumor	ESO-164-Tumor	ESO-165-Tumor	ESO-167-Tumor	ESO-1670-Tumor	ESO-169-Tumor	ESO-171-Tumor	ESO-173-Tumor	ESO-1733-Tumor	ESO-1748-Tumor	ESO-175-Tumor	ESO-177-Tumor	ESO-179-Tumor	ESO-184-Tumor	ESO-185-Tumor	ESO-187-Tumor	ESO-1872-Tumor	ESO-189-Tumor	ESO-191-Tumor	ESO-2143-Tumor	ESO-224-Tumor	ESO-2472-Tumor	ESO-250-Tumor	ESO-251-Tumor	ESO-2536-Tumor	ESO-327-Tumor	ESO-408-Tumor	ESO-409-Tumor	ESO-512-Tumor	ESO-536-Tumor	ESO-539-Tumor	ESO-555-Tumor	ESO-580-Tumor	ESO-582-Tumor	ESO-601-Tumor	ESO-610-Tumor	ESO-632-Tumor	ESO-640-Tumor	ESO-669-Tumor	ESO-682-Tumor	ESO-683-Tumor	ESO-708-Tumor	ESO-718-Tumor	ESO-720-Tumor	ESO-721-Tumor	ESO-732-Tumor	ESO-752-Tumor	ESO-805-Tumor	ESO-837-Tumor	ESO-838-Tumor	ESO-859-Tumor	ESO-864-Tumor	ESO-866-Tumor	ESO-874-Tumor	ESO-887-Tumor	ESO-913-Tumor	ESO-916-Tumor	ESO-931-Tumor	ESO-963-Tumor	ESO-D76-Tumor	ESO-H01-Tumor	ESO-H63-Tumor	ESO-K08-Tumor	ESO-R61-Tumor	ESO-S41-Tumor
A[C>A]A	2	2	2	0	0	1	1	5	1	1	2	0	1	1	0	2	1	1	4	2	0	1	2	0	0	2	2	0	0	0	0	0	1	1	2	1	2	5	1	1	0	3	3	1	3	2	1	2	0	0	4	2	0	1	0	3	0	1	1	0	2	2	0	1	2	3	3	3	0	0	0	4	0	0	1	2	0	0	0	2	0	3	1	1	0	1	0	4	2	0	2	1	2	1	0	4	0	2	1	4	5	1	1	2	0	6	1	2	3	1	0	2	1	1	2	0	0	1	2	1	2	2	0	0	0	2	1	0	5	1	0	3	1	1	0	3	1	4	0	2	2	1	1	2	0	2
A[C>A]C	1	2	2	1	0	0	0	2	2	0	2	2	4	1	2	1	0	1	0	0	1	0	0	1	1	0	1	1	4	2	2	0	1	1	3	0	0	0	0	2	2	0	2	0	2	2	1	5	1	0	3	0	1	2	3	2	2	5	3	0	2	2	0	0	0	0	2	0	2	0	0	0	1	1	2	4	3	1	1	2	5	2	0	0	0	1	0	0	1	2	1	1	3	1	0	1	2	1	0	1	3	0	2	2	0	2	1	2	1	0	2	2	3	1	0	0	1	1	0	0	2	1	0	3	1	4	1	2	6	0	0	2	1	4	0	9	0	1	0	0	0	1	0	2	1	0
A[C>A]G	0	0	0	0	0	0	0	0	1	0	0	1	0	0	0	1	0	0	1	0	2	2	2	1	0	1	0	0	0	0	0	0	1	2	2	0	1	0	1	1	0	0	2	0	3	1	0	0	0	0	0	1	0	0	0	2	0	0	0	1	1	0	0	0	0	0	0	0	2	0	0	0	1	0	0	0	0	0	0	0	0	1	1	1	1	2	1	1	1	0	0	1	0	0	0	0	1	1	1	0	1	1	0	1	0	0	0	1	0	0	0	0	1	0	0	1	0	0	0	2	1	1	0	0	0	0	1	0	0	0	0	1	0	0	0	1	0	1	0	0	0	0	0	1	0	0
A[C>A]T	0	1	0	1	0	0	0	2	0	1	1	0	0	0	1	1	0	0	3	0	0	3	2	2	0	0	0	1	0	0	1	0	1	0	1	1	0	2	0	0	0	2	0	1	2	0	1	0	0	0	3	1	0	0	0	1	3	0	0	1	2	0	2	0	0	0	0	0	1	1	0	0	0	1	0	0	0	0	0	1	0	0	1	1	0	1	0	2	0	1	0	0	0	0	0	2	0	0	2	0	0	0	1	0	0	1	0	0	0	0	0	0	2	0	0	1	2	2	1	2	0	0	1	1	0	0	0	1	4	0	0	4	0	0	1	2	0	0	0	2	1	0	3	1	0	1
A[C>G]A	1	1	0	2	1	0	0	0	1	0	4	1	1	1	1	0	1	0	4	0	0	4	0	1	0	0	1	0	1	3	1	0	1	0	0	2	0	0	0	0	2	1	0	1	1	0	0	1	2	0	2	0	1	0	1	0	0	1	0	2	1	0	0	0	0	1	1	0	1	0	0	0	1	1	1	1	0	0	0	0	3	3	1	1	0	0	1	1	0	2	1	0	0	0	0	2	0	1	0	1	2	0	2	0	0	1	1	0	1	0	0	1	1	0	0	0	2	1	0	0	0	1	0	0	0	2	0	2	2	2	0	1	1	1	0	2	0	0	0	0	0	1	0	1	1	1
A[C>G]C	2	1	0	0	0	2	0	0	0	1	0	1	1	0	1	0	0	0	0	0	2	4	0	0	0	0	0	1	1	0	2	1	0	0	0	1	1	2	1	0	0	0	0	0	1	1	0	1	1	1	0	0	1	0	0	0	1	0	1	1	1	0	1	0	0	1	1	2	0	1	0	1	0	0	1	0	0	1	0	1	1	2	1	2	1	0	0	1	0	0	1	0	0	1	0	0	1	0	0	1	3	0	0	1	0	0	0	0	1	0	2	1	1	0	0	1	1	9	0	1	1	0	0	0	1	4	1	1	1	1	0	1	0	1	0	2	0	0	0	0	0	0	0	0	0	0
A[C>G]G	0	1	0	0	0	0	0	0	0	0	1	0	0	0	0	0	1	0	1	0	0	0	0	0	0	0	0	0	1	0	2	0	0	0	1	0	0	0	0	0	0	1	0	0	1	0	0	0	0	0	1	1	1	0	0	0	0	0	0	1	0	0	1	0	0	1	0	0	0	1	0	1	1	1	0	1	0	0	0	0	0	0	1	1	0	1	0	0	0	0	0	0	0	0	0	0	0	0	0	0	0	0	0	0	0	0	0	0	0	0	0	0	0	0	1	0	0	2	0	0	0	0	0	0	4	0	1	0	1	0	1	1	0	0	0	1	0	0	0	0	0	0	0	0	0	0
A[C>G]T	0	1	1	1	3	0	2	1	3	2	0	1	0	0	0	0	1	0	0	0	1	0	4	0	0	0	0	0	2	0	1	3	0	0	3	0	0	0	0	0	1	2	2	1	4	0	1	0	1	0	3	1	1	0	0	1	3	1	0	2	1	1	0	0	1	1	1	0	3	0	1	0	0	1	1	1	1	0	0	0	0	1	0	0	0	1	0	2	0	0	1	1	1	0	2	1	1	0	0	0	0	0	0	0	0	1	0	0	0	1	0	0	1	0	3	1	0	5	0	0	2	1	2	2	3	2	2	2	0	0	2	2	0	0	0	7	1	2	0	1	0	1	1	2	0	0
A[C>T]A	2	3	0	2	0	2	0	4	0	1	8	2	1	3	0	2	3	2	5	1	0	1	4	0	2	1	1	3	1	1	4	1	1	0	2	3	1	2	2	1	2	3	2	4	3	2	0	4	1	1	0	2	2	0	0	1	3	4	1	2	4	1	0	3	1	0	1	1	4	2	1	2	1	5	3	1	1	0	1	2	1	1	1	5	1	3	1	1	3	1	2	0	4	2	3	0	5	3	4	4	2	1	4	4	1	2	0	0	4	3	3	3	0	2	0	4	0	2	1	1	2	3	1	1	2	2	0	2	3	0	0	28	2	2	0	5	2	3	2	1	1	2	1	1	0	2
A[C>T]C	0	3	1	2	0	3	1	1	2	1	2	1	0	3	0	3	1	3	4	0	2	1	4	5	2	2	0	1	0	0	1	3	1	1	3	1	1	0	1	2	2	1	2	1	3	1	0	2	2	1	2	2	1	0	2	1	1	1	1	2	6	1	1	0	1	3	2	3	1	3	1	1	0	1	3	0	0	0	1	2	3	3	4	1	0	3	0	0	1	0	2	2	1	1	2	0	1	1	1	3	2	1	1	2	2	0	0	1	4	3	2	3	3	1	2	0	2	4	2	3	1	3	0	2	0	4	1	0	0	1	2	19	0	2	1	4	0	2	0	2	0	0	4	0	0	1
A[C>T]G	8	9	4	12	3	9	3	16	9	9	8	8	10	8	5	5	4	7	10	4	8	7	22	10	8	7	6	7	1	4	4	2	6	8	8	8	5	7	19	4	9	9	11	6	7	10	5	9	12	7	9	8	7	2	13	13	4	11	9	10	14	9	6	6	7	0	8	13	1	8	4	10	4	11	14	9	17	4	1	11	12	11	8	3	3	14	6	6	13	7	6	9	5	7	9	9	11	15	7	9	8	12	7	14	7	10	7	10	5	10	15	9	9	6	3	18	8	11	8	8	5	7	8	9	8	10	9	6	10	12	9	183	7	7	5	10	7	3	10	6	12	3	1	10	5	4
A[C>T]T	3	3	2	4	1	2	1	1	0	0	5	0	2	4	4	3	1	2	2	1	3	3	1	4	2	0	0	4	1	2	0	3	1	3	6	2	3	0	3	4	2	2	4	0	3	0	0	2	2	2	4	1	1	1	1	3	0	3	1	2	3	0	2	2	1	2	1	1	2	5	1	2	0	2	1	1	2	0	2	0	2	3	3	0	1	4	0	3	0	1	0	2	1	1	1	4	2	1	0	3	3	2	0	1	1	3	1	4	4	1	0	2	0	0	0	4	0	1	0	0	0	0	0	1	0	5	2	4	1	2	4	11	2	3	1	3	0	2	1	2	2	2	0	1	0	2
A[T>A]A	1	0	0	0	0	0	0	0	0	0	0	0	0	0	1	0	0	0	0	0	0	0	0	0	0	0	0	0	0	0	0	1	0	1	0	0	0	0	0	0	0	0	0	1	0	0	0	0	0	1	1	0	0	0	0	0	1	0	1	1	0	0	0	0	0	0	1	0	0	0	0	1	1	0	2	1	0	0	0	1	0	0	0	0	0	2	0	0	0	0	0	0	0	0	1	0	0	0	0	0	0	0	0	0	0	0	2	0	0	1	0	0	0	0	0	0	0	0	0	0	0	0	0	1	0	1	0	1	0	0	0	2	0	0	0	1	1	0	0	0	0	1	0	1	1	0
A[T>A]C	1	0	0	0	0	2	0	0	0	0	2	1	1	0	0	1	1	0	1	1	0	1	0	0	0	0	3	0	3	1	1	2	0	0	1	0	0	0	1	0	1	1	1	0	1	1	1	1	0	0	0	0	2	0	1	0	0	0	0	0	0	0	2	2	0	0	0	0	0	1	1	0	0	2	1	0	1	0	0	2	0	1	3	0	1	1	0	1	1	0	0	0	0	1	0	0	0	0	0	2	0	0	1	3	0	1	0	0	1	3	0	0	0	0	1	2	1	1	1	0	1	0	3	0	3	4	3	1	3	2	0	3	2	0	0	3	0	1	0	0	0	0	0	1	0	1
A[T>A]G	0	0	0	1	0	1	0	2	0	0	1	2	1	4	2	0	0	0	2	2	1	1	1	1	0	0	0	1	1	1	0	0	1	0	1	2	0	1	0	0	0	1	4	0	3	1	0	0	0	0	0	1	0	1	0	1	0	0	0	0	2	1	0	0	1	0	1	0	0	0	0	1	0	0	1	0	0	0	0	0	1	1	2	1	0	1	2	0	0	0	1	1	0	0	0	0	0	0	0	0	1	0	0	0	1	0	0	1	0	0	0	0	1	1	0	0	0	0	0	0	0	1	1	0	0	5	0	1	0	0	0	3	0	0	0	0	0	0	0	1	0	1	0	1	1	0
A[T>A]T	1	0	0	0	1	0	0	1	1	0	0	0	0	2	0	1	1	0	0	0	0	0	0	0	0	1	0	1	0	3	1	0	1	0	0	4	1	0	0	3	0	0	2	0	0	0	1	1	0	0	0	0	0	1	0	0	0	2	0	0	1	1	0	0	0	0	0	0	1	2	2	0	0	1	1	1	0	0	0	0	1	0	0	0	0	0	0	0	1	2	0	2	0	0	0	1	0	2	0	2	3	1	0	0	0	0	0	0	0	0	0	0	0	1	0	0	1	0	0	0	1	0	1	0	1	1	0	0	0	0	0	6	0	0	0	2	1	0	0	0	1	1	1	0	0	0
A[T>C]A	2	1	0	1	1	3	1	2	0	0	2	0	0	1	0	0	0	0	1	2	0	0	1	2	2	0	0	0	3	1	1	1	1	0	2	0	0	0	0	0	2	1	0	2	1	0	0	1	1	1	2	1	1	2	1	1	4	0	0	0	0	3	1	0	0	1	1	1	3	1	0	2	0	2	3	2	0	0	1	0	1	2	0	0	0	3	0	0	1	0	1	1	1	0	0	0	1	1	0	2	1	2	1	0	0	0	0	1	1	1	2	1	0	2	2	0	1	0	0	2	0	1	0	0	2	3	0	2	0	1	1	14	0	0	1	2	0	1	0	0	0	1	0	0	0	0
A[T>C]C	0	2	2	1	0	0	2	0	0	1	0	0	1	1	1	0	0	1	1	0	0	5	0	1	0	0	0	0	1	1	0	1	0	0	1	3	0	0	0	1	1	0	1	1	0	0	2	3	2	0	0	1	1	0	2	1	0	1	0	0	2	1	1	0	0	2	2	2	3	1	0	0	1	0	1	0	1	0	0	1	0	2	0	0	1	1	1	0	0	2	1	2	0	2	1	0	1	0	0	1	0	0	4	0	0	0	0	0	1	2	0	1	1	0	2	0	1	4	0	1	0	2	2	0	0	1	0	1	1	2	1	19	0	1	1	2	0	0	0	0	2	1	0	3	0	2
A[T>C]G	1	1	1	3	0	2	2	0	0	0	1	3	0	1	1	1	0	2	1	0	4	5	0	2	0	0	0	2	0	1	0	2	1	2	0	2	2	0	1	1	1	0	1	0	1	2	0	1	1	2	0	1	0	1	3	2	1	3	2	0	1	0	2	0	2	1	2	1	4	1	1	2	1	0	0	2	0	0	0	2	1	2	1	3	1	0	0	0	1	1	1	2	1	2	0	0	5	0	0	4	4	1	0	0	1	0	1	1	0	2	3	0	2	0	2	0	1	1	1	0	1	1	2	1	0	0	0	0	0	0	0	44	0	0	1	3	2	0	0	2	0	0	0	0	0	1
A[T>C]T	2	1	3	2	0	1	0	2	1	0	0	0	0	3	1	2	1	0	1	3	0	3	2	2	1	0	0	0	0	1	2	2	1	1	1	3	0	2	1	3	1	1	1	0	4	1	0	0	0	2	1	3	2	0	1	0	0	1	3	2	0	1	1	1	0	3	3	2	1	0	1	1	3	2	1	0	1	0	0	0	0	1	2	2	1	1	1	1	0	2	0	2	1	1	1	0	1	1	0	2	1	3	1	3	1	2	2	1	0	0	3	2	1	1	2	0	4	2	1	0	0	0	0	0	3	1	2	1	3	1	0	11	0	0	2	3	1	0	0	1	0	0	0	1	0	0
A[T>G]A	0	0	0	0	0	0	0	0	0	0	1	0	0	0	1	0	0	0	0	0	0	0	0	0	0	0	0	1	0	0	0	0	0	0	0	0	0	0	0	0	0	0	0	0	0	0	0	1	0	0	0	0	0	0	1	0	0	1	0	0	0	0	1	0	0	0	0	0	0	1	0	0	0	0	1	0	0	0	0	0	0	0	0	0	0	0	0	0	0	1	1	0	0	0	0	1	0	0	1	0	0	0	0	0	0	0	0	1	0	0	0	0	0	0	0	0	0	1	0	0	0	0	0	0	0	1	0	0	1	0	0	0	0	0	1	0	0	0	0	0	0	0	0	1	0	0
A[T>G]C	2	0	1	0	1	0	0	0	1	0	0	0	0	0	0	1	0	1	0	0	0	0	0	0	0	0	0	0	0	0	1	0	0	0	0	2	0	0	0	0	0	2	1	0	0	0	0	0	0	0	0	1	0	0	0	0	0	0	0	0	0	1	0	1	0	1	1	0	1	0	1	0	0	0	0	1	0	0	0	0	0	0	0	0	0	0	0	0	0	0	0	1	0	0	0	0	0	2	0	0	0	0	0	1	1	0	0	0	0	0	0	0	0	0	1	0	1	3	0	1	2	1	0	0	0	1	2	1	0	0	0	2	0	0	1	0	0	0	0	0	0	0	2	0	0	1
A[T>G]G	2	1	0	0	0	0	0	0	0	0	0	0	0	0	0	0	0	0	1	0	1	0	0	0	0	0	0	0	0	0	1	0	0	1	1	0	0	0	1	0	0	0	1	1	1	2	0	2	1	0	0	0	1	0	1	0	1	2	0	0	1	1	0	0	0	0	0	0	2	0	1	0	1	1	0	1	0	0	0	0	1	2	0	0	0	2	0	1	0	0	0	1	0	0	0	1	1	1	0	0	0	0	1	1	0	0	2	0	1	0	0	0	0	0	0	0	1	0	0	0	0	0	0	1	0	0	1	0	0	0	0	1	0	0	0	1	0	1	1	0	0	1	0	0	0	0
A[T>G]T	2	1	11	0	1	2	1	0	2	1	0	0	1	1	0	0	0	1	2	3	1	1	5	3	0	2	1	0	0	1	4	1	1	0	1	3	0	3	3	2	0	3	1	8	0	3	1	0	2	2	2	3	6	1	1	3	1	1	0	1	2	2	1	0	0	9	0	1	2	2	0	0	0	0	0	0	0	0	0	2	1	1	0	0	1	1	3	1	3	1	0	7	0	0	0	0	0	1	1	2	0	1	1	3	0	1	4	0	0	1	0	1	0	1	1	0	0	0	0	1	2	0	1	0	1	1	6	1	0	0	0	1	0	1	0	1	0	0	0	0	1	1	0	0	0	1
C[C>A]A	1	2	2	5	0	3	1	0	0	1	2	0	0	1	2	3	2	0	1	1	1	2	6	2	0	0	2	1	2	1	0	1	2	1	2	1	0	5	0	1	0	2	4	3	2	3	1	4	0	1	5	7	3	4	1	1	0	1	3	4	3	2	0	0	1	1	2	3	2	0	9	0	0	3	2	2	0	4	0	3	3	10	2	1	3	2	0	1	0	5	6	0	5	1	1	1	2	1	0	4	2	5	0	5	0	3	2	4	0	0	3	9	1	2	2	2	2	5	1	3	1	1	2	0	2	11	2	1	2	2	1	19	1	14	6	8	2	1	0	1	0	1	0	2	0	1
C[C>A]C	1	0	0	0	0	2	0	0	1	0	2	0	1	0	3	0	2	0	1	0	1	5	4	3	0	1	0	1	1	2	0	0	3	0	1	1	1	1	0	0	0	0	2	0	2	0	2	3	1	2	3	2	2	0	1	2	5	1	3	2	0	2	2	1	0	0	1	2	1	0	0	1	1	1	1	2	1	1	3	3	1	10	0	2	2	2	3	2	2	0	1	0	2	0	0	1	0	0	0	1	4	4	1	1	1	2	0	1	1	3	0	2	1	3	0	1	0	1	1	2	0	0	1	0	1	5	0	1	0	2	2	30	2	1	3	5	0	1	0	2	1	2	2	0	0	1
C[C>A]G	0	5	0	1	0	1	1	1	0	0	0	0	0	0	2	0	1	0	0	1	0	4	2	0	0	2	0	3	1	2	0	1	2	0	0	0	3	2	1	0	1	0	1	3	7	0	0	2	0	1	1	6	1	0	0	2	1	1	0	0	0	0	0	3	1	1	0	0	1	3	0	2	0	0	1	0	0	1	3	1	3	3	2	3	0	2	0	0	1	1	0	1	0	1	0	3	0	0	0	1	0	0	0	4	0	1	4	0	0	0	1	0	2	0	0	0	0	0	0	1	1	0	1	1	1	0	0	3	0	1	0	11	1	0	0	3	1	1	1	0	0	0	0	1	0	0
C[C>A]T	1	1	2	1	1	1	2	1	1	0	3	1	2	1	0	0	3	1	0	0	3	2	1	1	0	1	3	0	1	1	1	3	4	1	0	0	3	2	1	3	1	1	0	1	4	1	0	4	3	0	0	7	0	0	3	0	4	1	3	1	3	2	3	1	0	2	0	6	1	3	10	2	2	7	0	3	1	0	3	4	3	10	1	0	0	1	1	4	4	1	2	1	6	0	1	3	4	3	2	4	2	2	1	1	0	4	1	0	1	0	8	9	2	0	1	0	0	1	1	0	2	3	1	3	2	3	3	1	0	3	1	63	0	6	8	5	2	4	0	2	2	0	2	0	4	1
C[C>G]A	2	0	2	1	0	0	0	0	1	0	0	0	0	1	0	0	2	0	0	0	1	3	1	0	1	0	0	0	0	1	0	1	0	2	0	0	0	0	0	3	0	1	1	1	1	1	0	0	1	0	1	2	0	0	0	1	0	1	0	1	0	1	1	1	0	0	0	1	1	1	1	0	0	1	1	0	0	0	1	0	1	1	1	0	0	0	1	0	0	0	1	2	1	3	0	0	0	1	0	0	1	0	0	1	0	0	0	2	0	1	0	0	2	0	0	0	1	1	0	0	0	0	0	0	0	7	1	0	0	0	0	1	0	0	0	1	0	0	0	1	2	1	0	0	3	1
C[C>G]C	0	0	1	0	0	0	0	1	0	0	0	0	0	1	0	0	2	1	4	0	0	0	1	2	0	0	0	0	0	0	0	1	0	0	1	0	0	0	1	1	0	2	1	0	3	1	0	0	1	0	1	1	0	0	0	1	0	0	1	0	0	0	0	0	0	0	3	1	0	0	3	1	0	1	2	2	0	0	0	1	0	0	1	1	1	1	0	0	0	2	0	0	1	0	0	1	0	1	0	0	2	0	0	0	0	0	2	0	0	0	0	0	1	0	0	0	0	0	0	1	1	0	0	1	1	2	1	0	1	0	0	0	0	0	0	6	3	0	0	0	0	0	1	1	0	1
C[C>G]G	1	0	0	1	1	0	0	1	0	0	0	0	0	2	0	1	1	1	0	0	0	1	1	0	0	0	0	0	1	0	1	0	0	0	0	0	1	0	0	1	0	0	0	0	0	0	0	0	0	0	1	0	0	0	0	0	0	2	0	0	0	1	0	0	0	0	0	0	0	0	0	0	0	0	1	0	0	0	1	1	1	0	0	0	0	1	0	0	1	0	0	0	1	0	0	0	2	0	0	0	0	0	0	0	0	0	0	1	0	0	0	0	0	0	0	2	0	0	0	1	0	0	0	0	1	0	0	1	1	1	1	1	0	0	0	2	0	0	0	0	0	0	1	0	0	0
C[C>G]T	0	1	0	4	0	1	1	2	0	1	0	0	0	0	0	2	1	1	0	0	0	2	1	0	0	0	1	0	0	0	0	1	0	0	2	1	1	0	0	1	0	3	1	4	2	0	0	0	3	2	2	2	1	3	0	2	2	0	0	0	2	3	0	2	1	0	0	1	1	1	2	2	1	2	2	2	1	1	2	0	1	1	0	2	1	3	2	1	1	1	0	1	1	0	0	0	0	2	1	1	1	0	1	0	0	0	0	1	0	0	0	0	0	1	1	0	0	3	0	0	0	1	1	0	0	6	0	1	0	0	0	1	1	0	0	6	1	0	1	1	0	4	0	0	0	0
C[C>T]A	5	0	2	6	0	3	2	4	4	0	2	0	0	2	6	1	2	6	3	1	2	4	2	3	1	2	1	3	1	2	1	2	1	3	5	2	2	5	3	2	1	3	12	3	5	4	0	5	2	0	4	4	4	0	2	4	4	1	3	5	4	2	0	4	1	1	5	3	2	7	4	4	2	6	4	1	2	1	0	2	2	2	5	1	0	3	3	1	3	4	0	3	2	5	2	0	2	3	0	5	4	2	0	7	2	5	1	1	3	1	2	2	0	1	1	2	0	4	2	5	6	0	3	1	0	10	2	1	1	3	3	12	4	3	5	14	5	0	2	1	3	3	2	2	1	2
C[C>T]C	2	12	4	4	2	3	2	6	4	1	0	5	1	9	1	1	3	5	1	0	3	3	3	4	1	5	0	2	0	1	0	1	1	2	0	4	3	6	3	2	0	3	5	1	3	4	1	3	3	1	3	5	2	2	2	3	1	0	4	4	4	4	1	4	1	0	3	4	4	4	4	7	1	2	2	1	3	0	1	3	2	0	1	3	1	7	3	5	3	2	2	2	2	0	2	0	2	1	3	10	1	5	2	4	3	3	0	2	6	1	2	4	1	4	3	5	3	1	7	0	2	3	1	4	7	8	1	6	6	3	1	13	1	2	2	4	3	0	2	2	0	2	2	2	2	3
C[C>T]G	13	7	6	7	7	19	5	12	14	9	18	9	8	14	18	6	2	11	19	14	10	6	20	11	7	7	5	11	2	7	8	6	10	7	8	10	13	6	13	7	7	10	16	14	5	8	9	14	6	7	6	15	12	8	8	9	4	13	6	9	23	10	0	6	8	2	15	9	22	6	11	13	6	10	3	6	18	2	8	24	10	9	13	5	5	20	11	6	18	10	2	9	4	2	7	11	17	9	12	10	6	7	5	12	9	15	9	6	5	18	17	17	5	6	6	8	12	10	17	8	14	7	18	15	12	12	14	9	4	12	8	198	5	3	7	17	11	9	9	10	13	9	7	6	5	5
C[C>T]T	1	5	2	7	0	4	0	5	1	1	3	0	1	9	3	2	7	2	4	1	2	2	4	6	2	5	0	2	2	2	4	2	4	4	1	6	4	6	2	1	2	1	5	1	4	1	1	5	1	2	5	5	3	1	1	4	2	1	2	0	8	1	3	1	0	2	4	4	3	4	2	1	1	4	2	4	1	0	2	1	2	1	1	5	2	4	0	0	0	2	0	1	1	4	2	2	3	3	2	0	5	1	2	6	2	4	5	1	5	2	2	3	5	0	4	4	4	3	4	5	6	1	3	3	4	2	4	3	1	3	2	14	1	2	4	7	0	1	3	0	5	1	0	2	1	4
C[T>A]A	0	0	1	0	0	0	0	0	0	0	0	1	0	1	0	0	0	0	1	0	0	0	0	0	0	0	0	0	0	0	0	1	0	0	1	0	0	0	0	0	0	0	0	0	1	0	0	0	0	0	0	0	0	0	0	1	0	1	0	0	1	0	0	0	0	0	0	0	0	0	0	0	0	0	1	1	0	0	0	0	0	0	0	0	0	0	0	0	0	0	0	2	0	0	0	0	0	0	1	0	0	0	1	0	0	0	0	0	0	0	0	0	0	0	0	0	1	1	0	0	0	0	0	0	1	0	1	1	1	0	0	4	0	0	0	1	0	0	0	0	0	0	0	0	0	1
C[T>A]C	2	0	4	3	2	1	3	0	1	0	0	0	0	1	0	0	1	1	2	0	0	3	0	1	0	0	0	1	0	0	2	1	0	2	4	0	0	1	3	1	0	4	1	4	4	0	1	2	2	0	1	2	2	1	0	1	1	1	0	3	2	0	2	0	1	4	2	0	0	0	1	0	1	0	1	2	0	0	3	0	1	1	0	1	0	0	0	1	1	1	0	7	0	1	0	1	1	1	0	1	3	0	2	0	2	0	2	2	0	1	0	2	0	1	0	0	0	0	1	1	1	0	0	0	0	1	2	2	0	1	0	2	1	0	2	2	2	1	0	0	0	0	0	3	0	1
C[T>A]G	0	0	2	0	0	1	1	0	1	1	2	1	0	0	2	1	4	1	1	2	1	4	0	0	0	3	0	2	0	0	0	2	0	0	0	1	1	1	1	1	0	2	1	2	7	2	0	2	1	0	1	3	1	0	3	1	1	0	0	3	0	0	1	0	0	2	2	1	0	1	2	1	0	0	0	0	1	2	0	0	1	0	3	0	0	0	0	1	1	0	0	1	0	1	0	1	1	0	0	1	3	1	0	0	1	2	0	0	0	0	0	2	0	0	1	0	1	1	0	1	1	1	1	0	2	4	1	0	0	0	0	5	0	0	1	3	0	3	1	1	0	2	1	1	0	0
C[T>A]T	7	1	15	3	4	3	4	3	0	0	0	3	5	4	0	1	1	0	1	3	1	3	2	1	2	0	0	1	0	1	5	0	3	3	6	2	0	2	4	5	0	5	2	10	3	1	2	2	1	1	1	5	4	0	3	1	2	2	0	0	1	0	2	1	1	5	0	0	2	2	4	1	0	4	1	0	2	0	1	2	5	2	1	1	1	0	4	2	2	1	0	12	0	1	0	2	2	2	0	1	3	4	3	6	0	1	1	1	2	1	0	1	0	2	1	2	0	1	0	0	0	2	1	1	0	5	4	2	0	1	1	3	0	2	1	2	2	1	0	1	1	1	1	2	0	2
C[T>C]A	0	0	2	2	1	0	1	1	0	0	1	0	1	0	1	0	1	1	0	1	0	0	1	0	0	1	1	0	0	0	2	0	1	1	0	0	0	3	1	0	0	0	0	2	2	0	0	3	1	0	0	1	2	1	0	1	1	1	0	1	0	0	0	1	0	4	0	1	0	2	1	0	0	0	0	1	1	0	2	2	1	0	0	2	0	1	0	2	0	0	2	3	1	0	0	1	0	0	0	0	2	0	0	1	1	0	1	0	0	2	1	0	1	0	1	0	0	1	0	1	0	0	0	0	0	0	0	0	1	1	0	23	1	0	1	1	1	0	0	1	0	1	0	0	0	0
C[T>C]C	6	1	8	4	7	1	4	1	2	1	0	3	0	1	1	1	1	1	5	1	3	2	1	2	3	2	0	2	2	1	5	0	1	3	3	6	0	1	3	11	1	6	1	18	3	2	2	1	1	0	8	4	8	1	1	1	3	1	0	0	3	1	3	1	3	10	1	2	3	2	1	0	2	0	3	0	2	1	0	0	2	2	0	5	0	1	3	7	6	1	2	37	0	4	3	3	4	0	5	2	2	2	2	10	2	0	5	1	0	0	2	2	0	1	4	0	1	0	0	1	2	1	3	2	3	3	6	1	0	3	4	25	0	2	1	9	0	0	1	0	0	0	0	1	0	1
C[T>C]G	7	4	13	2	5	3	2	2	2	0	3	2	0	5	4	3	0	2	2	3	8	7	1	4	0	0	0	2	0	0	7	0	0	3	6	8	0	3	3	3	1	2	1	13	1	4	3	1	2	2	2	4	3	1	4	3	1	3	0	1	5	1	1	0	4	12	5	1	1	3	2	1	1	1	2	2	3	0	1	2	2	2	0	3	0	0	2	1	4	2	0	19	2	6	0	2	3	2	1	3	2	0	6	4	0	5	7	1	1	0	3	6	1	2	4	1	3	4	0	3	6	0	7	0	0	2	4	5	2	3	0	59	1	1	1	5	1	2	0	3	3	2	1	3	1	1
C[T>C]T	19	2	40	4	14	6	14	1	10	3	4	4	6	6	2	2	8	2	6	3	2	3	1	4	3	8	1	7	2	4	20	3	4	6	10	12	1	11	3	32	5	14	3	48	7	4	2	0	5	2	5	14	15	1	8	11	2	9	0	10	18	3	4	1	7	29	2	6	2	7	2	5	0	10	4	1	2	1	1	6	4	1	1	6	0	2	14	13	14	9	1	40	2	0	2	2	10	0	2	3	11	6	5	16	3	2	11	2	3	1	3	6	3	4	5	0	1	1	0	2	4	0	9	2	3	8	17	1	1	3	11	20	0	3	5	7	4	2	1	0	0	1	5	5	1	0
C[T>G]A	0	0	0	2	0	0	0	0	0	0	1	0	0	0	0	1	0	0	0	0	0	1	1	0	1	0	0	0	1	1	1	0	0	0	0	0	0	0	2	2	0	0	1	0	1	0	0	0	0	0	0	0	0	0	1	0	0	0	0	0	0	0	0	1	0	1	0	0	1	0	0	0	0	1	0	0	0	0	0	1	0	1	0	0	0	0	0	0	1	0	0	1	0	0	0	0	0	0	0	0	1	0	0	0	0	0	1	0	0	0	0	0	0	0	0	0	0	0	0	1	0	0	0	0	1	0	2	0	0	2	1	0	0	0	0	0	0	0	0	0	0	2	0	1	0	0
C[T>G]C	2	1	6	2	4	2	4	0	0	0	1	4	0	0	2	0	1	0	2	0	2	1	0	2	0	1	0	0	1	1	1	1	0	0	3	4	0	0	0	2	0	1	1	6	1	1	0	0	1	2	1	3	3	0	0	1	0	0	0	2	3	0	1	0	0	7	0	1	0	2	0	0	0	1	0	0	1	0	0	1	0	1	0	2	0	0	2	2	1	0	0	9	0	0	2	0	1	2	0	1	3	0	3	3	1	0	2	0	0	2	0	1	2	0	0	0	0	0	0	2	1	1	0	0	0	1	0	2	0	0	1	10	0	1	0	2	0	1	0	0	0	1	1	0	0	0
C[T>G]G	7	1	6	2	3	1	1	2	1	2	0	0	0	1	1	1	2	2	2	1	0	0	0	0	1	0	1	3	1	1	4	0	0	1	1	2	0	3	1	1	3	3	1	4	2	0	2	1	1	0	1	4	1	0	1	1	0	0	0	1	2	0	0	0	1	5	0	2	0	1	0	0	0	2	0	3	2	0	1	0	0	3	1	1	0	1	2	2	2	1	3	7	0	1	1	0	1	1	0	0	5	1	0	1	0	0	1	1	1	1	2	1	0	0	0	0	2	1	0	1	0	0	4	0	0	0	0	0	0	2	4	6	0	0	0	3	0	0	0	0	0	2	0	2	0	2
C[T>G]T	78	5	105	15	46	21	35	6	18	4	3	15	19	10	13	6	13	6	13	4	2	3	6	2	3	6	10	7	2	7	59	7	9	14	30	33	4	12	18	20	2	37	2	97	13	12	6	1	11	2	24	35	50	1	11	29	5	18	1	14	38	3	14	3	5	76	6	14	7	17	10	5	1	28	4	0	13	0	1	10	10	2	1	4	0	3	25	29	21	9	0	76	2	8	2	3	25	3	5	11	18	17	0	31	1	5	36	4	9	3	0	6	5	8	13	4	1	1	1	1	19	0	12	3	5	19	30	12	0	4	24	9	0	14	7	13	9	6	2	5	3	5	10	9	3	1
G[C>A]A	1	9	2	3	1	6	1	1	1	1	4	3	3	1	2	2	3	3	3	1	2	0	4	3	0	1	0	4	0	2	0	1	3	1	1	2	0	3	2	3	1	4	2	1	2	6	5	2	2	3	3	2	5	5	0	4	1	3	2	3	4	2	0	2	0	1	0	1	3	1	2	3	0	7	1	1	3	1	3	7	2	6	2	1	0	8	1	4	2	3	1	0	2	1	2	2	4	2	3	2	3	2	2	4	2	3	0	3	1	3	1	2	2	3	1	1	1	5	3	1	6	3	2	1	2	9	2	1	3	4	3	6	1	0	2	4	2	2	0	2	1	2	2	4	0	1
G[C>A]C	0	2	2	0	1	4	0	5	1	1	2	1	0	0	1	0	3	1	1	1	0	1	2	2	0	0	0	2	2	1	0	0	2	0	0	2	0	1	0	2	0	2	2	1	2	0	2	1	0	1	1	1	2	1	0	2	0	3	0	0	2	0	0	1	1	0	2	1	0	0	0	1	0	1	2	0	2	1	2	2	2	2	0	1	0	3	1	1	1	0	3	1	0	3	0	0	1	5	0	2	3	0	0	2	0	1	0	1	0	4	1	1	1	2	0	0	0	7	1	0	1	0	0	2	1	8	1	1	0	0	3	7	0	3	0	8	1	4	1	0	0	0	0	2	1	0
G[C>A]G	0	1	0	0	0	0	1	0	0	1	2	0	0	1	0	0	0	0	0	0	0	0	0	0	1	1	1	0	0	0	0	1	0	1	0	2	0	1	1	1	0	2	0	0	0	1	0	0	1	0	0	0	0	0	1	0	0	1	0	0	0	2	1	0	1	0	1	0	0	1	1	0	1	0	0	0	1	0	0	1	0	2	1	1	0	3	0	1	0	3	0	0	2	1	0	1	2	0	0	1	2	0	0	0	0	3	2	0	0	0	0	1	0	0	1	0	0	0	1	1	0	0	2	0	1	4	1	0	1	0	0	7	0	0	0	2	1	1	1	1	0	3	1	0	0	0
G[C>A]T	0	4	0	2	2	3	4	0	1	3	5	2	0	0	3	3	2	2	2	1	1	5	2	0	1	1	0	1	0	1	1	1	1	2	1	0	3	1	0	5	0	1	1	3	2	7	2	1	1	1	4	2	0	0	0	5	2	4	0	3	3	0	0	0	2	1	2	0	1	1	3	1	1	1	1	1	2	1	5	3	0	1	0	1	2	4	0	3	0	2	3	4	1	4	0	0	4	3	0	0	3	0	5	4	0	2	0	1	1	0	3	2	0	3	1	1	5	1	2	0	3	1	1	1	1	3	0	1	2	4	3	11	0	1	1	6	1	0	0	1	2	3	1	1	0	2
G[C>G]A	0	0	0	3	0	0	0	1	2	0	1	1	0	2	0	0	0	0	1	0	0	2	0	0	1	1	0	0	1	1	1	0	1	2	0	3	0	0	1	0	0	2	1	0	1	1	0	0	0	0	2	0	0	0	0	0	0	0	0	0	0	3	0	0	0	0	0	1	2	0	0	0	0	0	0	1	0	0	0	1	0	1	0	1	2	1	1	1	0	0	0	0	0	1	1	0	1	0	0	1	0	1	0	0	0	0	2	0	0	1	0	1	0	0	0	0	1	0	1	3	0	0	0	0	0	3	1	0	0	1	0	1	0	0	0	0	0	0	0	0	2	0	0	0	1	1
G[C>G]C	0	1	0	2	0	2	0	0	1	2	0	0	0	0	1	0	1	0	0	0	0	6	1	0	0	1	1	0	0	0	0	1	1	1	3	0	2	1	0	0	3	0	0	1	1	1	0	0	0	0	2	0	1	0	0	0	2	1	0	4	0	0	0	1	2	0	0	0	0	2	0	0	1	1	2	0	1	0	1	0	0	0	0	1	0	0	1	0	1	0	1	0	0	0	0	1	0	0	1	0	2	0	2	1	0	0	0	0	1	0	2	1	1	1	0	0	2	2	1	0	0	1	0	1	0	1	0	1	1	0	1	10	1	0	0	3	1	1	0	1	0	1	0	0	2	0
G[C>G]G	0	0	0	0	0	1	0	0	0	0	2	0	0	0	0	0	0	0	1	0	0	0	0	0	0	0	1	0	0	0	0	0	0	0	0	1	0	0	1	0	0	0	0	0	1	0	0	0	0	0	1	0	0	0	0	1	1	0	0	0	0	0	0	1	0	0	0	0	0	1	0	0	1	0	0	0	0	0	1	0	0	0	0	0	0	1	0	0	0	0	0	0	0	1	0	1	1	0	0	0	0	0	0	0	0	0	0	0	0	1	0	0	0	0	0	1	0	0	0	0	1	0	0	0	0	2	0	1	0	0	0	0	0	0	1	0	0	0	0	0	0	0	0	0	0	0
G[C>G]T	0	1	4	1	0	0	0	2	1	0	1	1	0	0	1	1	0	0	1	0	0	1	1	1	0	1	0	0	0	0	1	2	0	0	2	1	0	1	1	0	0	0	3	1	4	1	0	1	0	0	1	2	2	0	0	1	0	1	0	0	0	0	0	0	1	0	2	1	0	1	0	1	0	1	1	0	0	1	1	0	1	0	0	1	4	1	0	0	0	0	2	0	1	1	0	1	0	0	0	0	2	2	0	1	1	0	0	2	0	0	3	1	0	1	0	0	0	4	0	0	0	1	0	1	2	2	0	0	0	0	0	3	0	1	0	3	0	1	0	0	0	1	0	1	0	0
G[C>T]A	0	6	3	3	2	5	1	1	0	0	3	2	0	1	2	3	3	2	0	1	3	8	3	4	1	0	1	1	3	2	1	4	2	1	1	4	2	1	2	1	3	0	4	1	3	3	2	1	2	0	2	1	1	3	0	0	1	3	0	2	2	0	0	0	7	0	1	1	1	1	0	3	1	4	4	2	1	0	4	0	6	2	1	3	1	4	1	2	1	6	1	2	0	0	2	2	3	1	0	3	5	3	0	4	2	1	0	1	2	0	6	2	1	0	2	6	2	2	1	1	4	1	3	4	4	9	1	3	3	4	1	41	1	1	2	7	1	0	0	1	0	1	2	3	0	0
G[C>T]C	0	2	1	1	4	4	4	3	2	0	3	4	2	1	4	1	1	0	5	1	1	5	3	1	0	1	0	0	1	1	3	3	2	1	5	2	0	2	2	3	2	3	3	2	8	3	2	6	0	2	4	5	3	0	1	1	2	3	3	3	4	4	1	0	2	1	4	1	2	2	1	4	3	3	2	2	3	1	1	3	5	1	2	1	0	6	5	2	4	1	0	3	1	6	0	3	6	7	1	6	4	3	0	4	6	1	2	0	2	0	3	2	1	2	2	4	2	4	5	2	3	1	5	3	4	7	3	5	3	2	3	86	1	3	1	3	4	0	0	2	2	5	1	3	2	4
G[C>T]G	12	11	6	9	2	10	6	15	12	12	15	3	5	12	17	7	2	10	16	6	16	10	22	6	6	6	5	7	4	5	6	10	9	7	17	12	10	8	15	3	12	9	17	4	10	11	13	8	10	4	11	9	11	7	10	24	7	7	12	13	21	8	5	10	8	2	10	19	8	9	7	13	5	8	12	8	11	5	16	12	12	18	10	6	3	17	13	5	15	10	7	7	9	9	9	13	14	8	6	11	4	6	4	16	9	11	7	6	8	11	13	14	11	10	7	10	11	6	10	13	17	8	15	13	11	12	13	7	11	10	13	240	5	11	1	15	11	3	6	5	15	8	5	6	3	7
G[C>T]T	2	1	4	4	0	2	1	1	2	0	1	1	1	3	2	4	1	1	1	2	4	9	6	0	1	1	0	2	0	5	1	2	3	3	3	1	3	3	5	0	5	8	1	3	4	5	1	5	1	2	2	1	3	1	1	10	1	0	4	2	5	1	0	2	2	1	2	0	2	3	0	1	0	2	4	2	2	1	2	3	0	4	1	4	2	1	1	3	7	1	3	2	2	2	0	1	2	4	1	0	6	0	3	7	2	2	1	1	3	3	3	0	0	2	1	4	1	1	4	2	3	0	4	3	2	1	3	6	3	3	2	52	0	1	2	4	2	2	1	0	1	2	1	0	1	1
G[T>A]A	0	0	1	1	0	1	0	0	0	0	0	0	0	0	0	0	0	0	1	0	0	1	0	0	0	0	1	0	0	0	0	0	0	0	1	0	1	0	1	0	0	1	0	1	0	0	0	1	2	0	0	0	0	0	0	1	0	0	0	1	0	0	0	0	0	0	0	0	0	1	0	0	1	0	0	2	0	0	0	0	0	0	0	0	0	2	1	0	0	0	0	0	0	0	0	0	2	0	0	1	0	0	2	1	0	0	0	0	0	0	0	0	1	0	0	0	0	1	0	0	0	0	0	0	0	0	0	0	0	1	0	0	0	0	0	1	0	0	0	0	0	1	0	1	0	1
G[T>A]C	1	0	1	0	1	0	1	2	0	0	0	1	0	0	0	0	1	0	0	0	1	1	0	0	0	0	0	0	1	0	0	0	0	2	1	1	0	0	2	0	0	0	0	1	0	1	0	0	1	0	0	1	1	0	1	1	2	0	0	3	0	1	3	1	0	2	0	0	1	0	0	1	0	1	0	0	0	0	0	0	0	0	2	0	0	0	0	0	1	0	0	1	0	1	0	1	0	0	1	1	1	0	0	2	1	0	0	0	0	0	0	1	0	0	0	0	0	0	0	1	0	0	1	0	1	1	2	0	0	0	0	7	0	0	0	0	1	0	0	0	0	1	0	0	0	0
G[T>A]G	0	2	1	2	1	0	0	0	1	0	0	0	0	0	2	0	1	0	0	0	1	1	1	0	0	0	0	2	0	1	2	1	1	0	2	2	0	0	3	0	0	1	0	1	1	0	1	0	0	2	0	0	0	1	0	0	1	0	0	0	1	0	0	0	0	0	0	1	0	0	0	0	0	1	0	0	0	1	0	2	0	0	0	0	0	0	1	0	1	0	0	0	0	0	0	0	1	1	0	1	0	0	0	0	0	0	0	0	0	0	1	1	0	1	0	0	0	0	0	0	0	0	1	0	0	2	1	0	1	0	0	3	0	0	0	3	0	0	0	0	1	1	0	1	0	1
G[T>A]T	3	0	3	1	2	1	0	0	0	0	0	0	0	2	0	0	1	0	1	0	0	0	1	1	1	0	0	1	2	0	3	0	0	1	0	2	0	0	1	0	0	0	0	4	2	0	1	0	1	0	0	0	2	1	0	1	0	2	0	1	0	0	2	0	1	2	1	1	0	1	0	0	0	0	1	0	0	0	0	0	0	0	1	0	1	0	1	1	2	2	1	0	0	0	0	0	1	0	0	0	1	2	0	0	0	0	1	1	1	0	0	0	1	0	0	0	0	0	0	1	1	0	0	1	1	4	0	0	0	0	1	3	0	0	0	3	0	0	0	0	0	0	1	0	0	0
G[T>C]A	1	1	3	1	2	0	0	0	0	0	0	0	0	0	0	0	0	1	2	0	1	1	1	1	0	2	0	1	0	1	4	0	0	0	0	4	0	1	0	0	1	1	3	0	2	1	3	1	1	0	1	1	0	0	0	0	2	1	0	3	1	1	1	0	2	2	3	1	3	0	2	4	0	0	1	0	0	0	0	0	0	0	1	1	2	1	1	1	1	0	0	1	1	0	0	0	0	1	0	0	0	2	0	0	0	0	2	0	0	1	2	1	0	0	1	0	1	0	0	1	1	1	2	1	4	2	1	1	0	1	1	99	1	0	0	3	0	2	0	0	1	1	0	2	4	1
G[T>C]C	5	3	5	1	2	0	1	0	1	1	1	2	3	1	1	0	2	6	2	1	0	4	1	0	0	3	0	2	0	2	3	0	1	2	4	5	1	1	0	2	1	3	0	3	2	2	1	3	3	1	2	3	4	3	0	3	1	1	1	2	2	0	2	0	1	4	0	2	0	1	1	1	1	1	1	3	3	0	1	2	0	0	2	1	1	1	0	1	2	1	1	4	0	0	0	2	5	5	2	1	3	3	0	0	1	2	3	0	1	1	0	2	3	1	3	0	1	2	1	4	0	0	3	1	3	2	3	2	2	1	0	43	0	1	1	2	1	0	0	0	1	0	0	0	0	1
G[T>C]G	1	1	5	0	1	1	1	2	1	0	1	2	1	2	3	1	1	0	1	0	2	3	0	0	2	0	0	0	2	1	4	0	1	0	1	2	1	1	2	2	0	1	2	6	1	1	0	2	2	1	0	1	0	1	1	2	1	1	1	2	3	0	0	2	2	2	1	2	1	0	2	2	0	1	1	3	2	0	1	3	1	0	0	1	0	1	4	0	0	2	0	4	1	4	0	0	3	2	1	0	1	0	0	3	2	2	1	1	1	3	1	0	0	1	1	0	0	0	1	3	0	1	0	0	1	1	3	2	1	1	1	63	0	1	0	9	2	0	0	0	2	1	0	0	2	0
G[T>C]T	2	2	4	0	1	0	3	1	3	0	0	3	0	0	3	0	3	0	2	1	1	4	1	2	0	1	0	1	0	0	3	3	0	5	4	4	0	1	1	1	1	1	2	2	0	0	3	1	0	2	1	2	2	1	3	2	0	2	0	2	2	1	1	1	0	5	0	2	3	2	2	1	2	1	0	2	3	1	1	0	0	0	0	1	0	1	2	3	1	1	0	4	0	1	1	2	1	2	0	2	1	2	1	6	0	1	1	0	1	0	2	1	0	4	2	0	3	1	2	0	1	1	4	2	2	1	4	1	0	2	1	41	0	0	0	1	0	0	1	0	1	1	0	4	0	1
G[T>G]A	0	0	0	1	0	0	1	0	0	0	0	0	0	1	0	0	0	0	0	0	0	0	0	1	0	0	0	0	1	0	1	0	0	0	0	1	0	0	0	0	0	0	0	0	0	0	0	0	0	0	0	1	1	0	0	0	0	1	0	0	2	0	0	0	0	0	1	1	0	0	0	0	0	0	0	0	0	0	0	0	0	0	0	0	1	0	0	0	0	1	0	1	0	0	0	0	0	0	0	0	0	0	1	1	0	1	0	0	1	0	0	0	0	1	0	1	0	2	0	0	1	0	0	1	0	0	0	1	2	0	0	0	0	0	0	0	0	0	0	0	0	0	0	0	0	0
G[T>G]C	4	0	8	0	1	0	1	0	0	1	0	1	0	1	0	0	1	0	0	0	0	2	0	0	0	0	1	1	1	0	1	1	1	0	1	0	0	0	0	0	0	1	0	1	1	0	0	0	0	0	0	0	1	0	0	1	0	1	0	1	0	0	0	0	0	3	0	0	0	0	0	0	0	0	0	0	0	0	0	0	0	1	0	0	0	0	0	1	0	1	0	2	0	0	0	0	0	0	1	2	0	0	0	1	1	1	1	1	0	0	0	1	0	0	0	0	0	2	0	0	0	0	1	0	0	0	1	1	0	0	1	0	0	0	0	0	1	1	0	0	1	0	0	1	0	0
G[T>G]G	1	0	2	1	0	0	1	0	0	0	0	1	2	1	0	0	1	1	2	0	0	0	0	0	0	0	0	0	1	0	0	0	0	1	1	1	0	1	0	0	0	0	0	3	1	0	0	0	0	0	0	2	0	0	1	1	0	0	1	0	1	0	0	0	1	5	1	0	0	0	1	0	1	0	2	0	1	0	0	2	0	0	0	0	0	3	1	0	0	0	0	0	1	1	0	0	0	0	0	1	1	1	0	0	1	1	0	0	0	0	0	2	1	0	0	0	0	0	1	1	0	0	0	0	0	3	0	1	1	0	0	1	1	1	1	1	0	0	0	0	1	0	0	0	0	0
G[T>G]T	12	1	27	0	8	5	13	1	6	2	2	4	1	0	1	1	1	1	1	0	1	1	0	0	0	3	3	2	1	5	10	1	2	2	6	5	2	2	6	7	1	8	2	13	5	6	2	0	0	0	5	7	15	0	1	9	0	2	0	1	7	0	4	1	1	17	1	4	4	3	0	2	0	5	2	0	3	0	0	3	3	2	1	2	0	0	9	2	4	3	0	24	0	1	0	1	3	0	0	4	4	3	2	9	0	0	15	1	2	2	0	3	1	4	2	0	0	1	0	1	5	0	3	0	4	3	5	2	0	1	1	3	0	6	1	4	3	0	0	0	0	0	3	1	1	2
T[C>A]A	1	1	1	1	1	1	1	1	2	1	2	1	2	3	3	2	1	2	3	2	3	2	2	2	0	2	0	2	2	2	1	1	2	1	1	0	1	3	4	2	1	1	3	2	5	2	3	6	2	1	1	13	0	0	1	2	0	3	0	2	2	2	3	1	1	0	3	2	3	1	2	2	0	2	3	4	1	0	4	4	1	4	1	1	0	3	0	0	0	4	1	1	1	0	1	3	6	1	0	1	1	1	1	3	0	6	1	1	2	2	0	1	1	2	1	4	1	7	1	1	2	1	0	0	2	6	0	2	2	4	1	2	1	3	1	3	1	1	0	2	0	3	1	2	0	0
T[C>A]C	0	4	0	1	0	0	1	2	1	1	1	0	3	4	1	0	0	3	6	0	1	1	1	1	5	2	1	1	0	0	1	3	3	1	0	0	0	1	1	1	1	0	0	0	5	1	3	6	0	2	2	6	1	0	2	3	4	0	3	0	4	0	0	2	0	0	2	2	2	0	6	3	1	1	0	2	3	3	4	3	2	2	3	1	3	2	1	1	0	1	1	0	1	2	0	2	2	4	2	5	8	1	1	2	0	1	0	2	0	3	3	4	0	1	3	1	2	2	1	0	2	2	0	1	1	8	0	5	1	2	5	5	1	2	3	5	3	4	3	2	2	1	1	3	1	1
T[C>A]G	0	2	2	2	1	1	0	0	0	1	2	0	0	0	1	0	2	2	3	1	1	3	1	0	1	0	2	0	0	0	0	1	1	0	2	0	1	1	1	2	0	2	1	3	6	2	1	0	1	3	2	3	0	0	0	0	0	0	2	1	1	0	1	1	0	0	0	4	1	2	2	1	1	2	1	2	2	0	0	1	1	9	0	0	0	1	0	0	0	3	1	0	4	2	1	0	2	0	1	4	2	0	0	2	0	2	1	0	1	0	1	4	2	0	0	1	0	0	1	0	0	0	0	1	1	1	0	2	1	0	0	4	0	0	1	2	2	0	0	2	1	0	0	1	0	0
T[C>A]T	3	3	3	1	0	0	0	2	4	3	4	1	2	5	2	1	2	1	1	1	4	1	3	3	0	2	1	4	1	3	1	6	2	1	4	4	0	2	3	2	2	5	4	1	5	4	1	3	5	1	1	5	4	3	1	7	2	4	3	1	3	4	1	3	2	1	2	4	2	4	1	3	0	9	3	0	1	1	2	4	4	4	3	0	1	1	2	1	1	1	2	0	2	1	1	2	2	2	4	6	3	3	3	1	0	3	3	1	1	2	2	4	2	3	1	4	2	4	1	2	3	1	1	0	1	3	1	2	3	1	0	8	1	2	3	4	3	1	0	2	4	4	0	3	0	1
T[C>G]A	1	0	1	1	2	2	2	0	0	2	2	2	0	2	0	1	6	1	1	0	1	11	1	2	1	0	1	2	2	2	4	0	2	0	7	0	0	4	0	3	3	1	2	2	5	2	2	1	0	1	1	37	1	0	1	1	1	3	1	1	1	1	0	0	0	0	1	0	0	0	2	2	2	0	2	2	3	1	2	0	3	1	2	3	3	0	3	0	1	0	0	1	2	0	0	1	1	1	1	4	7	1	2	1	1	2	1	2	3	1	0	2	0	0	1	2	0	8	3	0	1	0	0	0	2	11	2	14	1	2	4	1	0	1	3	8	2	2	0	1	0	9	0	0	1	3
T[C>G]C	1	2	1	2	2	1	0	0	2	6	3	0	1	2	2	1	0	1	0	2	0	2	1	3	1	0	1	1	1	0	1	0	0	0	1	0	0	0	1	0	0	0	1	0	10	1	0	0	0	0	2	7	1	0	1	3	1	1	0	0	0	4	0	0	0	1	1	0	0	0	1	3	2	0	1	1	1	1	1	1	1	2	2	0	4	1	1	1	1	2	0	0	1	1	0	0	1	0	0	3	3	1	0	0	0	1	0	1	2	0	0	1	1	0	0	1	1	3	1	0	1	2	1	1	1	9	1	3	1	3	0	1	1	0	0	7	1	0	0	0	0	2	1	1	2	0
T[C>G]G	0	1	0	0	0	0	0	0	0	1	1	0	0	0	0	0	2	0	0	0	0	2	0	1	1	0	0	0	0	0	2	0	0	0	0	0	0	1	0	0	0	0	0	0	2	0	0	0	0	0	0	6	0	0	0	0	1	0	0	1	0	0	0	0	0	0	3	0	1	1	1	0	0	0	0	1	1	0	0	0	0	0	0	1	0	0	0	0	0	1	1	0	1	0	0	0	0	0	0	2	0	0	0	0	1	1	0	0	0	0	0	1	0	1	0	1	0	2	0	0	0	0	0	0	0	3	0	0	0	0	0	1	0	0	0	4	0	0	0	0	0	2	0	0	0	0
T[C>G]T	1	1	2	2	3	2	1	4	1	2	0	1	0	4	4	5	2	3	2	1	1	19	1	5	0	0	1	2	2	0	2	3	1	1	1	0	0	1	4	4	1	3	2	6	17	5	2	2	2	4	2	38	1	0	1	2	5	2	2	4	1	1	0	2	1	1	0	2	0	2	4	2	0	3	6	2	2	0	4	3	2	4	6	2	4	0	1	1	1	0	6	2	0	1	0	1	1	1	0	10	5	4	0	3	1	2	1	2	2	1	0	4	5	1	3	7	0	16	4	0	3	1	1	1	2	22	2	10	2	0	5	1	4	3	2	15	1	1	0	5	0	21	2	9	0	0
T[C>T]A	3	4	1	4	0	5	4	5	4	3	4	3	3	4	6	3	6	7	1	3	1	9	1	7	1	4	1	3	2	5	6	2	1	0	3	3	3	7	2	3	4	3	6	7	8	4	2	5	2	4	4	51	5	4	4	4	2	8	1	9	4	8	0	1	4	7	9	2	3	2	3	4	3	2	5	4	7	2	4	7	8	2	4	2	1	5	3	1	2	3	6	2	2	4	0	4	6	2	0	15	16	5	1	6	3	4	0	2	1	4	1	2	4	0	4	4	5	6	3	1	5	2	0	3	5	14	4	12	5	4	9	10	3	2	8	12	2	1	2	2	3	25	6	7	0	6
T[C>T]C	0	3	4	6	5	8	1	8	5	3	3	1	2	5	3	4	4	5	4	3	5	7	7	3	3	4	2	1	1	5	5	3	4	4	6	4	3	4	5	4	6	3	5	3	9	7	3	4	1	4	4	14	2	2	4	5	3	6	2	10	4	6	0	3	3	0	1	3	5	5	2	4	1	2	1	3	4	0	2	5	7	2	3	4	1	5	2	0	2	0	3	4	6	6	4	4	5	1	0	6	7	3	1	3	2	2	2	4	7	4	3	4	3	1	0	9	4	2	3	3	7	2	2	8	4	17	2	8	6	4	2	14	2	3	5	13	3	2	0	3	4	11	0	7	2	5
T[C>T]G	10	6	2	5	1	4	3	13	6	5	4	2	9	7	6	5	7	10	8	6	8	2	16	6	7	6	1	7	3	4	3	7	7	3	10	11	7	9	6	4	8	5	7	8	6	4	3	5	4	7	7	30	8	2	6	13	2	8	4	6	10	5	5	3	7	1	6	4	6	5	3	6	4	11	4	4	11	0	6	5	11	7	10	5	1	11	7	5	9	9	5	10	6	7	3	5	7	8	4	14	16	12	1	10	7	7	6	3	6	7	10	9	6	1	2	6	5	4	13	8	7	5	1	4	7	3	6	14	6	5	4	118	5	4	1	10	6	3	0	3	3	12	6	4	4	3
T[C>T]T	2	5	1	6	1	5	1	2	2	3	2	4	4	6	6	3	5	5	6	1	1	2	1	4	3	2	1	4	2	5	6	4	4	1	5	4	6	6	5	3	1	1	5	5	4	4	1	3	2	4	3	40	3	5	1	2	5	4	1	8	2	3	2	1	4	2	0	4	3	4	2	4	5	3	1	5	6	3	7	2	1	3	7	6	2	3	2	2	3	2	1	4	3	5	0	2	4	0	0	8	8	4	2	4	2	7	4	4	7	1	0	4	2	1	2	0	2	5	9	2	4	8	3	7	5	18	3	8	3	1	4	11	1	1	4	4	4	0	2	1	1	6	1	4	2	3
T[T>A]A	1	0	0	1	0	0	0	0	0	0	0	0	0	0	0	0	0	1	0	0	0	0	0	0	1	0	0	0	0	0	1	0	0	0	0	0	0	0	0	0	1	0	0	1	1	0	0	0	0	1	0	0	0	0	1	0	1	0	0	0	0	0	1	0	0	1	0	0	0	0	0	0	0	0	0	1	0	0	0	0	0	0	1	0	0	0	0	0	0	0	0	0	0	0	0	0	1	0	0	0	0	0	0	0	1	0	0	0	0	0	0	1	0	1	2	1	0	0	0	0	0	0	1	0	0	1	0	1	0	1	1	2	0	1	0	0	1	0	0	0	0	0	0	0	0	0
T[T>A]C	0	1	2	0	0	0	0	0	1	0	2	1	0	0	0	4	0	0	1	1	0	3	0	3	0	0	0	0	0	0	0	0	0	1	2	0	0	0	0	0	0	1	0	0	0	0	0	0	2	0	0	1	1	0	0	0	0	1	0	3	0	0	0	0	0	1	0	0	0	1	1	0	0	0	2	0	0	0	1	0	0	2	0	0	0	1	0	0	0	1	1	2	0	0	0	1	0	0	2	0	2	0	1	0	1	0	0	0	1	0	0	0	1	0	0	1	1	0	0	1	0	1	1	1	1	1	0	0	0	0	1	2	0	1	0	1	1	0	0	1	1	0	0	0	0	0
T[T>A]G	0	1	0	0	1	1	0	1	0	0	1	0	1	0	0	0	0	1	0	0	1	0	0	0	0	0	0	0	0	1	1	0	0	0	1	0	0	0	0	1	0	1	0	0	0	0	0	0	0	0	1	0	0	0	0	0	0	3	0	0	0	0	0	0	0	0	1	0	0	0	0	0	0	0	3	0	0	0	0	0	0	0	0	0	0	1	0	1	0	1	0	2	0	1	0	0	0	1	0	1	1	2	0	0	0	1	0	1	0	0	0	0	1	0	1	0	0	0	0	0	0	0	1	0	0	1	0	0	0	0	0	0	0	1	0	3	1	0	0	1	0	1	0	0	0	1
T[T>A]T	1	1	2	1	1	0	1	0	1	2	0	2	0	1	0	0	0	0	1	1	1	3	0	0	0	1	1	0	0	1	1	1	2	1	3	2	1	1	0	2	0	1	0	3	4	0	1	0	0	0	1	0	1	0	0	0	1	1	0	0	3	2	0	0	0	2	0	0	1	0	1	0	0	1	0	2	3	0	0	0	2	0	2	0	1	1	0	0	0	2	1	2	0	2	0	1	0	1	0	1	1	0	1	1	0	0	1	0	0	0	0	1	0	0	1	0	0	0	0	0	1	0	0	1	1	4	1	2	0	0	1	1	0	0	0	2	0	0	0	0	1	1	0	2	0	1
T[T>C]A	1	0	0	0	0	1	0	1	1	1	0	1	0	0	0	1	1	0	0	0	2	0	0	0	0	0	1	0	0	1	0	0	1	0	2	0	1	0	1	0	1	0	1	1	0	0	0	0	0	0	0	0	0	0	0	0	0	1	0	2	1	0	0	0	0	0	0	1	4	0	0	0	0	0	2	1	0	0	2	0	0	0	2	2	0	0	0	1	0	0	0	1	0	0	0	1	0	0	2	0	0	0	0	0	0	3	0	0	2	0	0	0	0	0	1	1	1	2	1	1	0	0	0	1	0	2	0	0	1	0	0	13	0	0	1	3	0	0	0	0	0	0	2	0	1	0
T[T>C]C	2	1	6	1	2	0	0	0	0	1	1	1	0	0	0	2	0	0	2	1	2	6	1	0	0	1	0	3	2	2	3	1	1	0	2	1	2	1	1	0	0	1	1	2	0	3	0	0	0	0	1	1	0	1	1	0	0	0	2	1	2	0	0	0	0	1	1	0	2	0	0	0	0	1	2	1	2	0	0	0	3	2	0	1	0	1	3	1	1	2	0	13	0	3	1	0	0	0	3	4	1	1	1	1	0	0	3	0	0	1	1	0	0	1	0	1	1	1	0	1	2	1	3	1	1	0	1	1	1	1	1	25	0	2	0	0	1	0	0	2	1	0	0	1	0	0
T[T>C]G	4	1	1	0	1	2	0	1	0	1	0	0	0	0	2	2	0	0	0	0	2	0	0	0	0	1	0	1	2	1	1	0	0	3	1	4	0	1	0	1	2	0	1	2	1	1	1	1	1	1	1	0	1	0	0	1	0	1	0	0	0	0	0	0	1	0	2	0	2	2	0	1	0	2	0	0	0	0	0	2	0	0	0	2	1	0	0	1	1	1	0	2	0	1	0	1	4	0	0	1	2	0	0	1	1	0	0	0	0	0	1	0	0	0	2	0	1	0	0	0	1	0	2	0	0	0	0	0	0	1	0	22	0	2	0	5	0	0	0	1	0	1	1	2	0	0
T[T>C]T	2	0	3	3	0	0	0	1	1	3	0	0	0	2	0	0	0	0	1	0	1	2	1	0	0	1	0	0	0	0	2	0	2	0	2	2	1	0	0	1	1	1	0	1	2	2	0	0	0	0	1	0	0	0	0	1	0	0	0	1	2	1	0	0	1	1	2	2	1	0	1	1	0	0	0	1	0	0	0	0	2	0	0	2	0	0	1	1	3	0	0	4	2	1	0	1	2	0	0	1	0	1	0	3	1	1	0	0	1	0	0	0	2	0	1	1	2	2	0	0	2	0	0	0	1	0	0	1	2	4	0	10	0	3	1	1	3	1	0	1	0	0	0	1	0	3
T[T>G]A	1	1	0	0	0	0	0	0	0	0	0	0	0	1	1	0	1	0	0	0	0	0	1	0	0	0	0	0	0	0	0	0	0	0	0	0	1	2	1	0	0	0	1	1	1	0	0	0	0	1	0	0	0	0	0	1	0	0	0	0	0	1	0	0	0	0	1	0	0	1	0	0	0	0	0	0	0	0	1	1	0	0	0	0	0	0	0	0	0	0	0	0	0	0	0	0	1	0	0	0	1	0	0	0	0	2	0	0	0	0	0	0	0	0	0	0	0	2	0	0	1	0	0	0	0	0	1	0	0	0	1	1	0	0	0	0	0	0	0	0	0	0	0	0	1	1
T[T>G]C	1	1	2	0	0	0	0	1	1	0	0	0	0	1	0	0	1	0	0	0	0	0	0	0	0	1	1	0	0	0	1	0	0	0	1	0	0	0	0	0	0	1	0	3	0	0	1	0	0	0	0	2	0	0	0	0	0	2	0	1	1	0	0	0	0	1	0	0	1	0	0	0	0	1	1	0	1	0	1	0	0	0	1	0	0	1	1	1	0	1	0	7	0	2	0	0	1	1	0	1	1	0	0	2	1	1	5	1	2	0	0	0	0	0	1	0	1	0	0	1	0	0	0	0	2	1	2	0	0	0	3	1	0	1	1	2	0	0	0	0	1	0	0	2	1	0
T[T>G]G	1	0	2	1	1	0	1	0	0	0	0	0	0	1	0	0	0	0	0	2	0	0	3	0	0	0	0	1	0	0	2	0	0	0	0	1	0	1	0	0	0	0	1	0	1	0	1	0	1	0	1	0	2	1	1	0	1	0	0	1	0	1	1	0	0	0	1	0	1	2	0	0	0	0	0	0	0	0	0	1	0	0	0	0	2	0	0	1	1	0	0	4	0	1	0	0	0	1	0	0	0	2	1	1	0	0	1	2	0	0	0	1	0	1	0	1	0	1	0	0	0	0	0	1	0	0	0	1	0	0	1	1	0	0	0	1	1	0	0	2	0	0	0	0	0	0
T[T>G]T	6	3	16	2	7	2	7	1	3	0	1	2	3	1	4	2	1	2	4	0	3	2	1	2	0	0	0	0	3	0	8	2	2	5	0	11	2	2	3	3	1	4	2	7	3	2	3	1	2	1	6	6	9	0	2	6	2	1	0	1	7	4	3	1	1	3	1	3	2	1	0	2	2	4	1	0	2	0	0	2	1	1	2	2	2	2	2	1	3	1	0	29	0	0	0	0	3	5	1	1	3	0	2	13	0	1	2	0	0	1	0	3	2	4	5	0	1	1	1	0	3	0	1	0	2	4	4	5	0	2	2	1	0	2	0	3	1	1	1	0	0	0	1	3	0	0
