Mutation Type	TCGA-A4-7286-01A-11D-2136-08	TCGA-A4-7287-01A-11D-2136-08	TCGA-A4-7288-01A-11D-2136-08	TCGA-A4-7583-01A-11D-2136-08	TCGA-A4-7584-01A-11D-2136-08	TCGA-A4-7585-01A-11D-2136-08	TCGA-A4-7732-01A-11D-2136-08	TCGA-A4-7734-01A-11D-2136-08	TCGA-A4-7828-01A-11D-2136-08	TCGA-A4-7915-01A-11D-2201-08	TCGA-A4-7996-01A-11D-2201-08	TCGA-A4-7997-01A-11D-2201-08	TCGA-AL-3466-01A-01D-1252-08	TCGA-AL-3467-01A-01D-1252-08	TCGA-AL-3468-01A-01D-1252-08	TCGA-AL-3472-01A-01D-1252-08	TCGA-AL-3473-01A-01D-1252-08	TCGA-AL-7173-01A-11D-2136-08	TCGA-B1-5398-01A-02D-1589-08	TCGA-B3-3925-01A-01D-1252-08	TCGA-B3-3926-01A-01D-1252-08	TCGA-B3-4103-01A-01D-1458-08	TCGA-B3-4104-01A-01D-1458-08	TCGA-B9-4113-01A-01D-1252-08	TCGA-B9-4114-01A-01D-1252-08	TCGA-B9-4115-01A-01D-1252-08	TCGA-B9-4116-01A-01D-1252-08	TCGA-B9-4117-01A-01D-1252-08	TCGA-B9-4617-01A-01D-1252-08	TCGA-B9-5155-01A-01D-1589-08	TCGA-B9-5156-01A-01D-1589-08	TCGA-B9-7268-01A-11D-2136-08	TCGA-BQ-5875-01A-11D-1589-08	TCGA-BQ-5876-01A-11D-1589-08	TCGA-BQ-5877-01A-11D-1589-08	TCGA-BQ-5878-01A-11D-1589-08	TCGA-BQ-5879-01A-11D-1589-08	TCGA-BQ-5880-01A-11D-1589-08	TCGA-BQ-5881-01A-11D-1589-08	TCGA-BQ-5882-01A-11D-1589-08	TCGA-BQ-5883-01A-11D-1589-08	TCGA-BQ-5884-01A-11D-1589-08	TCGA-BQ-5885-01A-11D-1589-08	TCGA-BQ-5886-01A-11D-1589-08	TCGA-BQ-5887-01A-11D-1961-08	TCGA-BQ-5888-01A-11D-1589-08	TCGA-BQ-5889-01A-11D-1589-08	TCGA-BQ-5890-01A-11D-1589-08	TCGA-BQ-5891-01A-11D-1589-08	TCGA-BQ-5892-01A-11D-1589-08	TCGA-BQ-5893-01A-11D-1589-08	TCGA-BQ-5894-01A-11D-1589-08	TCGA-BQ-7044-01A-11D-1961-08	TCGA-BQ-7045-01A-31D-1961-08	TCGA-BQ-7046-01A-11D-1961-08	TCGA-BQ-7048-01A-11D-1961-08	TCGA-BQ-7049-01A-11D-1961-08	TCGA-BQ-7050-01A-11D-1961-08	TCGA-BQ-7051-01A-12D-1961-08	TCGA-BQ-7053-01A-11D-1961-08	TCGA-BQ-7055-01A-11D-1961-08	TCGA-BQ-7056-01A-11D-1961-08	TCGA-BQ-7058-01A-11D-1961-08	TCGA-BQ-7059-01A-11D-1961-08	TCGA-BQ-7060-01A-11D-1961-08	TCGA-BQ-7061-01A-11D-1961-08	TCGA-BQ-7062-01A-11D-1961-08	TCGA-DW-5560-01A-01D-1589-08	TCGA-DW-5561-01A-01D-1589-08	TCGA-DW-7834-01A-11D-2136-08	TCGA-DW-7837-01A-11D-2136-08	TCGA-DW-7838-01A-11D-2136-08	TCGA-DW-7839-01A-11D-2136-08	TCGA-DW-7840-01A-11D-2136-08	TCGA-DW-7841-01A-11D-2136-08	TCGA-DW-7842-01A-11D-2136-08	TCGA-DZ-6131-01A-11D-1961-08	TCGA-DZ-6132-01A-11D-1961-08	TCGA-DZ-6133-01A-11D-1961-08	TCGA-DZ-6134-01A-11D-1961-08	TCGA-DZ-6135-01A-11D-1961-08	TCGA-EV-5901-01A-11D-1589-08	TCGA-EV-5902-01A-11D-1589-08	TCGA-EV-5903-01A-11D-1589-08	TCGA-G7-6789-01A-11D-1961-08	TCGA-G7-6790-01A-11D-1961-08	TCGA-G7-6792-01A-21D-1961-08	TCGA-G7-6793-01A-11D-1961-08	TCGA-G7-6795-01A-11D-1961-08	TCGA-G7-6796-01A-11D-1961-08	TCGA-G7-6797-01A-11D-1961-08	TCGA-G7-7501-01A-11D-2201-08	TCGA-G7-7502-01A-11D-2201-08	TCGA-GL-6846-01A-11D-1961-08	TCGA-GL-7773-01A-11D-2136-08	TCGA-GL-7966-01A-11D-2201-08	TCGA-HE-7128-01A-11D-1961-08	TCGA-HE-7129-01A-11D-1961-08	TCGA-HE-7130-01A-11D-1961-08	TCGA-J7-6720-01A-11D-2136-08
A[C>A]A	0	0	0	0	0	0	2	0	0	0	1	2	0	1	0	1	1	1	0	0	0	0	0	0	2	0	2	0	0	2	0	0	1	1	0	0	0	0	1	1	0	0	1	1	0	0	1	2	0	0	3	0	2	0	0	1	0	1	0	1	0	0	0	2	0	0	1	0	0	0	0	2	0	0	1	0	0	2	0	0	0	0	0	0	0	0	0	0	0	1	2	0	0	0	0	0	0	0	0	0
A[C>A]C	0	0	1	1	1	1	0	0	0	0	0	0	0	0	0	0	0	0	1	0	0	0	1	0	1	3	1	1	2	0	0	0	1	1	1	0	0	0	0	1	0	0	0	0	0	0	0	2	0	1	1	2	0	1	0	0	0	0	2	0	2	0	2	0	1	2	0	0	0	1	0	0	0	0	0	0	0	1	0	0	1	1	2	0	0	0	0	0	1	0	2	2	0	1	2	0	0	0	1	1
A[C>A]G	0	0	1	0	0	0	1	0	0	0	0	1	0	1	0	0	0	0	0	1	1	0	0	0	2	0	0	0	1	1	0	0	1	0	0	0	0	0	0	0	0	0	1	0	0	0	0	0	0	0	0	0	0	0	0	0	0	0	0	0	0	0	0	0	0	0	0	0	0	0	0	0	0	1	0	0	0	0	0	0	0	0	0	1	0	1	0	0	0	0	0	0	0	0	1	0	0	0	0	0
A[C>A]T	0	0	0	0	0	0	0	0	0	1	0	1	0	0	1	0	0	0	0	2	0	1	0	2	2	0	1	0	0	1	1	0	1	2	1	1	0	1	1	0	0	0	0	0	1	0	0	2	0	0	1	0	1	2	0	1	0	0	0	2	0	0	3	2	0	0	0	0	1	1	0	1	0	0	0	1	0	0	0	0	0	1	1	1	0	0	1	0	1	0	0	0	0	1	1	0	0	0	0	0
A[C>G]A	1	0	0	1	1	0	0	0	0	0	0	0	0	0	0	1	1	1	0	2	0	0	1	2	1	0	0	1	0	1	1	0	1	0	0	0	0	0	0	0	0	1	1	0	1	0	0	0	0	2	0	0	0	0	1	0	0	0	0	0	0	0	1	0	0	0	0	0	0	0	0	0	1	0	0	0	0	1	1	0	0	0	0	2	0	1	0	1	0	0	1	1	0	0	0	0	0	1	0	0
A[C>G]C	0	0	0	1	0	0	0	0	1	0	0	1	0	0	1	0	0	1	1	0	0	0	1	0	1	1	2	0	1	1	1	0	1	2	1	1	0	0	0	0	0	0	1	0	0	0	1	2	0	1	1	0	0	0	1	0	0	0	1	0	0	0	1	0	0	1	0	0	1	1	1	0	0	0	0	0	0	1	0	0	0	0	0	1	0	0	0	0	1	1	0	0	0	0	0	0	0	0	0	1
A[C>G]G	0	0	0	0	0	0	0	0	0	0	0	0	0	0	0	0	0	0	0	0	0	0	0	0	1	0	0	1	0	0	0	1	0	0	0	0	0	0	0	0	0	0	0	0	0	0	0	0	1	0	0	0	0	0	0	0	0	0	0	0	0	1	0	0	0	0	0	0	0	1	0	0	1	2	0	0	0	0	0	0	0	0	0	0	0	1	0	0	0	0	1	0	0	1	1	0	0	1	0	0
A[C>G]T	0	1	2	1	0	0	0	0	0	0	0	0	0	0	0	1	0	1	0	1	0	1	0	0	0	0	2	1	0	1	0	2	0	0	1	0	0	0	0	0	0	0	0	0	0	1	0	0	0	3	1	0	1	0	0	2	0	0	0	1	0	0	0	1	0	2	0	1	0	0	0	1	1	1	1	0	1	3	1	0	0	0	1	2	0	0	0	0	1	0	0	0	0	0	3	0	1	1	1	0
A[C>T]A	0	1	1	1	2	2	1	1	0	1	2	2	1	0	2	2	0	1	1	3	0	0	1	0	1	0	0	1	0	5	1	0	1	1	2	0	0	2	0	0	2	0	1	1	0	0	0	3	1	1	1	0	2	5	0	2	0	0	0	0	1	1	0	0	0	1	0	0	2	0	0	3	3	2	0	0	0	2	0	1	3	1	1	2	0	0	0	0	0	0	2	1	2	0	1	0	0	1	3	0
A[C>T]C	0	0	2	0	3	0	1	0	0	1	0	1	0	0	1	0	1	0	2	1	1	1	0	0	0	2	1	0	2	1	0	0	2	0	1	1	0	0	1	0	1	0	2	1	0	1	1	0	0	1	0	0	0	1	0	0	0	0	2	0	1	0	0	0	1	0	1	0	0	0	0	2	0	0	3	0	0	1	1	2	0	3	1	0	0	1	1	1	0	0	0	0	0	2	0	0	0	1	0	1
A[C>T]G	0	0	0	0	1	2	1	1	0	0	0	0	4	0	3	1	0	1	2	0	1	0	2	1	0	1	1	0	0	0	0	1	1	0	1	1	1	0	1	3	2	2	2	1	1	0	0	2	1	2	1	0	1	0	1	1	0	0	2	1	0	3	1	0	0	1	0	0	0	0	2	1	2	2	0	1	0	0	0	0	0	2	1	3	0	1	1	1	0	0	2	2	1	3	2	2	0	3	3	0
A[C>T]T	0	0	2	0	0	0	1	0	1	1	2	2	4	0	2	1	0	0	1	0	0	1	0	2	0	1	0	1	0	2	1	1	1	0	1	1	0	0	0	0	0	1	0	0	0	0	0	1	1	1	1	2	1	0	0	0	0	0	1	1	0	0	0	2	1	2	1	1	0	1	0	0	1	1	1	1	0	3	0	1	0	0	0	1	0	1	1	0	2	0	0	0	3	0	4	0	0	2	1	0
A[T>A]A	0	0	0	0	0	0	0	0	0	0	0	0	0	0	0	0	0	0	0	0	0	0	0	0	0	0	0	0	0	0	0	0	1	1	0	0	0	0	0	2	0	1	1	0	0	0	0	0	1	1	0	0	0	0	0	0	1	0	2	0	0	0	0	0	0	0	0	0	0	1	0	0	0	0	0	0	0	0	0	0	1	0	0	0	0	0	0	0	0	0	0	0	0	0	1	2	0	0	1	0
A[T>A]C	0	0	0	0	0	2	2	0	0	0	0	0	0	0	0	0	0	1	0	0	0	0	0	1	1	0	0	1	1	0	0	0	1	0	2	0	0	0	1	0	0	0	1	0	0	0	1	1	0	0	0	0	0	0	0	0	0	0	1	1	0	0	1	2	0	1	0	0	1	0	0	1	0	2	0	0	0	1	0	0	0	0	0	1	0	0	0	0	1	0	0	0	0	1	1	0	1	0	0	0
A[T>A]G	0	0	0	1	1	0	0	1	0	1	1	0	1	0	0	0	1	1	1	0	0	1	0	0	0	0	1	1	0	1	1	0	0	1	3	0	0	0	1	1	0	0	2	0	0	0	2	0	1	1	0	1	1	0	0	0	0	0	0	0	0	0	1	1	0	2	1	0	1	2	0	0	0	1	0	0	0	0	1	0	1	1	1	0	0	0	0	1	2	3	0	0	2	0	2	0	1	0	1	1
A[T>A]T	1	0	0	1	0	0	0	1	0	0	1	0	0	0	0	0	1	0	3	0	0	0	1	2	1	1	1	1	0	2	0	0	0	1	1	0	0	0	1	0	0	0	3	0	1	1	2	0	0	0	0	0	1	0	0	0	0	0	0	0	0	0	0	0	1	0	0	0	0	0	0	0	1	0	1	0	0	1	0	0	0	0	1	2	0	0	0	0	0	1	0	0	1	0	0	0	0	0	0	0
A[T>C]A	1	0	1	1	0	0	0	0	0	0	2	1	0	0	1	0	1	1	2	0	0	4	1	1	1	0	0	1	1	6	1	0	0	1	1	0	0	0	1	1	0	0	1	0	1	1	2	0	0	0	1	0	3	0	0	2	0	0	2	0	0	1	2	0	1	1	1	0	0	1	0	1	1	2	0	0	0	4	2	1	0	0	1	1	1	1	0	1	0	2	0	0	0	1	1	1	0	0	1	0
A[T>C]C	0	0	3	2	1	0	0	1	0	0	2	0	0	2	1	0	0	1	3	1	0	5	0	1	1	0	0	0	0	2	2	0	0	2	0	2	0	0	0	1	1	1	0	1	0	0	1	1	0	0	0	0	0	1	1	0	0	2	1	1	0	0	1	2	0	1	2	0	0	2	0	0	1	1	1	0	0	2	3	0	2	1	0	1	0	1	0	0	1	2	3	0	0	1	2	0	1	1	1	0
A[T>C]G	1	0	3	3	2	1	1	2	1	0	1	3	0	0	5	1	0	3	3	0	1	1	1	0	0	1	3	0	1	3	5	2	0	2	0	1	0	3	1	0	0	2	2	3	0	0	1	0	0	1	0	0	1	1	0	0	1	0	2	1	0	1	2	3	2	2	0	2	1	3	0	2	1	0	0	0	0	4	3	2	2	1	1	0	0	3	2	1	2	0	3	0	1	0	2	0	1	0	2	0
A[T>C]T	1	0	2	0	0	0	1	0	1	0	1	0	1	1	1	0	1	0	4	0	0	0	0	1	1	1	2	1	0	3	0	1	1	2	1	1	0	0	0	0	1	2	2	0	1	1	2	1	1	0	0	0	0	2	1	1	0	0	3	2	0	0	0	2	1	1	1	0	1	1	0	0	0	1	0	1	1	1	1	0	0	0	1	2	0	1	2	3	0	0	1	1	1	0	3	1	1	0	1	1
A[T>G]A	0	0	0	0	0	1	0	0	0	0	0	0	0	0	0	0	0	0	0	1	0	0	0	0	0	1	0	0	0	0	0	0	0	0	0	0	0	0	0	1	0	0	0	0	0	0	0	0	0	1	0	0	0	0	0	0	0	0	0	0	0	0	1	0	0	0	0	0	0	0	0	0	0	0	0	0	0	0	1	0	0	1	0	0	0	0	0	0	0	0	1	0	1	0	1	0	0	0	0	0
A[T>G]C	0	0	1	0	1	2	1	1	1	0	0	1	0	0	0	0	0	0	0	0	0	0	0	1	1	0	1	0	1	0	0	0	0	0	0	0	0	0	1	0	0	0	2	0	0	0	0	2	0	0	0	0	0	0	0	1	0	0	0	0	0	0	1	0	0	0	0	0	0	1	0	0	0	0	0	0	0	0	0	0	0	1	0	1	1	0	0	0	0	0	1	0	0	0	1	0	0	0	0	0
A[T>G]G	0	0	0	0	0	0	1	0	0	0	0	0	1	0	0	0	1	0	2	1	0	0	0	0	2	0	1	0	0	0	0	0	2	0	1	0	0	0	0	0	0	0	0	0	0	0	0	0	0	0	0	0	0	0	0	0	0	1	1	0	0	1	0	0	0	2	0	0	0	0	0	1	1	1	0	0	0	0	0	0	0	0	4	3	1	1	0	0	0	0	0	1	1	1	0	0	0	1	0	0
A[T>G]T	0	0	0	1	0	1	0	1	1	0	0	1	0	0	1	1	0	0	0	0	0	1	0	0	1	0	0	0	1	0	0	0	1	2	0	0	0	0	1	0	0	0	1	0	0	0	0	1	0	0	0	0	1	0	0	0	0	0	1	0	0	0	0	0	0	1	0	0	0	1	0	0	0	0	1	0	1	0	0	0	0	1	1	0	0	1	0	0	0	0	0	0	0	0	0	0	0	0	0	0
C[C>A]A	1	0	0	0	0	0	0	1	1	0	2	1	1	0	2	1	1	1	1	1	0	2	1	1	1	2	1	0	1	2	1	1	2	1	1	1	1	0	0	1	0	0	1	0	0	0	1	1	0	0	1	0	1	1	0	0	0	0	1	0	0	0	0	1	1	0	0	1	0	1	0	1	0	1	1	0	0	2	2	0	0	0	2	0	0	1	1	1	0	0	0	0	1	1	0	1	0	2	1	0
C[C>A]C	0	0	1	1	1	0	1	0	0	0	1	2	0	0	0	0	2	0	1	1	1	1	2	1	0	1	0	1	1	0	1	1	0	0	1	0	1	0	1	0	0	1	0	0	0	0	1	1	0	0	2	0	0	0	0	2	0	0	1	2	0	0	2	0	0	0	1	0	1	0	0	1	0	0	1	0	0	0	2	0	0	0	2	1	0	0	0	0	2	1	0	2	1	2	2	0	1	0	0	0
C[C>A]G	0	0	0	0	0	0	0	1	1	1	0	0	0	0	1	0	0	0	0	0	0	1	0	1	0	1	0	1	1	1	0	0	2	0	0	0	0	0	0	0	0	0	0	2	0	0	0	1	0	1	0	0	0	0	1	0	0	0	1	0	0	1	0	0	0	1	1	2	1	0	0	0	0	0	1	1	0	0	1	0	0	0	0	0	1	1	1	0	1	0	1	0	1	0	0	0	0	1	1	0
C[C>A]T	0	0	1	2	0	0	1	2	0	1	0	0	0	0	2	1	1	0	0	0	1	1	1	1	0	1	2	3	0	1	0	1	0	2	0	0	0	2	0	0	0	0	3	1	0	1	0	3	0	0	0	0	0	1	0	0	1	0	0	1	0	0	2	1	0	0	1	2	0	1	0	3	1	4	0	0	0	5	0	0	2	2	0	1	0	1	1	2	1	1	1	0	0	0	1	0	1	1	0	0
C[C>G]A	1	0	0	0	1	0	0	0	0	0	0	0	0	0	2	1	0	0	3	0	0	0	1	1	0	0	0	0	1	1	2	0	0	0	1	0	0	1	0	0	1	1	0	0	0	0	0	2	0	0	0	0	0	0	2	1	0	1	1	0	0	1	0	0	2	2	0	0	0	1	0	1	0	0	0	0	0	1	1	1	0	0	0	1	2	0	0	0	1	0	0	0	1	1	0	0	1	0	0	0
C[C>G]C	2	0	2	0	1	0	0	0	0	0	0	3	0	0	0	0	0	0	0	0	0	0	0	1	0	1	1	0	1	0	0	3	1	1	1	1	0	0	0	0	0	0	1	3	1	0	0	0	0	0	1	0	1	1	0	1	2	0	0	0	0	0	0	1	1	2	0	0	0	2	0	0	1	0	0	0	0	0	3	0	1	0	0	0	0	0	0	1	1	0	3	2	1	1	1	0	0	2	0	1
C[C>G]G	1	0	1	0	0	0	1	1	0	0	0	1	0	0	0	0	0	0	2	0	0	0	0	0	2	0	0	1	0	1	0	0	0	0	1	0	0	0	0	0	0	0	0	1	0	1	0	0	0	1	1	0	0	0	0	0	0	0	2	0	0	0	0	1	0	0	0	0	0	0	0	1	0	1	0	0	0	1	1	0	0	0	0	1	0	1	0	0	0	0	2	0	1	1	0	0	1	2	1	0
C[C>G]T	0	0	1	0	1	2	1	1	0	0	0	0	0	1	2	1	1	4	2	1	0	1	2	1	0	2	1	1	0	1	1	0	1	0	0	2	1	0	0	1	0	1	0	0	0	0	0	1	0	0	0	0	2	0	1	0	1	1	1	0	0	0	1	2	0	3	0	0	1	2	1	3	0	0	0	0	1	3	1	0	0	0	0	2	2	1	1	0	0	0	1	2	0	1	3	0	0	1	1	1
C[C>T]A	0	0	2	2	1	1	2	0	1	2	2	1	1	0	1	1	0	1	1	1	0	2	3	0	2	2	0	1	1	3	0	0	5	3	0	0	0	0	1	0	2	0	2	1	0	1	2	0	0	2	0	0	2	1	2	3	0	0	1	0	0	0	3	0	1	3	0	1	0	4	0	3	1	0	0	1	0	2	5	0	0	1	1	2	0	1	0	1	2	2	2	0	2	2	5	1	0	0	3	0
C[C>T]C	1	0	1	0	3	0	1	1	1	0	1	1	1	1	1	1	2	1	1	2	1	3	1	0	0	0	2	1	1	3	2	0	1	0	0	3	0	0	1	3	3	2	2	3	0	0	0	2	0	2	1	1	3	1	2	3	2	0	2	0	0	4	0	1	0	0	1	1	1	1	0	2	1	1	0	1	1	4	4	2	0	1	1	4	0	0	0	0	1	0	0	2	1	1	1	0	1	2	1	1
C[C>T]G	2	2	2	0	1	1	2	0	0	0	2	1	0	0	3	3	2	2	3	1	0	1	2	2	0	1	3	1	0	0	2	1	0	2	1	1	2	0	1	0	1	2	2	0	2	0	2	4	1	1	0	2	2	1	0	1	1	1	0	2	1	0	1	0	1	1	1	1	0	2	1	1	0	0	1	0	2	0	3	2	1	0	2	1	0	2	0	2	1	0	2	1	2	2	1	2	0	0	4	2
C[C>T]T	1	1	0	1	2	1	1	1	0	1	3	1	0	1	1	0	1	3	3	2	1	1	0	0	3	2	0	3	1	2	1	3	1	0	3	3	0	1	0	3	0	1	1	0	0	1	1	0	1	0	0	1	0	3	0	0	0	1	0	2	1	1	2	0	1	0	0	1	2	0	0	6	0	1	1	0	0	3	2	1	3	0	0	3	1	0	0	1	2	5	1	2	2	3	3	2	1	3	2	1
C[T>A]A	0	0	0	0	1	0	0	0	0	0	0	0	0	0	0	0	1	0	3	0	0	1	0	1	0	0	0	1	1	0	0	0	0	0	0	0	0	0	0	1	0	0	1	1	0	0	0	2	0	0	0	0	0	0	0	0	0	0	0	0	0	0	0	0	0	0	1	1	0	0	0	2	0	2	0	0	0	0	1	1	1	0	0	0	0	1	0	0	1	0	0	0	0	2	1	0	0	0	0	0
C[T>A]C	0	0	0	0	1	1	0	0	1	0	1	0	1	1	1	0	0	0	1	1	0	1	0	1	2	1	1	0	1	1	1	0	0	0	0	3	0	1	0	1	0	1	1	3	0	0	0	1	0	0	1	0	1	1	0	1	0	0	1	0	0	0	1	1	0	0	0	0	0	1	0	0	0	2	0	0	0	2	1	1	0	0	1	0	0	0	1	0	0	1	0	0	1	0	1	0	0	0	0	0
C[T>A]G	3	0	0	0	0	2	0	1	0	0	1	0	0	0	2	0	3	0	4	1	1	1	0	2	0	2	2	1	1	1	2	1	1	2	0	2	0	2	1	0	0	2	1	1	1	0	2	0	0	0	1	0	0	0	2	1	0	0	1	2	0	1	0	2	0	2	1	0	0	0	2	1	1	0	0	0	0	2	1	0	0	1	2	4	0	4	0	0	0	1	1	1	1	1	0	1	0	0	0	0
C[T>A]T	1	0	1	0	1	1	0	1	0	0	0	0	0	0	0	1	0	3	1	0	0	1	0	0	0	0	1	2	0	0	2	0	0	2	0	0	0	0	0	1	2	2	1	1	0	0	2	0	0	0	0	0	0	1	0	3	0	0	1	0	0	0	0	1	0	1	1	0	1	0	0	0	2	2	1	1	0	2	1	0	1	1	2	1	0	2	1	0	0	0	1	0	1	1	1	0	1	2	0	0
C[T>C]A	0	0	0	0	0	0	1	1	0	0	1	0	0	0	3	1	0	1	2	1	0	3	0	1	0	0	0	1	1	2	2	0	0	2	1	0	0	0	1	1	0	0	0	0	0	0	1	1	0	0	0	1	1	5	1	0	0	1	0	0	0	1	1	0	0	1	2	0	0	1	0	1	0	3	1	2	0	3	0	2	0	0	3	4	2	1	0	2	1	1	1	0	0	0	1	0	1	0	0	0
C[T>C]C	2	0	0	1	4	1	1	1	0	0	0	1	0	2	0	0	0	1	3	2	0	0	1	1	0	0	0	0	1	3	1	0	1	0	1	1	1	0	1	0	0	0	3	1	0	0	0	3	0	0	1	1	0	3	3	1	0	0	6	2	0	0	0	0	0	0	0	1	0	0	0	2	0	0	0	0	0	4	1	0	1	2	2	1	0	1	2	0	1	2	1	0	2	0	1	0	1	0	0	1
C[T>C]G	0	1	5	2	1	0	1	1	0	0	3	1	1	1	2	0	1	1	2	2	2	0	0	1	1	1	3	0	1	0	2	0	1	2	0	0	0	1	0	3	1	2	1	1	0	1	2	1	1	4	1	1	1	1	0	4	1	1	4	1	0	2	2	2	0	3	3	0	2	2	1	1	0	2	0	0	2	3	4	1	0	0	4	1	0	2	0	0	0	1	2	2	3	5	3	2	0	2	1	0
C[T>C]T	1	0	3	2	0	1	1	0	1	0	3	2	0	0	1	1	0	2	1	2	0	2	0	0	1	0	0	0	1	4	1	1	1	2	0	2	1	2	2	1	0	0	2	1	2	0	2	3	0	0	0	1	1	2	2	2	1	1	2	1	0	0	1	1	0	0	0	1	1	1	0	0	1	4	0	0	0	3	2	0	1	1	0	1	0	1	1	0	1	1	0	0	2	2	2	1	3	2	0	1
C[T>G]A	0	0	0	0	0	0	0	0	0	0	0	1	0	0	0	0	0	0	1	0	0	0	0	0	0	0	0	0	0	0	0	0	1	0	0	0	0	0	0	0	0	0	0	0	0	0	0	0	0	1	0	1	0	0	0	0	0	0	1	0	0	0	0	0	0	1	0	0	0	0	0	0	1	0	0	0	0	0	0	0	0	0	0	0	0	0	0	0	0	0	0	0	1	0	0	0	0	0	0	0
C[T>G]C	0	0	0	1	0	0	0	0	0	0	1	0	1	1	0	1	0	0	0	0	0	1	0	0	1	0	0	0	1	0	2	0	1	0	3	0	0	0	0	0	0	0	0	0	0	0	0	0	0	1	0	0	1	0	0	0	0	0	0	1	0	0	1	0	0	0	0	0	0	0	1	0	1	2	1	0	0	0	1	0	0	0	1	2	0	0	0	0	1	0	1	0	0	0	0	0	0	0	0	0
C[T>G]G	1	0	0	1	1	1	0	0	0	0	0	1	0	0	2	0	1	0	2	2	0	0	0	0	1	0	1	0	1	0	2	0	1	1	0	2	1	0	0	1	0	1	2	0	1	0	2	0	0	0	0	0	1	0	0	0	1	0	0	0	0	1	2	0	0	0	0	0	0	3	0	0	0	0	0	0	0	0	1	0	0	0	0	2	0	1	1	0	1	0	0	0	1	0	1	0	0	0	1	0
C[T>G]T	0	0	1	0	0	0	0	1	0	0	1	0	1	0	1	0	1	0	5	1	0	0	0	1	0	1	3	0	0	1	0	0	1	0	0	1	0	1	3	2	0	0	0	0	0	0	3	3	0	1	0	0	1	1	1	0	0	0	0	1	0	0	2	0	1	1	0	0	0	0	0	0	0	0	0	0	0	2	1	0	0	0	0	3	1	1	0	0	0	2	0	0	2	1	0	0	0	0	0	0
G[C>A]A	0	0	0	0	1	1	0	1	0	1	0	1	0	0	2	0	1	0	0	0	0	0	0	0	3	3	1	0	0	0	0	2	0	0	0	0	1	1	0	0	0	0	0	0	0	1	1	0	1	0	1	0	0	0	0	0	0	0	0	0	0	0	0	0	0	0	0	0	0	0	1	1	0	1	1	0	0	0	1	0	0	0	2	2	0	1	0	0	0	0	0	0	0	0	2	0	1	1	0	1
G[C>A]C	0	1	0	0	2	1	1	0	1	0	0	1	0	0	0	1	2	0	0	0	0	1	1	0	0	2	1	0	0	0	1	0	0	0	0	0	0	1	0	0	0	1	0	0	0	0	0	0	0	0	2	0	0	1	0	1	0	0	0	1	0	0	2	1	0	2	0	0	2	0	0	0	0	1	0	0	1	0	1	0	0	1	0	0	0	0	0	0	1	0	1	0	2	1	1	0	0	0	0	0
G[C>A]G	0	0	0	0	0	0	0	0	0	1	0	0	0	0	0	0	0	0	0	0	0	0	0	0	0	0	0	0	0	0	0	0	0	0	0	1	0	0	0	1	0	1	0	0	0	0	0	0	0	0	0	0	0	0	1	0	0	0	0	0	0	1	0	0	0	0	0	0	0	0	0	0	0	0	0	0	0	0	0	0	0	0	0	0	0	0	0	0	0	0	0	0	0	0	1	0	0	0	0	0
G[C>A]T	1	0	0	1	2	1	0	0	1	0	1	1	0	0	1	0	0	0	0	1	2	1	0	1	0	1	1	0	1	0	3	0	0	3	1	1	0	1	0	2	0	1	1	0	0	0	2	1	0	1	1	1	0	0	0	1	0	0	2	0	0	0	0	0	0	0	2	0	0	1	0	0	0	1	0	0	0	0	3	0	0	0	0	3	0	0	0	0	0	0	0	0	0	0	0	0	0	0	0	0
G[C>G]A	0	0	1	1	1	0	0	0	0	0	0	0	0	2	1	0	0	0	1	2	0	1	0	0	1	0	0	1	1	0	0	0	0	0	0	0	0	0	0	1	0	0	0	0	0	0	0	1	0	0	0	0	1	1	1	0	0	0	1	0	0	0	0	0	0	2	0	0	1	0	0	0	0	1	0	0	0	0	0	0	1	0	0	0	0	0	0	0	0	0	0	0	1	0	0	0	0	1	2	0
G[C>G]C	0	0	1	1	1	1	0	0	0	0	0	1	0	1	3	0	0	0	0	1	0	0	1	1	0	0	0	0	1	2	0	0	0	0	1	0	0	0	0	1	0	0	1	0	0	0	0	1	0	0	0	0	0	1	0	1	0	0	0	1	0	1	0	1	0	0	1	0	0	0	0	2	1	0	0	1	0	0	0	0	0	0	0	1	0	1	0	0	1	1	0	1	0	0	1	0	0	1	0	0
G[C>G]G	1	0	0	0	0	0	0	0	0	0	0	0	0	0	1	0	1	0	0	1	0	0	1	0	0	0	0	0	0	0	0	0	0	1	1	0	0	0	0	0	0	0	0	0	0	0	0	0	0	0	0	0	0	0	1	0	0	1	1	0	0	0	2	1	0	0	1	0	0	0	1	0	0	1	0	0	0	0	0	0	0	0	0	0	0	1	0	0	0	0	1	0	0	0	0	0	0	0	0	1
G[C>G]T	0	0	0	0	0	0	0	0	1	0	2	0	0	0	0	0	0	1	0	1	1	0	1	1	0	0	0	0	0	2	0	1	1	1	0	1	0	1	1	1	2	0	1	0	0	0	0	1	0	0	0	0	1	0	0	0	0	0	0	0	0	0	1	1	0	1	0	0	0	1	0	0	0	0	0	0	1	0	0	0	1	0	0	0	1	0	0	0	0	0	1	0	0	0	0	0	0	0	0	0
G[C>T]A	0	1	0	1	2	0	1	1	2	0	1	1	2	0	0	0	1	1	1	2	0	0	2	2	1	3	1	0	1	3	0	2	0	1	3	4	0	4	0	3	0	1	4	0	0	0	0	0	1	1	2	0	2	2	0	1	0	0	5	1	1	1	0	1	0	0	1	0	1	0	0	2	0	1	1	0	1	0	1	1	0	0	0	3	1	1	1	1	3	2	0	1	0	1	2	0	2	0	2	0
G[C>T]C	1	2	0	0	2	2	2	0	0	0	2	2	7	5	4	2	5	0	0	6	1	5	3	1	3	1	0	2	4	3	3	0	3	3	0	2	2	3	2	3	2	0	2	2	0	1	0	3	1	3	0	2	1	3	0	0	0	0	1	3	0	1	2	1	1	1	0	4	3	4	0	1	0	1	1	3	2	1	2	2	0	1	2	4	0	0	2	1	1	0	2	1	0	1	0	1	0	1	2	1
G[C>T]G	0	4	1	1	3	3	0	0	0	1	0	1	2	1	3	1	1	0	4	1	0	2	4	0	5	0	0	0	4	1	2	0	3	1	1	2	1	4	2	3	4	0	0	1	0	0	0	0	2	0	2	1	2	1	2	1	0	0	2	0	1	1	0	1	1	5	1	1	1	1	0	1	1	0	3	0	1	0	1	2	2	1	1	1	0	3	0	0	0	1	0	0	0	3	0	1	0	1	3	1
G[C>T]T	0	0	0	1	0	0	1	2	0	2	5	3	0	0	1	1	2	0	1	1	0	1	0	0	1	0	2	2	0	1	0	1	3	2	1	2	1	1	0	0	2	2	0	1	1	1	2	1	0	2	1	2	0	1	0	0	3	1	0	1	0	0	2	0	0	2	1	3	1	1	2	2	0	1	1	0	1	1	2	2	0	0	1	1	0	3	2	2	1	1	0	1	2	2	2	1	1	0	1	0
G[T>A]A	0	0	0	0	0	0	0	0	0	0	0	1	0	0	0	0	0	0	1	0	0	1	1	0	0	0	0	1	0	0	0	0	0	0	0	0	1	0	1	0	0	0	0	1	0	0	0	0	0	0	0	0	0	0	0	0	0	0	0	0	0	0	0	0	1	0	2	0	0	0	0	0	0	0	0	0	0	0	0	0	0	0	0	0	0	0	0	0	0	1	0	0	0	0	0	0	0	0	0	0
G[T>A]C	1	0	1	0	0	1	0	0	0	0	1	0	0	0	0	1	0	2	0	0	0	0	1	1	2	0	0	0	0	0	0	1	1	0	0	0	0	1	0	0	0	0	0	0	0	0	0	0	0	0	0	0	0	1	0	0	0	0	0	0	0	0	0	1	0	0	0	0	0	0	0	0	0	1	0	0	0	0	1	0	0	0	0	0	0	0	0	0	0	0	0	0	0	2	3	0	1	0	0	0
G[T>A]G	0	0	1	0	0	1	0	1	0	0	0	1	0	0	2	1	0	2	1	0	0	0	0	0	1	1	1	0	0	0	1	0	0	0	0	0	0	0	0	1	0	0	1	0	0	0	1	0	0	0	0	0	0	0	0	0	1	0	0	1	0	0	0	0	0	0	0	0	1	0	0	2	0	0	0	0	0	0	0	0	0	0	0	0	0	1	0	0	0	1	1	0	0	0	1	0	0	0	0	0
G[T>A]T	0	0	0	1	0	0	0	1	0	0	0	0	0	0	0	0	0	0	0	0	1	0	0	0	1	0	0	0	1	0	1	0	1	0	0	0	0	0	0	1	0	0	0	0	0	0	1	0	0	1	0	0	0	0	0	0	0	0	0	0	0	0	1	1	0	0	0	0	0	0	0	0	0	0	0	0	1	1	0	1	0	0	1	0	0	0	0	0	0	0	0	0	0	0	0	1	0	0	0	0
G[T>C]A	0	0	0	0	1	0	1	0	0	0	1	0	1	0	1	0	0	0	0	1	0	0	0	0	1	0	0	0	0	2	0	0	0	0	0	0	2	0	0	0	0	1	1	1	0	1	0	1	1	0	0	0	1	0	0	0	1	0	0	1	1	0	1	1	0	0	0	0	1	0	1	2	0	1	0	0	0	1	2	0	1	0	0	2	0	1	0	0	2	0	0	3	0	0	2	0	0	0	0	1
G[T>C]C	0	0	0	2	0	0	2	0	1	0	0	0	1	0	0	0	0	0	0	2	0	1	0	0	1	0	0	2	1	1	1	2	0	0	2	2	1	0	0	1	1	0	1	0	0	0	1	0	0	1	0	0	0	0	0	1	0	0	0	3	0	0	0	0	1	2	0	0	0	0	1	1	0	0	1	1	0	2	1	0	0	0	0	1	0	0	0	1	0	0	0	0	0	2	0	1	0	0	0	1
G[T>C]G	0	0	0	0	0	0	0	0	0	1	0	0	0	0	2	1	1	0	1	1	0	0	2	0	0	2	1	1	0	0	0	0	0	1	0	0	0	1	2	0	1	1	1	1	0	0	1	0	0	2	0	0	0	1	0	2	3	1	1	0	0	1	1	2	0	0	0	0	0	0	0	0	1	2	1	2	0	1	3	0	0	0	0	1	0	3	0	0	1	2	0	0	1	2	0	0	0	1	1	0
G[T>C]T	1	1	0	1	1	1	1	0	0	1	0	1	0	0	2	0	1	0	0	2	0	0	0	1	1	1	3	0	0	3	1	1	0	0	0	3	0	0	0	0	1	0	2	2	0	0	0	2	0	0	0	2	0	1	0	0	1	0	0	1	0	0	0	1	1	0	1	0	0	3	0	0	2	2	1	0	0	2	1	0	0	0	0	1	1	2	0	0	1	1	1	0	2	0	0	1	0	0	2	2
G[T>G]A	0	0	0	0	0	0	0	0	0	0	0	0	0	0	1	0	1	0	0	0	0	1	0	0	0	0	1	1	0	0	0	0	0	0	0	0	0	0	0	0	0	0	0	0	0	0	0	0	0	0	0	0	0	0	0	0	0	0	0	0	0	0	0	0	0	0	0	0	0	0	0	0	0	0	0	0	0	1	0	0	0	0	0	0	0	0	0	0	0	0	0	0	0	0	0	0	0	0	0	0
G[T>G]C	1	0	0	1	0	0	0	0	0	0	0	0	0	0	0	0	1	0	0	0	0	0	0	0	0	0	0	0	0	0	0	0	0	0	0	0	0	0	0	0	0	0	1	1	0	0	0	0	0	0	1	0	1	1	0	0	0	0	0	0	0	0	1	0	0	0	0	0	0	0	0	0	1	0	0	0	0	0	0	0	0	0	0	0	0	0	0	0	0	0	1	0	0	0	0	0	0	0	0	0
G[T>G]G	0	0	0	0	0	1	0	0	0	0	0	2	0	0	0	0	1	2	1	0	1	0	0	1	1	1	1	0	1	0	1	1	0	0	1	0	0	1	1	0	0	0	1	0	0	0	1	0	0	0	0	0	0	0	0	0	0	0	0	3	0	1	0	0	0	0	0	0	0	0	1	2	0	2	1	0	1	0	0	0	0	0	0	0	0	0	0	0	0	0	0	0	0	1	0	0	0	0	0	0
G[T>G]T	0	0	0	1	0	0	0	1	0	0	0	0	0	0	0	0	1	0	0	0	0	0	0	0	0	1	2	0	0	1	0	0	0	2	0	0	0	0	0	0	0	0	1	0	0	0	0	1	0	0	0	0	1	0	0	0	0	0	0	0	0	0	0	0	0	0	0	0	1	0	0	0	1	0	0	1	0	0	0	0	0	0	0	2	0	0	0	0	0	0	0	1	0	0	0	0	0	0	0	0
T[C>A]A	1	1	1	0	1	1	0	0	1	0	1	0	4	0	0	0	1	0	1	3	0	0	0	1	0	0	1	0	0	2	3	0	2	0	1	0	0	0	0	5	0	0	2	0	0	2	0	0	0	1	1	3	1	2	0	2	0	0	0	1	0	0	2	1	1	0	0	0	0	1	0	2	0	1	0	1	0	1	2	0	0	0	1	0	0	0	2	2	1	0	2	1	0	2	2	0	0	1	4	0
T[C>A]C	0	0	0	0	0	0	2	2	0	1	0	1	0	0	1	0	0	2	0	1	0	0	1	3	2	1	2	1	0	2	0	1	1	2	1	2	0	2	1	0	0	1	3	0	0	0	1	3	1	0	3	0	1	1	2	1	0	0	2	2	0	1	0	2	0	1	0	0	0	0	0	0	0	1	0	0	0	1	2	0	0	0	0	0	1	0	0	0	1	0	0	0	0	0	4	0	0	2	1	1
T[C>A]G	0	1	1	0	0	1	0	0	0	0	0	0	0	0	0	0	0	1	1	0	0	0	0	0	1	0	0	0	0	0	0	1	0	0	0	1	0	1	0	2	0	0	0	0	0	0	0	0	0	0	0	0	0	0	0	0	0	0	1	0	0	0	0	0	0	0	0	0	0	0	0	0	0	0	1	0	0	1	1	1	0	0	0	0	0	0	0	1	0	0	1	0	0	0	1	0	1	0	0	0
T[C>A]T	0	0	3	1	0	5	0	0	1	0	1	2	1	0	1	2	0	0	2	1	0	1	0	0	0	1	2	0	1	3	2	0	0	2	3	1	2	1	1	1	1	0	2	2	0	0	1	1	1	3	1	0	0	2	0	3	1	0	3	1	0	0	1	0	0	0	3	1	0	0	0	1	0	2	0	0	1	0	1	0	0	0	2	2	0	1	2	1	0	2	0	0	0	1	5	0	1	1	2	1
T[C>G]A	0	5	1	0	3	2	0	0	0	0	1	0	0	0	2	0	0	3	0	1	0	1	9	1	0	0	1	1	0	0	0	1	0	0	2	7	0	0	0	0	0	0	0	1	0	0	0	2	2	0	0	0	0	0	1	1	0	0	1	0	0	1	0	1	0	2	0	0	0	0	0	1	1	2	1	0	1	2	3	1	0	2	0	1	1	1	0	0	1	0	0	0	0	0	1	2	0	0	25	0
T[C>G]C	2	1	0	1	1	2	0	3	0	1	0	1	0	0	0	0	1	3	1	1	0	1	5	0	0	1	0	1	0	1	1	0	1	3	1	2	0	0	1	0	0	2	0	0	0	1	0	0	0	0	1	1	1	1	0	1	0	0	2	1	0	1	0	0	0	1	0	1	0	1	0	2	0	0	0	0	0	1	0	0	1	0	3	0	0	0	1	0	0	0	0	0	2	0	1	1	2	2	4	1
T[C>G]G	0	0	0	0	0	2	0	1	0	0	0	0	1	0	1	0	0	0	1	1	0	0	2	0	0	0	1	1	0	1	1	0	0	0	1	1	0	2	0	0	0	1	0	1	0	0	0	0	1	0	1	0	0	0	0	1	0	0	0	0	0	1	0	0	0	1	0	0	1	0	1	0	0	0	0	0	0	0	0	0	0	1	1	0	0	0	0	0	0	0	0	1	0	0	0	0	1	0	5	0
T[C>G]T	0	5	0	2	1	3	1	0	0	1	0	3	2	0	1	0	0	2	1	0	1	1	11	3	2	0	0	1	0	1	2	0	1	2	1	5	0	2	1	0	1	1	1	1	0	0	1	0	0	1	1	0	2	0	0	1	0	0	2	1	0	1	0	1	1	0	0	0	1	0	2	2	0	2	0	1	1	3	1	1	2	0	1	3	1	1	0	0	0	3	1	0	0	3	2	0	0	0	23	0
T[C>T]A	2	4	3	1	0	5	1	1	2	0	3	4	1	1	3	2	1	0	2	0	0	2	18	2	2	4	2	0	1	4	4	4	2	0	2	10	2	0	0	2	0	1	3	2	0	0	1	4	2	3	2	1	3	2	0	2	0	1	6	1	0	0	1	3	1	0	0	0	1	0	0	3	0	1	0	1	3	1	1	0	0	0	4	4	2	1	1	1	2	1	1	0	0	2	0	2	0	0	28	0
T[C>T]C	0	2	2	0	0	2	3	1	1	1	2	2	0	0	5	4	1	1	0	1	0	3	5	3	1	1	3	0	1	1	0	1	2	0	2	7	3	2	0	0	2	1	3	0	0	2	0	3	0	1	0	0	1	2	1	1	0	1	4	2	0	2	1	2	1	0	1	0	2	2	0	3	0	2	2	1	0	5	1	4	0	2	2	0	0	0	1	0	4	1	0	0	1	2	0	4	2	2	11	0
T[C>T]G	1	3	1	1	0	1	0	0	0	2	0	2	1	1	2	1	2	1	0	0	0	0	7	3	1	0	0	1	0	0	2	1	1	0	0	6	1	1	1	1	0	1	4	1	1	0	1	2	2	0	1	0	0	0	0	0	0	0	0	0	0	0	1	0	0	2	0	0	1	1	1	1	0	1	0	0	0	0	1	1	0	2	2	0	0	0	1	0	0	1	1	0	1	0	1	1	0	1	13	0
T[C>T]T	0	0	0	2	2	0	0	0	0	2	2	1	0	0	3	0	0	0	1	1	1	0	4	0	2	0	2	0	2	1	1	0	1	0	0	4	0	2	0	1	1	0	5	2	0	0	2	0	4	3	1	1	1	3	0	0	0	0	2	0	1	0	0	0	1	0	0	1	0	1	1	2	0	0	1	0	0	1	2	0	0	1	1	2	0	0	0	0	1	0	0	1	1	3	0	1	1	1	24	0
T[T>A]A	1	0	0	0	1	1	0	0	0	0	0	0	1	0	0	0	2	0	2	1	0	0	0	0	0	0	1	0	0	0	0	1	0	0	0	0	0	0	0	0	0	0	0	0	0	0	1	0	0	1	0	0	0	0	1	2	0	1	1	0	0	0	0	0	0	1	1	0	1	1	0	0	0	0	0	0	0	0	0	1	0	0	0	2	0	2	1	1	0	0	1	0	0	0	1	0	0	0	0	0
T[T>A]C	0	0	0	0	1	1	0	0	0	0	0	2	0	0	0	1	2	1	1	1	0	0	0	0	1	0	1	0	0	1	0	1	1	0	0	1	0	1	0	1	0	1	0	0	0	0	0	0	0	0	0	0	2	0	1	0	0	0	1	1	0	0	2	0	1	1	1	0	1	0	1	1	0	1	0	0	0	2	0	0	0	2	0	0	0	1	0	0	1	1	0	0	1	0	1	0	0	0	0	1
T[T>A]G	0	1	1	0	0	1	1	1	2	0	0	0	0	0	0	0	0	0	3	2	1	0	0	0	0	0	2	1	0	1	1	0	1	0	0	1	0	0	0	0	0	1	1	0	0	0	0	0	1	0	1	0	0	1	0	0	0	0	0	1	0	0	1	0	1	0	0	0	0	0	0	0	0	0	0	0	0	1	0	1	0	0	0	1	0	4	0	0	1	0	0	0	0	0	2	0	0	0	0	0
T[T>A]T	0	0	1	1	0	0	0	0	1	0	1	0	0	0	0	1	0	0	2	0	0	0	0	0	2	1	0	1	1	1	1	1	0	1	1	0	0	0	0	0	0	0	1	1	0	0	1	0	0	0	0	0	0	1	1	0	0	0	0	0	0	0	0	1	1	2	0	0	0	1	0	2	1	0	0	0	0	0	1	1	0	0	1	1	0	0	0	0	1	0	0	1	1	0	2	1	0	1	0	1
T[T>C]A	0	0	1	1	0	1	0	0	0	1	0	0	0	0	0	0	0	0	0	0	0	0	0	0	0	0	0	0	0	1	0	0	0	1	2	0	0	0	0	0	0	0	0	1	0	1	0	0	0	0	2	1	0	0	0	1	0	0	1	0	1	0	0	1	0	0	1	1	0	0	0	0	0	1	1	0	0	0	1	0	0	0	1	0	0	0	0	2	0	0	0	2	0	1	2	0	0	2	1	1
T[T>C]C	0	0	1	0	0	1	0	0	0	1	4	0	1	0	1	0	0	0	1	0	0	0	1	0	0	0	0	0	2	2	0	1	0	0	2	1	0	2	0	0	0	1	1	0	1	1	0	0	0	0	0	0	1	0	0	2	0	0	0	0	0	0	1	2	0	1	0	1	1	1	0	1	0	0	0	0	0	0	0	0	1	0	0	0	0	2	0	0	0	2	0	0	1	0	1	0	0	0	0	0
T[T>C]G	1	0	1	0	0	0	1	0	0	0	1	0	1	0	2	1	0	0	0	0	0	2	0	1	0	1	0	0	2	3	0	0	0	1	0	2	0	0	1	1	0	0	1	1	0	0	1	0	0	0	0	0	0	1	0	0	0	0	1	0	0	0	0	0	1	1	0	0	0	1	0	0	0	2	1	0	0	0	1	2	1	0	2	3	0	0	0	0	0	0	0	0	1	0	1	1	0	0	0	0
T[T>C]T	0	0	0	0	0	1	0	0	0	0	1	0	0	0	1	0	0	0	0	0	0	0	1	0	1	0	0	0	0	1	0	0	0	0	0	0	0	0	0	1	0	0	0	0	1	0	0	1	1	0	0	2	1	2	1	0	0	0	2	0	0	0	1	0	0	1	1	0	0	0	1	0	1	0	0	0	2	0	1	0	0	0	0	1	0	0	0	1	0	0	0	0	0	0	0	0	0	0	0	2
T[T>G]A	0	0	0	1	0	0	0	0	0	0	0	0	0	0	0	0	0	0	0	2	0	0	0	0	1	0	0	0	0	0	0	1	0	1	0	0	0	0	0	0	0	0	1	0	0	0	0	1	0	0	0	0	0	0	0	0	0	0	0	0	0	0	0	0	0	0	1	0	0	0	0	0	0	0	0	0	1	1	0	0	0	0	0	1	0	0	0	0	0	0	0	0	0	0	0	0	0	0	0	0
T[T>G]C	0	0	0	0	1	0	0	2	0	0	0	1	0	0	1	0	0	1	1	1	0	0	0	1	0	0	2	1	0	0	0	0	1	2	0	0	0	0	0	0	1	1	0	2	0	0	2	1	0	2	0	0	1	0	0	0	1	1	1	0	0	0	0	1	0	2	0	0	0	1	0	1	0	0	0	0	0	1	0	0	0	1	1	0	0	0	0	0	1	1	0	0	0	1	2	0	0	0	0	1
T[T>G]G	1	0	0	0	1	3	1	0	0	0	1	0	0	0	2	0	0	0	0	1	0	0	0	0	0	0	0	0	1	0	3	0	0	3	0	0	0	1	0	0	0	1	1	0	1	1	0	1	0	0	0	0	2	0	0	0	1	0	0	0	0	0	1	2	1	1	0	0	0	0	2	0	0	1	0	0	1	0	0	1	0	0	1	3	0	0	0	0	0	0	0	0	0	0	0	1	0	0	1	0
T[T>G]T	0	0	0	1	0	1	0	0	0	0	0	3	0	0	0	0	1	0	0	2	0	0	0	1	1	0	1	2	0	2	3	1	0	0	1	0	0	0	0	0	1	2	0	0	0	0	1	0	0	0	0	0	0	0	0	0	1	0	0	0	1	0	2	0	0	1	1	0	2	0	1	0	1	0	1	0	0	1	0	1	0	0	1	0	0	0	2	0	1	1	1	0	0	1	2	2	1	0	1	0
