Created graph
[-7.0, -5, -3.0]
[-4.0, -3.0, -2.0]
[-4.5, -4.0, -3.5]
[-4.75, -4.5, -4.25]
[-4.625, -4.5, -4.375]
[-4.4375, -4.375, -4.3125]
100 3 5
Score: 77.20242
Signatures: [[0.12543053925037384, 0.23864877223968506, 0.061489202082157135, 0.08639349788427353, 0.11587221175432205, 0.0, 0.055909305810928345, 0.12147870659828186, 0.0, 0.034230414777994156, 0.06595504283905029, 0.11204582452774048, 1.4484102725982666, 0.6797677874565125, 0.10173528641462326, 0.7326669096946716, 0.18117332458496094, 0.1685115545988083, 0.16063961386680603, 0.15817983448505402, 0.2530090808868408, 0.056589510291814804, 0.0, 0.38260501623153687, 0.09441868960857391, 0.07185087352991104, 0.061410073190927505, 0.2348543405532837, 9.533964157104492, 3.2751243114471436, 0.8271058797836304, 10.21625804901123, 0.28430718183517456, 0.0664696991443634, 0.03753533586859703, 0.10224362462759018, 0.45688149333000183, 0.06800895929336548, 0.0, 0.21655000746250153, 0.19143657386302948, 0.0, 0.0, 0.30603641271591187, 5.529372692108154, 1.7873249053955078, 0.6889482736587524, 1.4172524213790894, 0.0, 0.03013831004500389, 0.0624319352209568, 0.0, 0.14452068507671356, 0.004051445983350277, 0.042859192937612534, 0.10795318335294724, 0.04067697748541832, 0.030863748863339424, 0.0338803231716156, 0.039542850106954575, 0.0, 0.04029729217290878, 0.03971968963742256, 0.031049421057105064, 0.07143552601337433, 0.06492289155721664, 0.1591866910457611, 0.11672399938106537, 0.0, 0.14813174307346344, 0.016546638682484627, 0.10771096497774124, 0.0, 0.016041453927755356, 0.0, 0.1429692953824997, 0.02563285455107689, 0.07775600254535675, 0.014237683266401291, 0.0, 0.0, 0.012698695994913578, 0.040851958096027374, 0.029456941410899162, 0.022234324365854263, 0.04524347186088562, 0.008014959283173084, 0.10661949962377548, 0.030488766729831696, 0.0, 0.022949952632188797, 0.07265820354223251, 0.014617225155234337, 0.0, 0.12544871866703033, 0.06647239625453949], [0.0, 0.0, 0.0, 0.0, 0.0, 0.0, 0.0, 0.0, 0.0, 0.0, 0.0, 0.0, 0.8738820552825928, 0.19110016524791718, 0.26182302832603455, 0.34682735800743103, 0.0, 0.0, 0.0, 0.0, 0.0, 0.0, 0.0, 0.0, 0.0, 0.0, 0.0, 0.0, 1.9926109313964844, 0.5404040813446045, 0.08666104823350906, 4.55631685256958, 0.012058758176863194, 0.0, 0.1698063462972641, 0.02828953042626381, 0.3819563686847687, 0.06863560527563095, 0.2517426311969757, 0.07142273336648941, 0.020295707508921623, 0.018805863335728645, 0.0, 0.0, 14.472758293151855, 2.8221943378448486, 4.316023826599121, 8.104277610778809, 0.0, 0.0, 0.06113285571336746, 0.0, 0.0, 0.0, 0.0, 0.0, 0.0, 0.0, 0.0, 0.0, 0.0, 0.0, 0.0, 0.0, 0.0, 0.0, 0.0, 0.0, 0.0, 0.0, 0.0, 0.0, 0.0, 0.0, 0.0, 0.0, 0.0, 0.0, 0.0, 0.03266902640461922, 0.0, 0.0, 0.0, 0.0, 0.0, 0.0, 0.0, 0.0, 0.0, 0.018779955804347992, 0.0, 0.0, 0.0, 0.005841659847646952, 0.0, 0.0], [1.0795421600341797, 1.4479353427886963, 0.4120064377784729, 0.8342550992965698, 1.0684170722961426, 1.2248550653457642, 0.42230692505836487, 1.0784542560577393, 1.1714575290679932, 1.0907988548278809, 0.2475738823413849, 0.9528549909591675, 0.9353020191192627, 1.4472163915634155, 0.40177154541015625, 1.4234665632247925, 0.7943857908248901, 0.6490549445152283, 0.44349315762519836, 0.8072248101234436, 0.6743791699409485, 0.7959725856781006, 0.5515011548995972, 0.9762347340583801, 0.40964043140411377, 0.6692185401916504, 0.29687371850013733, 0.7000138163566589, 0.521199643611908, 0.8796089887619019, 0.41787734627723694, 0.9884660243988037, 1.401693344116211, 1.3247044086456299, 6.017934799194336, 1.325892448425293, 1.6402840614318848, 1.4904351234436035, 5.20803689956665, 1.9021284580230713, 1.8820923566818237, 2.1003098487854004, 5.713580131530762, 1.6837717294692993, 1.3144869804382324, 2.5653789043426514, 3.8262109756469727, 2.0117666721343994, 0.34762194752693176, 0.6217048764228821, 0.4915693998336792, 0.376715749502182, 0.16936823725700378, 0.7080188989639282, 0.7563581466674805, 0.5570786595344543, 0.2058008909225464, 0.4359796941280365, 0.4048197865486145, 0.29787132143974304, 0.3343026340007782, 0.3204275667667389, 0.2726325988769531, 0.3942451477050781, 0.8191657662391663, 0.6665903925895691, 1.129636526107788, 1.1179264783859253, 0.42323416471481323, 0.850446343421936, 0.9505298137664795, 0.9238671660423279, 1.0667802095413208, 0.5555026531219482, 0.8900890946388245, 0.6849991679191589, 0.6056342124938965, 0.7813266515731812, 0.5709308981895447, 0.5193324089050293, 0.1776735633611679, 0.17910994589328766, 0.3038398027420044, 0.2539490759372711, 0.17502589523792267, 0.3218644857406616, 0.5971311330795288, 0.6105995178222656, 0.18378280103206635, 0.27121829986572266, 0.43333765864372253, 0.23059378564357758, 0.23865142464637756, 0.32071051001548767, 0.2964508533477783, 0.4631694257259369]]
Time 1298.9304356575012
