Created graph
[-7.0, -5, -3.0]
[-4.0, -3.0, -2.0]
[-4.5, -4.0, -3.5]
[-4.75, -4.5, -4.25]
[-4.375, -4.25, -4.125]
[-4.4375, -4.375, -4.3125]
1000 4 200
Score: 73.65549
Signatures: [[1.2433561086654663, 1.6081255674362183, 0.4869759678840637, 0.8937033414840698, 1.1351861953735352, 1.1822699308395386, 0.3996119797229767, 0.948158323764801, 0.6475493311882019, 1.0072588920593262, 0.24304628372192383, 1.1345696449279785, 1.0466163158416748, 2.1730878353118896, 0.30537810921669006, 2.002030372619629, 1.0602383613586426, 0.9217202067375183, 0.7803611159324646, 1.2535637617111206, 1.11767578125, 1.000954270362854, 0.403722882270813, 1.689950704574585, 0.538063108921051, 0.9163668751716614, 0.44297975301742554, 1.241699457168579, 3.190669536590576, 2.612630605697632, 0.5920774936676025, 5.057343482971191, 1.29477858543396, 0.9448477029800415, 0.7081743478775024, 0.8945950269699097, 1.4130030870437622, 0.9043703079223633, 0.21935859322547913, 1.5665032863616943, 0.9668834209442139, 0.2773817181587219, 0.0, 1.3705880641937256, 1.6822553873062134, 2.961775064468384, 1.196158528327942, 0.6777274012565613, 0.2271636724472046, 0.4372473657131195, 0.35103839635849, 0.1641049087047577, 0.30817270278930664, 0.680151104927063, 0.7752653956413269, 0.8205968141555786, 0.2577684819698334, 0.3434735834598541, 0.36688491702079773, 0.3231694996356964, 0.21386952698230743, 0.2948474884033203, 0.2741180956363678, 0.4257253110408783, 0.5418456196784973, 0.5670256614685059, 0.6513078212738037, 0.9260910749435425, 0.257493793964386, 0.5793166756629944, 0.7281203866004944, 0.8350314497947693, 0.14349769055843353, 0.4001588821411133, 0.0, 0.7113943099975586, 0.20050354301929474, 0.4640381336212158, 0.09641525149345398, 0.255738765001297, 0.09527304768562317, 0.23602445423603058, 0.422128826379776, 0.26478588581085205, 0.16859698295593262, 0.36187615990638733, 0.6001006960868835, 0.6880477666854858, 0.1981716752052307, 0.2996922731399536, 0.40898191928863525, 0.31986185908317566, 0.24195866286754608, 0.20140807330608368, 0.45356592535972595, 0.44174885749816895], [0.578165590763092, 0.8214775323867798, 0.21305057406425476, 0.48333775997161865, 0.6326475739479065, 0.7132788300514221, 0.27411139011383057, 0.7383986711502075, 0.9584085941314697, 0.6803316473960876, 0.16771265864372253, 0.4933233857154846, 0.6902803182601929, 0.6707769632339478, 0.3015478551387787, 0.6919220089912415, 0.382932186126709, 0.3161641061306, 0.1377982497215271, 0.29238513112068176, 0.2155405879020691, 0.35370805859565735, 0.3957482576370239, 0.3341321647167206, 0.20563410222530365, 0.265337735414505, 0.11563761532306671, 0.21630406379699707, 0.0075540258549153805, 0.0678972378373146, 0.2621287703514099, 0.0, 0.9632062315940857, 0.9864377379417419, 6.46600341796875, 1.0356261730194092, 1.2024897336959839, 1.2146413326263428, 5.6985859870910645, 1.3648782968521118, 1.6658105850219727, 2.2108278274536133, 6.425347805023193, 1.2794398069381714, 1.0973142385482788, 1.5844223499298096, 3.622762441635132, 1.9512403011322021, 0.25647416710853577, 0.46968427300453186, 0.38047054409980774, 0.3337310552597046, 0.05854596197605133, 0.41830217838287354, 0.42876502871513367, 0.22823606431484222, 0.10615912079811096, 0.3148297667503357, 0.2596624493598938, 0.1725359708070755, 0.25169122219085693, 0.21509620547294617, 0.1713561713695526, 0.20602373778820038, 0.6550021171569824, 0.4481431543827057, 0.9749400615692139, 0.8019195795059204, 0.3398600220680237, 0.7172895669937134, 0.6470482349395752, 0.6234803199768066, 1.1436643600463867, 0.40264129638671875, 1.010219693183899, 0.4255634546279907, 0.5898445844650269, 0.6739296317100525, 0.5998303890228271, 0.4495507478713989, 0.14722228050231934, 0.07415659725666046, 0.1308967024087906, 0.15257233381271362, 0.1157069131731987, 0.18021553754806519, 0.34737974405288696, 0.3494532108306885, 0.11268164962530136, 0.15157383680343628, 0.2714848220348358, 0.11450138688087463, 0.14005081355571747, 0.2429940402507782, 0.1484024077653885, 0.30815356969833374], [0.0, 0.0, 0.0, 0.0, 0.0, 0.0, 0.0, 0.0, 0.0, 0.0, 0.013580680824816227, 0.0, 0.9468021988868713, 0.43851956725120544, 0.28442493081092834, 0.5784912109375, 0.0, 0.0, 0.0, 0.0, 0.0, 0.0, 0.0, 0.0, 0.001851539476774633, 0.0, 0.0, 0.0, 1.9869279861450195, 0.8702635169029236, 0.08033248782157898, 5.109528541564941, 0.07110518962144852, 0.0, 0.0, 0.020904241129755974, 0.5177220106124878, 0.06343583017587662, 0.11703940480947495, 0.09633541852235794, 0.06842654198408127, 0.02825857698917389, 0.0, 0.01898948661983013, 15.105381965637207, 3.407686710357666, 4.413776397705078, 8.04710578918457, 0.0, 0.0, 0.07845669984817505, 0.0, 0.0, 0.0, 0.0, 0.0, 0.0, 0.0, 0.0, 0.0, 0.0, 0.0, 0.0, 0.0, 0.0, 0.0, 0.0, 0.0, 0.0, 0.0, 0.0, 0.0, 0.0, 0.0, 0.0, 0.0, 0.0, 0.0, 0.0, 0.02103252336382866, 0.0, 0.0, 0.0, 0.0, 0.0, 0.0, 0.0, 0.0, 0.0, 0.0, 0.0, 0.0, 0.0, 0.0, 0.0, 0.0], [0.0, 0.0, 0.0, 0.0, 0.0, 0.0, 0.0, 0.0, 0.0, 0.0, 0.0, 0.0, 1.3705179691314697, 0.0, 0.05605744197964668, 0.07647430896759033, 0.0, 0.0, 0.0, 0.0, 0.0, 0.0, 0.0, 0.0, 0.0, 0.0, 0.0, 0.0, 9.698844909667969, 2.549114465713501, 0.7778977751731873, 9.5994234085083, 0.0, 0.0, 0.4595463275909424, 0.0, 0.09051111340522766, 0.0, 0.4087839722633362, 0.0, 0.0, 0.0, 0.44771072268486023, 0.0, 6.638885498046875, 0.9399569630622864, 1.1076462268829346, 2.6060879230499268, 0.0, 0.0, 0.0, 0.0, 0.061416808515787125, 0.0, 0.0, 0.0, 0.0, 0.0, 0.0, 0.0, 0.0, 0.0, 0.0, 0.0, 0.0, 0.0, 0.04361928254365921, 0.0, 0.0, 0.024246014654636383, 0.0, 0.0, 0.0, 0.0, 0.032564129680395126, 0.0, 0.00870649702847004, 0.0, 0.022041965276002884, 0.0, 0.0, 0.0, 0.0, 0.0, 0.0, 0.0, 0.0, 0.0, 0.0, 0.0, 0.0, 0.0, 0.0, 0.0, 0.0, 0.0]]
Time 589.0297973155975
