Created graph
[-7.0, -5, -3.0]
[-4.0, -3.0, -2.0]
[-4.5, -4.0, -3.5]
[-4.75, -4.5, -4.25]
[-4.625, -4.5, -4.375]
[-4.4375, -4.375, -4.3125]
1000 4 100
Score: 73.76298
Signatures: [[1.246046781539917, 1.6138025522232056, 0.4875807464122772, 0.8962537050247192, 1.1402950286865234, 1.1850570440292358, 0.4025975167751312, 0.9498894810676575, 0.6450995206832886, 1.0133978128433228, 0.24337048828601837, 1.1402881145477295, 1.0525968074798584, 2.1800901889801025, 0.305402010679245, 2.018958568572998, 1.062635064125061, 0.9198304414749146, 0.7818576097488403, 1.2574050426483154, 1.119786024093628, 1.0054210424423218, 0.40675657987594604, 1.6942116022109985, 0.5407510995864868, 0.91813063621521, 0.4430036246776581, 1.2441426515579224, 3.1811506748199463, 2.6102945804595947, 0.5949580073356628, 5.034402370452881, 1.3018330335617065, 0.947576105594635, 0.6843549609184265, 0.8948055505752563, 1.4166083335876465, 0.9078099727630615, 0.21234828233718872, 1.5737154483795166, 0.9655002951622009, 0.27076297998428345, 0.0, 1.3754181861877441, 1.704087495803833, 2.9716625213623047, 1.2099367380142212, 0.7268799543380737, 0.22663761675357819, 0.4397934377193451, 0.3554500639438629, 0.16473975777626038, 0.307388037443161, 0.6837247014045715, 0.7783939242362976, 0.8223491311073303, 0.2583928108215332, 0.3460654318332672, 0.3690488338470459, 0.3218594193458557, 0.2125186026096344, 0.2950716018676758, 0.27514249086380005, 0.4271291196346283, 0.5410423278808594, 0.5675679445266724, 0.6496642231941223, 0.9285205602645874, 0.25632715225219727, 0.5736761093139648, 0.7299111485481262, 0.8317112326622009, 0.1375749707221985, 0.3993335962295532, 0.0, 0.7112782001495361, 0.19578370451927185, 0.4608433246612549, 0.09321334213018417, 0.2559637427330017, 0.0948738232254982, 0.23605778813362122, 0.4224618971347809, 0.2650901675224304, 0.16902408003807068, 0.3627799153327942, 0.6012856960296631, 0.6877740621566772, 0.1976461559534073, 0.30198079347610474, 0.41242125630378723, 0.318973571062088, 0.2424352467060089, 0.20189112424850464, 0.45262736082077026, 0.44157397747039795], [0.5741469860076904, 0.8145080804824829, 0.21182355284690857, 0.4801184833049774, 0.6285244226455688, 0.7097127437591553, 0.2716630697250366, 0.7357953786849976, 0.9589857459068298, 0.6739564538002014, 0.1665610522031784, 0.4881938099861145, 0.684837818145752, 0.665695309638977, 0.3008166551589966, 0.680881142616272, 0.38008061051368713, 0.31527888774871826, 0.13677945733070374, 0.2900344729423523, 0.2139165848493576, 0.34996646642684937, 0.3923324644565582, 0.33053213357925415, 0.20329415798187256, 0.2632729113101959, 0.11529787629842758, 0.21444274485111237, 0.005394058767706156, 0.06854681670665741, 0.2595016658306122, 0.0, 0.9566887617111206, 0.9802243709564209, 6.465950012207031, 1.0340849161148071, 1.1944677829742432, 1.2082922458648682, 5.676154136657715, 1.3572126626968384, 1.661724328994751, 2.209455966949463, 6.4124603271484375, 1.2728465795516968, 1.0718358755111694, 1.5720254182815552, 3.597397804260254, 1.9158939123153687, 0.25666356086730957, 0.4667610824108124, 0.3767719566822052, 0.3319706618785858, 0.058432452380657196, 0.41499796509742737, 0.4255552291870117, 0.22672516107559204, 0.10520515590906143, 0.31219902634620667, 0.2572329342365265, 0.17213043570518494, 0.25191056728363037, 0.21381989121437073, 0.1700601428747177, 0.20516365766525269, 0.6540558934211731, 0.447265088558197, 0.9719165563583374, 0.7984694242477417, 0.33991846442222595, 0.719466507434845, 0.6453790068626404, 0.6245248913764954, 1.1462340354919434, 0.40253758430480957, 1.0102989673614502, 0.4248649477958679, 0.5918334722518921, 0.6749676465988159, 0.6011661887168884, 0.4479299783706665, 0.14665687084197998, 0.07386553287506104, 0.13018321990966797, 0.1517835259437561, 0.11481991410255432, 0.17876429855823517, 0.3455023765563965, 0.3484940826892853, 0.11233273148536682, 0.14977499842643738, 0.26908186078071594, 0.11458472907543182, 0.1391420215368271, 0.24263645708560944, 0.14815975725650787, 0.3066064715385437], [0.0, 0.0, 0.0, 0.0, 0.0, 0.0, 0.0, 0.0, 0.0, 0.0, 0.013687866739928722, 0.0, 0.9429855942726135, 0.43599918484687805, 0.2844243347644806, 0.5756931900978088, 0.0, 0.0, 0.0, 0.0, 0.0, 0.0, 0.0, 0.0, 0.0013629210880026221, 0.0, 0.0, 0.0, 1.9908580780029297, 0.8618730306625366, 0.08005879074335098, 5.111164093017578, 0.06911309063434601, 0.0, 0.0, 0.020097745582461357, 0.5171403884887695, 0.06272722035646439, 0.12904579937458038, 0.09397824853658676, 0.06860171258449554, 0.029987752437591553, 0.0, 0.01883108727633953, 15.164594650268555, 3.4104602336883545, 4.439066410064697, 8.08888053894043, 0.0, 0.0, 0.07792094349861145, 0.0, 0.0, 0.0, 0.0, 0.0, 0.0, 0.0, 0.0, 0.0, 0.0, 0.0, 0.0, 0.0, 0.0, 0.0, 0.0, 0.0, 0.0, 0.0, 0.0, 0.0, 0.0, 0.0, 0.0, 0.0, 0.0, 0.0, 0.0, 0.020959042012691498, 0.0, 0.0, 0.0, 0.0, 0.0, 0.0, 0.0, 0.0, 0.0, 0.0, 0.0, 0.0, 0.0, 0.0, 0.0, 0.0], [0.0, 0.0, 0.0, 0.0, 0.0, 0.0, 0.0, 0.0, 0.0, 0.0, 0.0, 0.0, 1.380096435546875, 0.0, 0.057296935468912125, 0.07545044273138046, 0.0, 0.0, 0.0, 0.0, 0.0, 0.0, 0.0, 0.0, 0.0, 0.0, 0.0, 0.0, 9.732269287109375, 2.568103551864624, 0.7793933749198914, 9.645999908447266, 0.0, 0.0, 0.4682815670967102, 0.0, 0.09328810125589371, 0.0, 0.40545880794525146, 0.0, 3.264924816903658e-05, 0.0, 0.454004168510437, 0.0, 6.643503665924072, 0.9477282762527466, 1.1015446186065674, 2.580500841140747, 0.0, 0.0, 0.0, 0.0, 0.0625300407409668, 0.0, 0.0, 0.0, 0.0, 0.0, 0.0, 0.0, 0.0, 0.0, 0.0, 0.0, 0.0, 0.0, 0.04479283094406128, 0.0, 0.0, 0.02584335207939148, 0.0, 0.0, 0.0, 0.0, 0.03144156187772751, 0.0, 0.00993326772004366, 0.0, 0.023135699331760406, 0.0, 0.0, 0.0, 0.0, 0.0, 0.0, 0.0, 0.0, 0.0, 0.0, 0.0, 0.0, 0.0, 0.0, 0.0, 0.0, 0.0]]
Time 593.1875636577606
