Created graph
[-7.0, -5, -3.0]
[-4.0, -3.0, -2.0]
[-4.5, -4.0, -3.5]
[-4.75, -4.5, -4.25]
[-4.375, -4.25, -4.125]
[-4.4375, -4.375, -4.3125]
5000 3 25
Score: 75.172
Signatures: [[0.13720650970935822, 0.27150383591651917, 0.07271868735551834, 0.09394152462482452, 0.12100428342819214, 0.0, 0.05958328768610954, 0.1316194236278534, 0.0, 0.023215100169181824, 0.07638181746006012, 0.12231846898794174, 1.8195700645446777, 0.8186346888542175, 0.1483822762966156, 0.9337150454521179, 0.2105885148048401, 0.1983434110879898, 0.19859060645103455, 0.18039470911026, 0.31030961871147156, 0.057256098836660385, 0.0, 0.45786961913108826, 0.10974600911140442, 0.07348185777664185, 0.07131377607584, 0.2816604673862457, 11.544864654541016, 3.999802589416504, 0.9972272515296936, 12.724764823913574, 0.332888126373291, 0.05832964926958084, 0.06524284929037094, 0.11641395837068558, 0.6297433972358704, 0.0699739009141922, 0.0, 0.24534960091114044, 0.21615992486476898, 0.0, 0.0, 0.3551405966281891, 8.149250030517578, 2.4690189361572266, 1.446295142173767, 2.623755693435669, 0.0, 0.02492215298116207, 0.08423333615064621, 0.0, 0.1792173832654953, 0.0, 0.036053650081157684, 0.13025420904159546, 0.04508694261312485, 0.02662239409983158, 0.03401663526892662, 0.0424029678106308, 0.0, 0.043080270290374756, 0.04336035996675491, 0.03296208754181862, 0.08011353015899658, 0.06989648193120956, 0.18450498580932617, 0.11654874682426453, 0.0, 0.1796509027481079, 0.00940131489187479, 0.12540081143379211, 0.0, 0.013932008296251297, 0.0, 0.16488495469093323, 0.026424698531627655, 0.09041488170623779, 0.011575983837246895, 0.0, 0.0, 0.01173254195600748, 0.04025014862418175, 0.03164146468043327, 0.02522888034582138, 0.050700850784778595, 0.0009096958092413843, 0.12509457767009735, 0.035316746681928635, 0.0, 0.020694799721240997, 0.08795441687107086, 0.011998694390058517, 0.0, 0.15403689444065094, 0.07575894892215729], [0.0, 0.0, 0.0, 0.0, 0.0, 0.0, 0.0, 0.0, 0.0, 0.0, 0.0, 0.0, 1.195318341255188, 0.26733383536338806, 0.32004818320274353, 0.4408406615257263, 0.0, 0.0, 0.0, 0.0, 0.0, 0.0, 0.0, 0.0, 0.0, 0.0, 0.0, 0.0, 3.2773523330688477, 0.9161769151687622, 0.16319647431373596, 6.5107550621032715, 0.009748406708240509, 0.0, 0.08482204377651215, 0.02513841912150383, 0.4341268539428711, 0.06361022591590881, 0.1955745816230774, 0.07801263779401779, 0.009714596904814243, 0.0014135014498606324, 0.0, 0.0, 18.260255813598633, 3.5637099742889404, 5.11313533782959, 10.04347038269043, 0.0, 0.0, 0.06467998027801514, 0.0, 0.0, 0.0, 0.0, 0.0, 0.0, 0.0, 0.0, 0.0, 0.0, 0.0, 0.0, 0.0, 0.0, 0.0, 0.0, 0.0, 0.0, 0.0, 0.0, 0.0, 0.0, 0.0, 0.0, 0.0, 0.0, 0.0, 0.0, 0.031230570748448372, 0.0, 0.0, 0.0, 0.0, 0.0, 0.0, 0.0, 0.0, 0.0, 0.019805463030934334, 0.0, 0.0, 0.0, 0.0020387223921716213, 0.0, 0.0], [1.259455919265747, 1.6911345720291138, 0.47473010420799255, 0.967323899269104, 1.2434922456741333, 1.402202844619751, 0.4949529767036438, 1.251065969467163, 1.3304884433746338, 1.2605899572372437, 0.2962886095046997, 1.1003904342651367, 1.12679922580719, 1.7183513641357422, 0.4749291241168976, 1.6736184358596802, 0.9274845123291016, 0.7580617666244507, 0.5145864486694336, 0.9392491579055786, 0.7845891714096069, 0.9179779291152954, 0.6400644779205322, 1.1476304531097412, 0.4797215759754181, 0.7797860503196716, 0.34309712052345276, 0.8164811730384827, 0.8456968665122986, 1.1043037176132202, 0.5127716660499573, 1.4529528617858887, 1.645429253578186, 1.54471755027771, 6.965240955352783, 1.5295422077178955, 1.9305944442749023, 1.7458574771881104, 6.096194744110107, 2.224463939666748, 2.1952431201934814, 2.4118731021881104, 6.6236066818237305, 1.9714699983596802, 1.8243672847747803, 3.068326473236084, 4.519717216491699, 2.405111312866211, 0.3960665166378021, 0.7251920104026794, 0.5795673727989197, 0.43674659729003906, 0.20154395699501038, 0.8149174451828003, 0.8800761699676514, 0.6394438743591309, 0.24271222949028015, 0.5065823197364807, 0.4690859317779541, 0.35126030445098877, 0.380914568901062, 0.3767453730106354, 0.3183354437351227, 0.4546179473400116, 0.9497742056846619, 0.7713770866394043, 1.323521375656128, 1.3128104209899902, 0.4865170121192932, 0.9784824252128601, 1.0977680683135986, 1.0672619342803955, 1.2170584201812744, 0.6399766802787781, 1.0210332870483398, 0.796528160572052, 0.6933708190917969, 0.9008407592773438, 0.6537997722625732, 0.6049180030822754, 0.20796996355056763, 0.20757651329040527, 0.3572862148284912, 0.29871731996536255, 0.20282581448554993, 0.3757014274597168, 0.6893281936645508, 0.7081162929534912, 0.2139948308467865, 0.31591081619262695, 0.5023134350776672, 0.2711399495601654, 0.27837085723876953, 0.37174439430236816, 0.34927359223365784, 0.5420219302177429]]
Time 935.8441472053528
