Created graph
[-7.0, -5, -3.0]
[-4.0, -3.0, -2.0]
[-4.5, -4.0, -3.5]
[-4.75, -4.5, -4.25]
[-4.625, -4.5, -4.375]
[-4.4375, -4.375, -4.3125]
100 3 100
Score: 77.190056
Signatures: [[0.12518025934696198, 0.2383202314376831, 0.06143363565206528, 0.0863075852394104, 0.11560777574777603, 0.0, 0.05578618869185448, 0.12143336981534958, 0.0, 0.034138087183237076, 0.06587491929531097, 0.1120322048664093, 1.4479137659072876, 0.6795656085014343, 0.10160404443740845, 0.7322070002555847, 0.18105517327785492, 0.16845819354057312, 0.16050612926483154, 0.1581270396709442, 0.2528095841407776, 0.056509412825107574, 0.0, 0.3823111653327942, 0.09432893991470337, 0.07169254869222641, 0.061309535056352615, 0.2345259189605713, 9.536066055297852, 3.2738795280456543, 0.827129602432251, 10.215317726135254, 0.2840660512447357, 0.06626099348068237, 0.03764593228697777, 0.10231573134660721, 0.4568076431751251, 0.06810017675161362, 0.0, 0.21626953780651093, 0.1912795752286911, 0.0, 0.0, 0.3055405020713806, 5.5312042236328125, 1.7864511013031006, 0.6867364645004272, 1.4165451526641846, 0.0, 0.03004169650375843, 0.06224867329001427, 0.0, 0.14447754621505737, 0.004034903831779957, 0.04269665107131004, 0.10803922265768051, 0.04059821739792824, 0.030814779922366142, 0.033819206058979034, 0.03949769586324692, 0.0, 0.04019878804683685, 0.039549604058265686, 0.031040219590067863, 0.07125593721866608, 0.06479179859161377, 0.15893904864788055, 0.11649268865585327, 0.0, 0.14802275598049164, 0.016408801078796387, 0.1074707880616188, 0.0, 0.016026759520173073, 0.0, 0.1429097205400467, 0.025522207841277122, 0.07759165018796921, 0.0142312441021204, 0.0, 0.0, 0.012666856870055199, 0.04067835584282875, 0.029459936544299126, 0.022180035710334778, 0.045146793127059937, 0.007863624021410942, 0.10656862705945969, 0.03041108138859272, 0.0, 0.022900832816958427, 0.07255628705024719, 0.014566370286047459, 0.0, 0.12540234625339508, 0.06645917892456055], [0.0, 0.0, 0.0, 0.0, 0.0, 0.0, 0.0, 0.0, 0.0, 0.0, 0.0, 0.0, 0.8740614652633667, 0.19103944301605225, 0.26187267899513245, 0.34690985083580017, 0.0, 0.0, 0.0, 0.0, 0.0, 0.0, 0.0, 0.0, 0.0, 0.0, 0.0, 0.0, 1.9933443069458008, 0.5409458875656128, 0.08688697218894958, 4.555773735046387, 0.012037606909871101, 0.0, 0.16923363506793976, 0.028202854096889496, 0.3818274140357971, 0.06831778585910797, 0.2513507306575775, 0.07134418189525604, 0.02022603340446949, 0.01864110864698887, 0.0, 0.0, 14.471762657165527, 2.8222405910491943, 4.317099571228027, 8.103958129882812, 0.0, 0.0, 0.06116342544555664, 0.0, 0.0, 0.0, 0.0, 0.0, 0.0, 0.0, 0.0, 0.0, 0.0, 0.0, 0.0, 0.0, 0.0, 0.0, 0.0, 0.0, 0.0, 0.0, 0.0, 0.0, 0.0, 0.0, 0.0, 0.0, 0.0, 0.0, 0.0, 0.03258521109819412, 0.0, 0.0, 0.0, 0.0, 0.0, 0.0, 0.0, 0.0, 0.0, 0.018775874748826027, 0.0, 0.0, 0.0, 0.005750244949012995, 0.0, 0.0], [1.080106258392334, 1.4485269784927368, 0.4119904339313507, 0.8343123197555542, 1.0686672925949097, 1.2247283458709717, 0.4224580228328705, 1.0786056518554688, 1.1715755462646484, 1.0910162925720215, 0.24764180183410645, 0.9527246356010437, 0.93565434217453, 1.4476687908172607, 0.4018481969833374, 1.4236977100372314, 0.7943921089172363, 0.6491943597793579, 0.4435705244541168, 0.8072955012321472, 0.674527108669281, 0.7960023283958435, 0.5514956116676331, 0.976474940776825, 0.4097391366958618, 0.6693968772888184, 0.29696887731552124, 0.7002235651016235, 0.5209042429924011, 0.8804617524147034, 0.41791293025016785, 0.9907199740409851, 1.401938796043396, 1.3247995376586914, 6.01829195022583, 1.3257917165756226, 1.6406629085540771, 1.4906662702560425, 5.208714962005615, 1.9024699926376343, 1.882417917251587, 2.1004409790039062, 5.71406364440918, 1.68449068069458, 1.3157224655151367, 2.5666885375976562, 3.8269200325012207, 2.0126991271972656, 0.34760937094688416, 0.6217896342277527, 0.4917532205581665, 0.3768390715122223, 0.16951718926429749, 0.708175539970398, 0.7565453052520752, 0.5570181608200073, 0.205933079123497, 0.435974657535553, 0.4048406183719635, 0.298011839389801, 0.3342403769493103, 0.3205728232860565, 0.27270224690437317, 0.3944171071052551, 0.8192613124847412, 0.6667054891586304, 1.1299667358398438, 1.1182078123092651, 0.4232417345046997, 0.8505653738975525, 0.950753390789032, 0.9241238236427307, 1.0669325590133667, 0.5555197596549988, 0.8901488780975342, 0.6851539611816406, 0.6056540012359619, 0.781489908695221, 0.571037232875824, 0.5194690823554993, 0.17769049108028412, 0.1790866255760193, 0.30405962467193604, 0.25399690866470337, 0.17518259584903717, 0.3218974173069, 0.5973016023635864, 0.6106246709823608, 0.1838347315788269, 0.2712016999721527, 0.4334190785884857, 0.23077179491519928, 0.23877908289432526, 0.3208942711353302, 0.29657015204429626, 0.4632631838321686]]
Time 856.6126399040222
