Created graph
[-7.0, -5, -3.0]
[-6.0, -5, -4.0]
[-4.5, -4.0, -3.5]
[-4.75, -4.5, -4.25]
[-4.625, -4.5, -4.375]
[-4.4375, -4.375, -4.3125]
1 3 5
Score: 77.22822
Signatures: [[0.12429411709308624, 0.23665112257003784, 0.060899581760168076, 0.08568281680345535, 0.11491860449314117, 0.0, 0.05550679937005043, 0.12070658802986145, 0.0, 0.034110456705093384, 0.06543193757534027, 0.11136611551046371, 1.4370763301849365, 0.6750171184539795, 0.10035505145788193, 0.7260862588882446, 0.17986413836479187, 0.16718006134033203, 0.15917173027992249, 0.15702691674232483, 0.25085023045539856, 0.05606651306152344, 0.0, 0.37948328256607056, 0.09375756978988647, 0.07124065607786179, 0.060878850519657135, 0.23277761042118073, 9.478177070617676, 3.2534663677215576, 0.8222612738609314, 10.145179748535156, 0.2822436988353729, 0.06612848490476608, 0.03596041724085808, 0.10166316479444504, 0.45195916295051575, 0.06757201999425888, 0.0, 0.21476192772388458, 0.19017723202705383, 0.0, 0.0, 0.3035106658935547, 5.459870338439941, 1.7680624723434448, 0.6692104339599609, 1.3838735818862915, 0.0, 0.0299801267683506, 0.061566006392240524, 0.0, 0.14329983294010162, 0.004063913132995367, 0.04258105158805847, 0.10701867938041687, 0.04036012664437294, 0.030763113871216774, 0.03362400829792023, 0.039256032556295395, 0.0, 0.04000155255198479, 0.03934541717171669, 0.030786659568548203, 0.07077014446258545, 0.06437250971794128, 0.15785245597362518, 0.11605857312679291, 0.0, 0.14680355787277222, 0.016326796263456345, 0.10647187381982803, 0.0, 0.01588856801390648, 0.0, 0.14193300902843475, 0.025384513661265373, 0.07693422585725784, 0.01417291909456253, 0.0, 0.0, 0.012561334297060966, 0.040437716990709305, 0.029272817075252533, 0.022015143185853958, 0.0448182113468647, 0.007898087613284588, 0.10568628460168839, 0.03018348664045334, 0.0, 0.022764332592487335, 0.07194507122039795, 0.014515230432152748, 0.0, 0.12447616457939148, 0.0659751147031784], [0.0, 0.0, 0.0, 0.0, 0.0, 0.0, 0.0, 0.0, 0.0, 0.0, 0.0, 0.0, 0.8653271198272705, 0.1888381689786911, 0.26007649302482605, 0.3440977931022644, 0.0, 0.0, 0.0, 0.0, 0.0, 0.0, 0.0, 0.0, 0.0, 0.0, 0.0, 0.0, 1.9571248292922974, 0.5298942923545837, 0.08454570174217224, 4.5012898445129395, 0.011937721632421017, 0.0, 0.1708710491657257, 0.02809043973684311, 0.3799380660057068, 0.06831324845552444, 0.2515789866447449, 0.07114598155021667, 0.02030230686068535, 0.018929794430732727, 0.0, 0.0, 14.368064880371094, 2.8011183738708496, 4.29130220413208, 8.051167488098145, 0.0, 0.0, 0.060966167598962784, 0.0, 0.0, 0.0, 0.0, 0.0, 0.0, 0.0, 0.0, 0.0, 0.0, 0.0, 0.0, 0.0, 0.0, 0.0, 0.0, 0.0, 0.0, 0.0, 0.0, 0.0, 0.0, 0.0, 0.0, 0.0, 0.0, 0.0, 0.0, 0.032496869564056396, 0.0, 0.0, 0.0, 0.0, 0.0, 0.0, 0.0, 0.0, 0.0, 0.018706416711211205, 0.0, 0.0, 0.0, 0.00583783071488142, 0.0, 0.0], [1.0753445625305176, 1.4421216249465942, 0.41029539704322815, 0.8307804465293884, 1.0640496015548706, 1.2197599411010742, 0.4205341339111328, 1.0740253925323486, 1.1671149730682373, 1.0863298177719116, 0.24641713500022888, 0.9486962556838989, 0.9313752055168152, 1.4407930374145508, 0.4000677466392517, 1.4174185991287231, 0.7908611297607422, 0.6463417410850525, 0.44172149896621704, 0.8037861585617065, 0.6717306971549988, 0.7926505208015442, 0.549022376537323, 0.9721234440803528, 0.40786126255989075, 0.6665034890174866, 0.29573601484298706, 0.6971226930618286, 0.5165114998817444, 0.8759225606918335, 0.41568851470947266, 0.9841591119766235, 1.395506739616394, 1.318772792816162, 5.992471694946289, 1.3203495740890503, 1.6330426931381226, 1.4838745594024658, 5.184707164764404, 1.8938837051391602, 1.8739650249481201, 2.091841220855713, 5.68908166885376, 1.6769514083862305, 1.3097717761993408, 2.5547091960906982, 3.810181140899658, 2.0053446292877197, 0.34625035524368286, 0.6190252900123596, 0.4894291162490845, 0.37518614530563354, 0.16880856454372406, 0.7052318453788757, 0.7531626224517822, 0.5548675656318665, 0.20496097207069397, 0.4340749979019165, 0.40311726927757263, 0.2966375946998596, 0.3329436779022217, 0.3190687894821167, 0.2714475989341736, 0.39284467697143555, 0.8157284259796143, 0.6639267206192017, 1.1247944831848145, 1.1130200624465942, 0.4214760363101959, 0.847240149974823, 0.94681316614151, 0.9203782081604004, 1.0628079175949097, 0.5532723665237427, 0.8865488171577454, 0.6822450160980225, 0.6032654047012329, 0.7783066630363464, 0.5687682628631592, 0.5171504020690918, 0.17687372863292694, 0.17834284901618958, 0.3026718497276306, 0.25281593203544617, 0.17444561421871185, 0.3204754590988159, 0.5947749614715576, 0.6080366969108582, 0.18304580450057983, 0.2699786126613617, 0.4315548539161682, 0.22973568737506866, 0.23774683475494385, 0.3194810152053833, 0.2951614260673523, 0.46113255620002747]]
Time 1340.7327551841736
