Created graph
[-7.0, -5, -3.0]
[-4.0, -3.0, -2.0]
[-4.5, -4.0, -3.5]
[-4.75, -4.5, -4.25]
[-4.375, -4.25, -4.125]
[-4.4375, -4.375, -4.3125]
1000 3 100
Score: 76.580475
Signatures: [[0.1332533359527588, 0.2537580728530884, 0.06572732329368591, 0.09119203686714172, 0.12109587341547012, 0.0, 0.058325719088315964, 0.12697307765483856, 0.0, 0.0342472679913044, 0.06974204629659653, 0.11711902916431427, 1.5456719398498535, 0.7215868234634399, 0.11271242052316666, 0.7910274267196655, 0.19148042798042297, 0.17905165255069733, 0.1720002144575119, 0.16724637150764465, 0.27023693919181824, 0.05984323471784592, 0.0, 0.40782079100608826, 0.09979061782360077, 0.07486595958471298, 0.0652981549501419, 0.25038206577301025, 10.0497465133667, 3.4639434814453125, 0.8693444132804871, 10.860259056091309, 0.2987023890018463, 0.06778465211391449, 0.05227144807577133, 0.10608769208192825, 0.5003559589385986, 0.07199834287166595, 0.0, 0.23013935983181, 0.2002633512020111, 0.0, 0.0, 0.3230108618736267, 6.16166877746582, 1.9535306692123413, 0.862083375453949, 1.7100951671600342, 0.0, 0.03006841242313385, 0.06857559084892273, 0.0, 0.1549965888261795, 0.0037790811620652676, 0.043474357575178146, 0.11586342751979828, 0.042657528072595596, 0.03068748116493225, 0.0354255735874176, 0.04179620370268822, 0.0, 0.041941817849874496, 0.041312482208013535, 0.03266490623354912, 0.07517441362142563, 0.06847580522298813, 0.16833652555942535, 0.12037444114685059, 0.0, 0.15799203515052795, 0.016393374651670456, 0.11530614644289017, 0.0, 0.016587894409894943, 0.0, 0.1511090099811554, 0.026033364236354828, 0.08276700973510742, 0.014281467534601688, 0.0, 0.0, 0.01349753886461258, 0.04295708239078522, 0.03079591505229473, 0.023594345897436142, 0.047823742032051086, 0.007519748527556658, 0.11339351534843445, 0.032218027859926224, 0.0, 0.024099113419651985, 0.07801074534654617, 0.015047167427837849, 0.0, 0.13345089554786682, 0.07026104629039764], [0.0, 0.0, 0.0, 0.0, 0.0, 0.0, 0.0, 0.0, 0.0, 0.0, 0.0, 0.0, 0.9529233574867249, 0.2101629376411438, 0.2781629264354706, 0.36820411682128906, 0.0, 0.0, 0.0, 0.0, 0.0, 0.0, 0.0, 0.0, 0.0, 0.0, 0.0, 0.0, 2.3109517097473145, 0.63662189245224, 0.10798589140176773, 5.044557571411133, 0.01354416273534298, 0.0, 0.15430448949337006, 0.029301995411515236, 0.398785263299942, 0.06856849044561386, 0.24876418709754944, 0.07266820967197418, 0.020247697830200195, 0.015374820679426193, 0.0, 0.0, 15.402627944946289, 3.0172810554504395, 4.532623291015625, 8.588075637817383, 0.0, 0.0, 0.0626721978187561, 0.0, 0.0, 0.0, 0.0, 0.0, 0.0, 0.0, 0.0, 0.0, 0.0, 0.0, 0.0, 0.0, 0.0, 0.0, 0.0, 0.0, 0.0, 0.0, 0.0, 0.0, 0.0, 0.0, 0.0, 0.0, 0.0, 0.0, 0.0, 0.03333960473537445, 0.0, 0.0, 0.0, 0.0, 0.0, 0.0, 0.0, 0.0, 0.0, 0.01944180205464363, 0.0, 0.0, 0.0, 0.005084546282887459, 0.0, 0.0], [1.1176561117172241, 1.498020052909851, 0.4260956943035126, 0.8633731603622437, 1.1063854694366455, 1.2653658390045166, 0.43784016370773315, 1.1165578365325928, 1.2084405422210693, 1.1286952495574951, 0.2573915123939514, 0.9867315292358398, 0.9718798398971558, 1.5025399923324585, 0.4165920317173004, 1.4760479927062988, 0.8229276537895203, 0.6722620725631714, 0.45883265137672424, 0.8352909088134766, 0.6973364353179932, 0.82332444190979, 0.571228563785553, 1.0110353231430054, 0.42450273036956787, 0.69325852394104, 0.3068123757839203, 0.7246218919754028, 0.5674525499343872, 0.917206346988678, 0.43660104274749756, 1.0434820652008057, 1.4550981521606445, 1.3735579252243042, 6.229193210601807, 1.3720874786376953, 1.7016277313232422, 1.545822262763977, 5.401878356933594, 1.972174048423767, 1.9506120681762695, 2.171309471130371, 5.914743900299072, 1.745331048965454, 1.375555396080017, 2.6591885089874268, 3.9641785621643066, 2.074845314025879, 0.35859182476997375, 0.6444865465164185, 0.5106066465377808, 0.39012038707733154, 0.1751503348350525, 0.7321537137031555, 0.7836901545524597, 0.5751518607139587, 0.21363312005996704, 0.4519609212875366, 0.4191642105579376, 0.30888745188713074, 0.34505611658096313, 0.3325554132461548, 0.2826744616031647, 0.4071293771266937, 0.8485110998153687, 0.6892739534378052, 1.1714404821395874, 1.1598224639892578, 0.4375031888484955, 0.8788144588470459, 0.9830839037895203, 0.9545812010765076, 1.1010481119155884, 0.5742226243019104, 0.9198596477508545, 0.7088502049446106, 0.6261481046676636, 0.8074286580085754, 0.5897058844566345, 0.5382298231124878, 0.1840657740831375, 0.18532542884349823, 0.3146769106388092, 0.26339203119277954, 0.18100009858608246, 0.3335517346858978, 0.6173956394195557, 0.631881833076477, 0.19027021527290344, 0.28107672929763794, 0.44836488366127014, 0.23871546983718872, 0.24697427451610565, 0.3320196568965912, 0.307672917842865, 0.48025235533714294]]
Time 583.9208309650421
