Created graph
[-7.0, -5, -3.0]
[-6.0, -5, -4.0]
[-4.5, -4.0, -3.5]
[-4.75, -4.5, -4.25]
[-4.625, -4.5, -4.375]
[-4.4375, -4.375, -4.3125]
10 3 25
Score: 77.22263
Signatures: [[0.12437441200017929, 0.23680362105369568, 0.060944877564907074, 0.08573473989963531, 0.11498690396547318, 0.0, 0.05553082376718521, 0.12077841907739639, 0.0, 0.034123171120882034, 0.06547239422798157, 0.11142480373382568, 1.4381186962127686, 0.675512969493866, 0.10048529505729675, 0.7266770601272583, 0.17998343706130981, 0.16729886829853058, 0.15929070115089417, 0.15713609755039215, 0.25103461742401123, 0.05611433833837509, 0.0, 0.37975117564201355, 0.09381911903619766, 0.07128562778234482, 0.06091897934675217, 0.2329472005367279, 9.483789443969727, 3.2555603981018066, 0.8227515816688538, 10.15176773071289, 0.28241899609565735, 0.06614069640636444, 0.036128927022218704, 0.10174325853586197, 0.4524177312850952, 0.0676487609744072, 0.0, 0.21493706107139587, 0.1903262585401535, 0.0, 0.0, 0.30369165539741516, 5.465667247772217, 1.7697417736053467, 0.6707587242126465, 1.3863168954849243, 0.0, 0.02999124862253666, 0.06163507699966431, 0.0, 0.14340849220752716, 0.004064676817506552, 0.04259618744254112, 0.10710741579532623, 0.04038143903017044, 0.030771421268582344, 0.03363853693008423, 0.03928104043006897, 0.0, 0.04002285376191139, 0.03936968743801117, 0.030816353857517242, 0.07081255316734314, 0.0644143745303154, 0.15794207155704498, 0.11612121760845184, 0.0, 0.14690843224525452, 0.01633082889020443, 0.10655519366264343, 0.0, 0.01589813642203808, 0.0, 0.14202530682086945, 0.025398273020982742, 0.07698626071214676, 0.014180546626448631, 0.0, 0.0, 0.012569868937134743, 0.040465742349624634, 0.029289469122886658, 0.022030316293239594, 0.044842176139354706, 0.007898649200797081, 0.10576359927654266, 0.030202848836779594, 0.0, 0.022778885439038277, 0.07200058549642563, 0.014519993215799332, 0.0, 0.12455987930297852, 0.06601795554161072], [0.0, 0.0, 0.0, 0.0, 0.0, 0.0, 0.0, 0.0, 0.0, 0.0, 0.0, 0.0, 0.8660988807678223, 0.18897323310375214, 0.26023221015930176, 0.34431886672973633, 0.0, 0.0, 0.0, 0.0, 0.0, 0.0, 0.0, 0.0, 0.0, 0.0, 0.0, 0.0, 1.9601470232009888, 0.5306950807571411, 0.0847243145108223, 4.5061469078063965, 0.011935646645724773, 0.0, 0.17073608934879303, 0.028074974194169044, 0.38011494278907776, 0.06829605996608734, 0.25158172845840454, 0.07113757729530334, 0.020263399928808212, 0.018887871876358986, 0.0, 0.0, 14.378283500671387, 2.803147077560425, 4.293723106384277, 8.05666732788086, 0.0, 0.0, 0.060980647802352905, 0.0, 0.0, 0.0, 0.0, 0.0, 0.0, 0.0, 0.0, 0.0, 0.0, 0.0, 0.0, 0.0, 0.0, 0.0, 0.0, 0.0, 0.0, 0.0, 0.0, 0.0, 0.0, 0.0, 0.0, 0.0, 0.0, 0.0, 0.0, 0.03250287473201752, 0.0, 0.0, 0.0, 0.0, 0.0, 0.0, 0.0, 0.0, 0.0, 0.01871202141046524, 0.0, 0.0, 0.0, 0.0058349366299808025, 0.0, 0.0], [1.075758695602417, 1.4426686763763428, 0.4104503393173218, 0.8311002850532532, 1.0644584894180298, 1.2202117443084717, 0.4207049608230591, 1.0744366645812988, 1.167516827583313, 1.0867425203323364, 0.24652540683746338, 0.9490677714347839, 0.9317455291748047, 1.441390872001648, 0.40022438764572144, 1.4179946184158325, 0.79117351770401, 0.6465902924537659, 0.4418886601924896, 0.8040950298309326, 0.6719728112220764, 0.7929457426071167, 0.549238383769989, 0.9725030064582825, 0.40802305936813354, 0.6667600274085999, 0.29584962129592896, 0.6973903775215149, 0.5169001817703247, 0.8763092756271362, 0.41587966680526733, 0.98470139503479, 1.3960765600204468, 1.3193072080612183, 5.994755268096924, 1.3208547830581665, 1.633703351020813, 1.4844783544540405, 5.186820983886719, 1.8946354389190674, 1.8747162818908691, 2.0926239490509033, 5.691302299499512, 1.677613615989685, 1.3103244304656982, 2.5557143688201904, 3.811701774597168, 2.0060245990753174, 0.3463760316371918, 0.6192770004272461, 0.4896302819252014, 0.37533220648765564, 0.16886675357818604, 0.7054979205131531, 0.7534645199775696, 0.5550696849822998, 0.20504367351531982, 0.43424472212791443, 0.40327608585357666, 0.29675665497779846, 0.33306336402893066, 0.31920185685157776, 0.27155598998069763, 0.3929748833179474, 0.8160467147827148, 0.6641756296157837, 1.1252493858337402, 1.113474726676941, 0.42163583636283875, 0.8475432395935059, 0.9471641182899475, 0.920714795589447, 1.0631815195083618, 0.553476870059967, 0.8868752121925354, 0.682502806186676, 0.6034855246543884, 0.7785906195640564, 0.5689675807952881, 0.5173569917678833, 0.1769457757472992, 0.17841078341007233, 0.30278849601745605, 0.25291958451271057, 0.1745082288980484, 0.32060495018959045, 0.5949946641921997, 0.6082716584205627, 0.18312028050422668, 0.27009010314941406, 0.431719571352005, 0.22982141375541687, 0.2378385215997696, 0.3196023106575012, 0.29528510570526123, 0.46131810545921326]]
Time 1345.4938130378723
