Created graph
[-7.0, -5, -3.0]
[-4.0, -3.0, -2.0]
[-4.5, -4.0, -3.5]
[-4.75, -4.5, -4.25]
[-4.625, -4.5, -4.375]
[-4.4375, -4.375, -4.3125]
1000 3 25
Score: 77.05069
Signatures: [[0.0, 0.0, 0.0, 0.0, 0.0, 0.0, 0.0, 0.0, 0.0, 0.0, 0.011685360223054886, 0.0, 1.705856442451477, 0.4530058205127716, 0.2330504059791565, 0.6154314279556274, 0.030461274087429047, 0.014994878321886063, 0.02867746539413929, 9.64421487879008e-05, 0.08978883177042007, 0.0, 0.0, 0.12482670694589615, 0.024754278361797333, 0.0, 0.0, 0.02530832588672638, 8.39718246459961, 2.752305269241333, 0.6314419507980347, 11.222193717956543, 0.05218581482768059, 0.0, 0.0, 0.0, 0.3459196090698242, 0.0, 0.0, 0.0, 0.0, 0.0, 0.0, 0.002913910197094083, 14.706381797790527, 3.130408525466919, 3.2953178882598877, 6.701113700866699, 0.0, 0.0, 0.03449544683098793, 0.0, 0.06840700656175613, 0.0, 0.0, 0.0, 0.00032916790223680437, 0.0, 0.0, 0.0, 0.0, 0.0, 0.0, 0.0, 0.0, 0.0, 0.0, 0.0, 0.0, 0.0, 0.0, 0.0, 0.0, 0.0, 0.0, 0.0013226104201748967, 0.0, 0.0, 0.0, 0.0, 0.0, 0.0, 0.0, 0.0, 0.0, 0.0, 0.0, 0.0, 0.0, 0.0, 0.0, 0.0, 0.0, 0.0, 0.03118947707116604, 0.0], [1.2559340000152588, 1.6983970403671265, 0.5546267628669739, 0.9775549173355103, 1.2189680337905884, 1.3711861371994019, 0.4436889588832855, 1.1473276615142822, 1.0840221643447876, 1.173549771308899, 0.27410265803337097, 1.0991560220718384, 1.284830093383789, 1.6651382446289062, 0.3452184498310089, 1.648125410079956, 1.0296738147735596, 0.9499076008796692, 0.6845740675926208, 1.1464887857437134, 0.9256190657615662, 1.0224215984344482, 0.5420165061950684, 1.4706456661224365, 0.49294808506965637, 0.7816286087036133, 0.426920622587204, 1.0729862451553345, 3.2349131107330322, 2.070889472961426, 0.7513241767883301, 4.179175853729248, 1.4179755449295044, 1.242049217224121, 5.046136856079102, 1.195984125137329, 1.5727568864822388, 1.3044865131378174, 3.624858856201172, 1.8294354677200317, 1.6850560903549194, 1.4666963815689087, 4.33068323135376, 1.7176600694656372, 0.0, 2.09529972076416, 1.8858157396316528, 0.0, 0.3468612730503082, 0.6217701435089111, 0.44638532400131226, 0.3357914090156555, 0.29044002294540405, 0.7579964399337769, 0.8339248895645142, 0.8048709034919739, 0.22089126706123352, 0.4302019476890564, 0.4420669972896576, 0.3360161781311035, 0.32479405403137207, 0.3426966965198517, 0.3304356038570404, 0.46116822957992554, 0.8022196292877197, 0.7603425979614258, 1.1478954553604126, 1.195932388305664, 0.3914639353752136, 0.9474451541900635, 0.8462036848068237, 1.140092134475708, 0.8258025646209717, 0.5333651304244995, 0.6622917056083679, 0.7477063536643982, 0.49410921335220337, 0.896181583404541, 0.46803033351898193, 0.43195682764053345, 0.17887958884239197, 0.23237727582454681, 0.42020049691200256, 0.31276488304138184, 0.21914029121398926, 0.3734670579433441, 0.711837649345398, 0.8329154849052429, 0.26049044728279114, 0.2538421154022217, 0.4711821377277374, 0.3501080870628357, 0.26821139454841614, 0.25738900899887085, 0.4111758768558502, 0.5597478151321411], [0.19068822264671326, 0.2679356038570404, 0.0, 0.14772461354732513, 0.22571690380573273, 0.15020851790905, 0.1454828828573227, 0.30152347683906555, 0.3334197998046875, 0.22459177672863007, 0.09675219655036926, 0.19517861306667328, 0.3537021279335022, 0.585372805595398, 0.27990564703941345, 0.5845910310745239, 0.08393634855747223, 0.0, 0.0, 0.0, 0.04287918284535408, 0.021625854074954987, 0.15870173275470734, 0.0, 0.09020043164491653, 0.1158868595957756, 0.0, 0.0, 0.0, 0.0, 0.0, 0.0, 0.5796163082122803, 0.5019251704216003, 2.5099565982818604, 0.5614851713180542, 1.0321259498596191, 0.7340288162231445, 3.3120975494384766, 0.8652036786079407, 0.8810546398162842, 1.2171103954315186, 2.853315591812134, 0.6679267883300781, 8.220741271972656, 2.6115610599517822, 4.715628623962402, 6.085455417633057, 0.05911049246788025, 0.19183026254177094, 0.25418177247047424, 0.14467047154903412, 0.0, 0.15519002079963684, 0.18375232815742493, 0.0, 0.07369810342788696, 0.1476476639509201, 0.09673494845628738, 0.0771484449505806, 0.08655691146850586, 0.09586231410503387, 0.045471735298633575, 0.03671392425894737, 0.2917172610759735, 0.07713744044303894, 0.37296128273010254, 0.3085961937904358, 0.1617748886346817, 0.19827450811862946, 0.3911568224430084, 0.04732872545719147, 0.4717365801334381, 0.18644826114177704, 0.4524534046649933, 0.2051546424627304, 0.29862287640571594, 0.12304668128490448, 0.23379316926002502, 0.2699410319328308, 0.046871066093444824, 0.00341797131113708, 0.0, 0.025662221014499664, 0.0179119985550642, 0.07248760014772415, 0.03554743900895119, 0.0, 0.0, 0.12541702389717102, 0.08475819230079651, 0.0, 0.03786316514015198, 0.15984947979450226, 0.03826292231678963, 0.05804771929979324]]
Time 581.642263174057
