Created graph
[-7.0, -5, -3.0]
[-6.0, -5, -4.0]
[-4.5, -4.0, -3.5]
[-4.75, -4.5, -4.25]
[-4.625, -4.5, -4.375]
[-4.4375, -4.375, -4.3125]
10 3 5
Score: 77.22846
Signatures: [[0.12444039434194565, 0.2369130253791809, 0.06098375841975212, 0.0857875645160675, 0.1150301992893219, 0.0, 0.055561937391757965, 0.12081323564052582, 0.0, 0.03413291648030281, 0.06548905372619629, 0.11146292835474014, 1.4383515119552612, 0.6755509376525879, 0.10049176961183548, 0.726841926574707, 0.18003909289836884, 0.1673576831817627, 0.1593509018421173, 0.15718181431293488, 0.2511095702648163, 0.056156061589717865, 0.0, 0.37987270951271057, 0.09383866935968399, 0.07131615281105042, 0.060940951108932495, 0.23302200436592102, 9.484761238098145, 3.255841016769409, 0.8227952718734741, 10.153178215026855, 0.2824695408344269, 0.06617816537618637, 0.0361008383333683, 0.10175098478794098, 0.45259326696395874, 0.06765704602003098, 0.0, 0.21496792137622833, 0.19032664597034454, 0.0, 0.0, 0.3037864565849304, 5.46757173538208, 1.77011239528656, 0.670896589756012, 1.3875641822814941, 0.0, 0.029993193224072456, 0.06166188418865204, 0.0, 0.14345683157444, 0.004074905999004841, 0.0426279753446579, 0.107157401740551, 0.040395110845565796, 0.030775854364037514, 0.03366345167160034, 0.0393008254468441, 0.0, 0.04003105312585831, 0.03938445821404457, 0.0308307483792305, 0.07083223760128021, 0.06442142277956009, 0.1580135077238083, 0.1161527931690216, 0.0, 0.14697198569774628, 0.01634315215051174, 0.10660769790410995, 0.0, 0.015909593552350998, 0.0, 0.14206504821777344, 0.025395218282938004, 0.0770309716463089, 0.014180953614413738, 0.0, 0.0, 0.012579253874719143, 0.04048995301127434, 0.029309332370758057, 0.022042304277420044, 0.04486686363816261, 0.007916041649878025, 0.10580970346927643, 0.030226724222302437, 0.0, 0.02279055118560791, 0.07203662395477295, 0.01452619954943657, 0.0, 0.1246054545044899, 0.06604604423046112], [0.0, 0.0, 0.0, 0.0, 0.0, 0.0, 0.0, 0.0, 0.0, 0.0, 0.0, 0.0, 0.866299569606781, 0.189113050699234, 0.260268896818161, 0.3444231450557709, 0.0, 0.0, 0.0, 0.0, 0.0, 0.0, 0.0, 0.0, 0.0, 0.0, 0.0, 0.0, 1.9616299867630005, 0.5312673449516296, 0.0848674401640892, 4.507601261138916, 0.011971692554652691, 0.0, 0.17078897356987, 0.028103619813919067, 0.38010478019714355, 0.06832002848386765, 0.2515774667263031, 0.07117564976215363, 0.020303085446357727, 0.018920641392469406, 0.0, 0.0, 14.379013061523438, 2.803372383117676, 4.294124603271484, 8.056328773498535, 0.0, 0.0, 0.06097879260778427, 0.0, 0.0, 0.0, 0.0, 0.0, 0.0, 0.0, 0.0, 0.0, 0.0, 0.0, 0.0, 0.0, 0.0, 0.0, 0.0, 0.0, 0.0, 0.0, 0.0, 0.0, 0.0, 0.0, 0.0, 0.0, 0.0, 0.0, 0.0, 0.03250911831855774, 0.0, 0.0, 0.0, 0.0, 0.0, 0.0, 0.0, 0.0, 0.0, 0.01871650293469429, 0.0, 0.0, 0.0, 0.005835358984768391, 0.0, 0.0], [1.075744390487671, 1.4426398277282715, 0.4104304313659668, 0.8310770392417908, 1.0644479990005493, 1.2202085256576538, 0.4206923544406891, 1.074434757232666, 1.1675413846969604, 1.0867464542388916, 0.2465210109949112, 0.9490522146224976, 0.9316991567611694, 1.4413756132125854, 0.4002297520637512, 1.417926549911499, 0.7911508083343506, 0.646579384803772, 0.44186973571777344, 0.8040717840194702, 0.6719637513160706, 0.7929354310035706, 0.5492342114448547, 0.972472071647644, 0.4080178737640381, 0.666753888130188, 0.29584115743637085, 0.6973603367805481, 0.5166894197463989, 0.8762218952178955, 0.41587164998054504, 0.9844457507133484, 1.3960591554641724, 1.3192999362945557, 5.994812488555908, 1.320860505104065, 1.6336928606033325, 1.484458327293396, 5.186834335327148, 1.8946336507797241, 1.8747214078903198, 2.092649459838867, 5.691349506378174, 1.6776145696640015, 1.310311198234558, 2.5557305812835693, 3.8117175102233887, 2.00600266456604, 0.3463708758354187, 0.6192706823348999, 0.4896298348903656, 0.37533220648765564, 0.16885459423065186, 0.7054927349090576, 0.7534412145614624, 0.5550549626350403, 0.20503874123096466, 0.4342440962791443, 0.40326207876205444, 0.29675111174583435, 0.333065390586853, 0.31919464468955994, 0.2715478539466858, 0.3929787278175354, 0.8160520792007446, 0.6641800403594971, 1.1252270936965942, 1.1134610176086426, 0.42163175344467163, 0.8475372195243835, 0.9471715688705444, 0.9206997156143188, 1.0632020235061646, 0.5534781217575073, 0.886888325214386, 0.6825098395347595, 0.6034975647926331, 0.7785868644714355, 0.5689873099327087, 0.5173575282096863, 0.17694038152694702, 0.17840611934661865, 0.30277323722839355, 0.2529098391532898, 0.17450612783432007, 0.3205951750278473, 0.594985842704773, 0.6082495450973511, 0.18310527503490448, 0.2700847387313843, 0.43171730637550354, 0.2298155128955841, 0.2378397285938263, 0.3196025490760803, 0.295272558927536, 0.46130767464637756]]
Time 1331.2799410820007
