Created graph
[-7.0, -5, -3.0]
[-6.0, -5, -4.0]
[-4.5, -4.0, -3.5]
[-4.75, -4.5, -4.25]
[-4.625, -4.5, -4.375]
[-4.4375, -4.375, -4.3125]
1 3 100
Score: 77.229805
Signatures: [[0.12429241091012955, 0.23665225505828857, 0.0608995221555233, 0.08568204939365387, 0.11491859704256058, 0.0, 0.055506519973278046, 0.12070734053850174, 0.0, 0.03410922363400459, 0.06543159484863281, 0.11136464029550552, 1.4370914697647095, 0.6750215888023376, 0.10035782307386398, 0.7260780930519104, 0.1798650324344635, 0.16718105971813202, 0.15917180478572845, 0.15702760219573975, 0.25085094571113586, 0.0560673326253891, 0.0, 0.3794845938682556, 0.09375834465026855, 0.07124119997024536, 0.060878951102495193, 0.23277783393859863, 9.478250503540039, 3.253490447998047, 0.8222664594650269, 10.145267486572266, 0.28224417567253113, 0.06612781435251236, 0.03595114126801491, 0.10166291892528534, 0.4519592225551605, 0.06757406145334244, 0.0, 0.21476304531097412, 0.19017718732357025, 0.0, 0.0, 0.3035086989402771, 5.459972858428955, 1.7680994272232056, 0.6692168116569519, 1.3839024305343628, 0.0, 0.029979869723320007, 0.06156641244888306, 0.0, 0.14330078661441803, 0.004063831176608801, 0.04258096218109131, 0.10701891779899597, 0.0403599739074707, 0.0307629257440567, 0.0336240790784359, 0.03925640881061554, 0.0, 0.040001701563596725, 0.039345718920230865, 0.030787337571382523, 0.07076933234930038, 0.06437306851148605, 0.15785107016563416, 0.11605782061815262, 0.0, 0.14680364727973938, 0.016326114535331726, 0.10647182166576385, 0.0, 0.01588807813823223, 0.0, 0.141932874917984, 0.025384217500686646, 0.07693367451429367, 0.014172906056046486, 0.0, 0.0, 0.012561170384287834, 0.04043786972761154, 0.02927272394299507, 0.022014914080500603, 0.04481792449951172, 0.00789784174412489, 0.10568629205226898, 0.030183298513293266, 0.0, 0.02276366390287876, 0.07194529473781586, 0.014514636248350143, 0.0, 0.12447656691074371, 0.06597400456666946], [0.0, 0.0, 0.0, 0.0, 0.0, 0.0, 0.0, 0.0, 0.0, 0.0, 0.0, 0.0, 0.8653222918510437, 0.18883712589740753, 0.26007652282714844, 0.3441094160079956, 0.0, 0.0, 0.0, 0.0, 0.0, 0.0, 0.0, 0.0, 0.0, 0.0, 0.0, 0.0, 1.9571222066879272, 0.5298896431922913, 0.08454643934965134, 4.501267910003662, 0.011937594041228294, 0.0, 0.17087742686271667, 0.028089789673686028, 0.3799407482147217, 0.06831176578998566, 0.25158095359802246, 0.07114502042531967, 0.020302074030041695, 0.018927868455648422, 0.0, 0.0, 14.368121147155762, 2.801102638244629, 4.291326999664307, 8.051172256469727, 0.0, 0.0, 0.06096622720360756, 0.0, 0.0, 0.0, 0.0, 0.0, 0.0, 0.0, 0.0, 0.0, 0.0, 0.0, 0.0, 0.0, 0.0, 0.0, 0.0, 0.0, 0.0, 0.0, 0.0, 0.0, 0.0, 0.0, 0.0, 0.0, 0.0, 0.0, 0.0, 0.03249644488096237, 0.0, 0.0, 0.0, 0.0, 0.0, 0.0, 0.0, 0.0, 0.0, 0.01870637573301792, 0.0, 0.0, 0.0, 0.005837930366396904, 0.0, 0.0], [1.07534658908844, 1.4421230554580688, 0.4102953374385834, 0.8307809829711914, 1.064049243927002, 1.219760775566101, 0.4205346703529358, 1.07402503490448, 1.1671159267425537, 1.0863302946090698, 0.2464180588722229, 0.9486970901489258, 0.9313774704933167, 1.4407950639724731, 0.40006721019744873, 1.4174193143844604, 0.7908610701560974, 0.6463423371315002, 0.4417215585708618, 0.8037858605384827, 0.6717303395271301, 0.792650580406189, 0.5490226149559021, 0.9721251726150513, 0.4078608453273773, 0.6665032505989075, 0.2957364618778229, 0.6971234083175659, 0.5165112018585205, 0.8759245276451111, 0.41568806767463684, 0.9841727018356323, 1.3955074548721313, 1.3187739849090576, 5.99247932434082, 1.3203526735305786, 1.6330437660217285, 1.4838749170303345, 5.184709548950195, 1.8938862085342407, 1.8739677667617798, 2.091843843460083, 5.689088821411133, 1.676953673362732, 1.3097487688064575, 2.554713010787964, 3.810182809829712, 2.0053415298461914, 0.3462505638599396, 0.6190256476402283, 0.48942914605140686, 0.3751862347126007, 0.16880886256694794, 0.7052315473556519, 0.7531633973121643, 0.554867684841156, 0.20496147871017456, 0.43407511711120605, 0.40311700105667114, 0.2966383397579193, 0.33294379711151123, 0.31906935572624207, 0.2714481055736542, 0.3928444981575012, 0.8157289028167725, 0.6639267802238464, 1.1247962713241577, 1.113021969795227, 0.4214768409729004, 0.8472415208816528, 0.9468145966529846, 0.9203797578811646, 1.0628094673156738, 0.553273618221283, 0.8865500092506409, 0.6822455525398254, 0.6032658219337463, 0.7783079743385315, 0.5687694549560547, 0.5171511173248291, 0.17687386274337769, 0.17834317684173584, 0.30267253518104553, 0.2528163194656372, 0.1744457632303238, 0.32047635316848755, 0.5947754383087158, 0.6080374717712402, 0.18304619193077087, 0.2699788808822632, 0.43155521154403687, 0.22973617911338806, 0.23774750530719757, 0.3194815516471863, 0.2951616644859314, 0.46113380789756775]]
Time 1339.3223390579224
