Created graph
[-7.0, -5, -3.0]
[-6.0, -5, -4.0]
[-4.5, -4.0, -3.5]
[-4.75, -4.5, -4.25]
[-4.625, -4.5, -4.375]
[-4.4375, -4.375, -4.3125]
10 3 200
Score: 77.22231
Signatures: [[0.1243801862001419, 0.2368127852678299, 0.060949645936489105, 0.08573895692825317, 0.11498106271028519, 0.0, 0.055535778403282166, 0.1207733154296875, 0.0, 0.03412063792347908, 0.06547443568706512, 0.11142601072788239, 1.4381102323532104, 0.675468921661377, 0.10047374665737152, 0.7266889214515686, 0.17998254299163818, 0.16729874908924103, 0.1592937409877777, 0.15713217854499817, 0.2510342001914978, 0.05611143261194229, 0.0, 0.37975022196769714, 0.09381645917892456, 0.07128742337226868, 0.06092187389731407, 0.23294302821159363, 9.483603477478027, 3.2554538249969482, 0.8227282166481018, 10.151777267456055, 0.2824251055717468, 0.06614845246076584, 0.036137066781520844, 0.10173431783914566, 0.45241060853004456, 0.0676417425274849, 0.0, 0.21491320431232452, 0.19028565287590027, 0.0, 0.0, 0.3037028908729553, 5.4662652015686035, 1.7697449922561646, 0.6709334850311279, 1.3867437839508057, 0.0, 0.029988080263137817, 0.06163714826107025, 0.0, 0.14340798556804657, 0.004064147360622883, 0.04259378835558891, 0.10710401833057404, 0.04038463160395622, 0.03076813742518425, 0.033642467111349106, 0.03928173705935478, 0.0, 0.04002330079674721, 0.03936826065182686, 0.030810950323939323, 0.07081635296344757, 0.06441536545753479, 0.15795189142227173, 0.11610216647386551, 0.0, 0.14691174030303955, 0.01633237861096859, 0.10655708611011505, 0.0, 0.01590150222182274, 0.0, 0.14202149212360382, 0.025394590571522713, 0.07699078321456909, 0.014178785495460033, 0.0, 0.0, 0.012570112012326717, 0.04046407341957092, 0.029290372505784035, 0.022029971703886986, 0.04484652727842331, 0.007899099960923195, 0.10576413571834564, 0.030205368995666504, 0.0, 0.02277890220284462, 0.0720028281211853, 0.014520104974508286, 0.0, 0.1245625838637352, 0.06601905822753906], [0.0, 0.0, 0.0, 0.0, 0.0, 0.0, 0.0, 0.0, 0.0, 0.0, 0.0, 0.0, 0.8661382794380188, 0.18902842700481415, 0.2602463662624359, 0.3443361520767212, 0.0, 0.0, 0.0, 0.0, 0.0, 0.0, 0.0, 0.0, 0.0, 0.0, 0.0, 0.0, 1.960386037826538, 0.5308548212051392, 0.08474980294704437, 4.506369113922119, 0.011941553093492985, 0.0, 0.17071227729320526, 0.028088772669434547, 0.38012540340423584, 0.06830750405788422, 0.2515779435634613, 0.07116371393203735, 0.020296450704336166, 0.018897363916039467, 0.0, 0.0, 14.378061294555664, 2.8031952381134033, 4.293676853179932, 8.056381225585938, 0.0, 0.0, 0.06098182499408722, 0.0, 0.0, 0.0, 0.0, 0.0, 0.0, 0.0, 0.0, 0.0, 0.0, 0.0, 0.0, 0.0, 0.0, 0.0, 0.0, 0.0, 0.0, 0.0, 0.0, 0.0, 0.0, 0.0, 0.0, 0.0, 0.0, 0.0, 0.0, 0.03250652924180031, 0.0, 0.0, 0.0, 0.0, 0.0, 0.0, 0.0, 0.0, 0.0, 0.01871361956000328, 0.0, 0.0, 0.0, 0.005832834169268608, 0.0, 0.0], [1.0757560729980469, 1.4426695108413696, 0.4104434847831726, 0.8310931324958801, 1.0644557476043701, 1.220198631286621, 0.42070072889328003, 1.0744329690933228, 1.1675117015838623, 1.0867390632629395, 0.24652203917503357, 0.9490574598312378, 0.9317387342453003, 1.4413830041885376, 0.4002233147621155, 1.417968988418579, 0.7911645770072937, 0.6465867757797241, 0.4418850839138031, 0.8040900230407715, 0.6719738841056824, 0.7929410934448242, 0.549236536026001, 0.9724990725517273, 0.4080210328102112, 0.666755199432373, 0.2958446443080902, 0.6973896026611328, 0.5169090628623962, 0.8762996792793274, 0.41587886214256287, 0.9846774935722351, 1.3960636854171753, 1.3192964792251587, 5.994744777679443, 1.320838212966919, 1.6336973905563354, 1.4844582080841064, 5.186803340911865, 1.8946322202682495, 1.8747026920318604, 2.0926055908203125, 5.691262722015381, 1.6776089668273926, 1.310239553451538, 2.55570387840271, 3.811626434326172, 2.0059680938720703, 0.3463682234287262, 0.6192705035209656, 0.489629328250885, 0.37533125281333923, 0.16887116432189941, 0.7054915428161621, 0.7534607648849487, 0.555063784122467, 0.20504304766654968, 0.43424350023269653, 0.40327054262161255, 0.2967568039894104, 0.33306068181991577, 0.31919825077056885, 0.271555095911026, 0.3929804563522339, 0.8160384297370911, 0.6641708016395569, 1.1252444982528687, 1.1134709119796753, 0.4216327369213104, 0.8475412726402283, 0.9471614360809326, 0.9207093119621277, 1.0631754398345947, 0.5534722805023193, 0.8868705630302429, 0.6825035810470581, 0.6034846305847168, 0.7785877585411072, 0.5689699053764343, 0.5173534750938416, 0.17694392800331116, 0.17840871214866638, 0.30278870463371277, 0.25291797518730164, 0.17450986802577972, 0.3206011652946472, 0.5949917435646057, 0.6082629561424255, 0.18311607837677002, 0.270085871219635, 0.4317152798175812, 0.22982223331928253, 0.23783829808235168, 0.3196023106575012, 0.2952810823917389, 0.4613165259361267]]
Time 1333.4737691879272
