Created graph
[-7.0, -5, -3.0]
[-4.0, -3.0, -2.0]
[-4.5, -4.0, -3.5]
[-4.75, -4.5, -4.25]
[-4.625, -4.5, -4.375]
[-4.4375, -4.375, -4.3125]
1000 3 200
Score: 76.71754
Signatures: [[0.1315796971321106, 0.25083163380622864, 0.0652255117893219, 0.0901898741722107, 0.12012212723493576, 0.0, 0.05781945958733559, 0.12625733017921448, 0.0, 0.0337400957942009, 0.06932386755943298, 0.11619113385677338, 1.535870909690857, 0.7170944213867188, 0.11125576496124268, 0.7824774384498596, 0.19016660749912262, 0.17812266945838928, 0.17059674859046936, 0.16628606617450714, 0.26830756664276123, 0.059198588132858276, 0.0, 0.404569536447525, 0.09871086478233337, 0.07434148341417313, 0.06467276811599731, 0.24837443232536316, 10.008317947387695, 3.4447240829467773, 0.8676270842552185, 10.795780181884766, 0.2980441451072693, 0.06653771549463272, 0.05163264274597168, 0.10709846764802933, 0.4963948726654053, 0.07237128168344498, 0.0, 0.22771687805652618, 0.20055675506591797, 0.0, 0.0, 0.32101988792419434, 6.10979700088501, 1.9380401372909546, 0.8397077918052673, 1.6797820329666138, 0.0, 0.030015073716640472, 0.06798984110355377, 0.0, 0.15386055409908295, 0.00327063025906682, 0.042887233197689056, 0.11532969772815704, 0.042318206280469894, 0.03069986216723919, 0.03493952751159668, 0.041311439126729965, 0.0, 0.04167728126049042, 0.041177261620759964, 0.0327872559428215, 0.07491080462932587, 0.06793844699859619, 0.16717629134655, 0.11958566308021545, 0.0, 0.15718384087085724, 0.016195105388760567, 0.1145547553896904, 0.0, 0.01669740490615368, 0.0, 0.15004941821098328, 0.026187242940068245, 0.08235625177621841, 0.014522621408104897, 0.0, 0.0, 0.013245677575469017, 0.0425676554441452, 0.03075988031923771, 0.02337936870753765, 0.04733264818787575, 0.007221602369099855, 0.11286246031522751, 0.03204350918531418, 0.0, 0.023666033521294594, 0.07737208902835846, 0.014720148406922817, 0.0, 0.13276661932468414, 0.06997215747833252], [0.0, 0.0, 0.0, 0.0, 0.0, 0.0, 0.0, 0.0, 0.0, 0.0, 0.0, 0.0, 0.9496088624000549, 0.20889516174793243, 0.27773210406303406, 0.3689161241054535, 0.0, 0.0, 0.0, 0.0, 0.0, 0.0, 0.0, 0.0, 0.0, 0.0, 0.0, 0.0, 2.299398899078369, 0.6311342120170593, 0.10547008365392685, 5.02212381362915, 0.012355913408100605, 0.0, 0.1531338095664978, 0.028175830841064453, 0.3981437087059021, 0.067359559237957, 0.24927684664726257, 0.07246566563844681, 0.01866041123867035, 0.014734302647411823, 0.0, 0.0, 15.382905960083008, 3.0079004764556885, 4.534407138824463, 8.576516151428223, 0.0, 0.0, 0.06248190253973007, 0.0, 0.0, 0.0, 0.0, 0.0, 0.0, 0.0, 0.0, 0.0, 0.0, 0.0, 0.0, 0.0, 0.0, 0.0, 0.0, 0.0, 0.0, 0.0, 0.0, 0.0, 0.0, 0.0, 0.0, 0.0, 0.0, 0.0, 0.0, 0.03305527940392494, 0.0, 0.0, 0.0, 0.0, 0.0, 0.0, 0.0, 0.0, 0.0, 0.01905226521193981, 0.0, 0.0, 0.0, 0.005068819038569927, 0.0, 0.0], [1.1188582181930542, 1.5000171661376953, 0.4262773394584656, 0.8639639616012573, 1.1066755056381226, 1.2652024030685425, 0.4380604326725006, 1.1170337200164795, 1.2080377340316772, 1.1291106939315796, 0.2573961913585663, 0.9871674180030823, 0.9729872345924377, 1.5034384727478027, 0.41676419973373413, 1.4774160385131836, 0.8233383893966675, 0.6722878813743591, 0.45938101410865784, 0.8361256122589111, 0.6975820660591125, 0.823851466178894, 0.5711121559143066, 1.0121893882751465, 0.425050288438797, 0.6935451030731201, 0.3072807490825653, 0.7253953814506531, 0.5683971643447876, 0.9201227426528931, 0.4369009733200073, 1.054421067237854, 1.4544434547424316, 1.3736083507537842, 6.223872184753418, 1.3708337545394897, 1.7020411491394043, 1.5458544492721558, 5.399093151092529, 1.9724669456481934, 1.9500839710235596, 2.1704416275024414, 5.911384105682373, 1.7455812692642212, 1.3784984350204468, 2.663243055343628, 3.965003728866577, 2.078350305557251, 0.35841262340545654, 0.6446128487586975, 0.5105513334274292, 0.3902106285095215, 0.1754530966281891, 0.7328801155090332, 0.7842280268669128, 0.5755904316902161, 0.21356253325939178, 0.45184624195098877, 0.41933944821357727, 0.3091352880001068, 0.34495672583580017, 0.33262836933135986, 0.28266096115112305, 0.4071371257305145, 0.8477881550788879, 0.6893211603164673, 1.1712528467178345, 1.1600021123886108, 0.43748709559440613, 0.8783939480781555, 0.9827447533607483, 0.9544751048088074, 1.1001843214035034, 0.5739264488220215, 0.9189576506614685, 0.7090142369270325, 0.6255270838737488, 0.8072097301483154, 0.589185893535614, 0.5381411910057068, 0.18410205841064453, 0.18531757593154907, 0.31485939025878906, 0.2635384202003479, 0.1811583936214447, 0.3335880637168884, 0.6174613237380981, 0.6320325136184692, 0.19046874344348907, 0.28140246868133545, 0.44867628812789917, 0.23897060751914978, 0.24733753502368927, 0.3319697678089142, 0.3078896105289459, 0.48025837540626526]]
Time 593.0165040493011
