Created graph
[-7.0, -5, -3.0]
[-6.0, -5, -4.0]
[-4.5, -4.0, -3.5]
[-4.75, -4.5, -4.25]
[-4.625, -4.5, -4.375]
[-4.4375, -4.375, -4.3125]
10 3 100
Score: 77.2251
Signatures: [[0.12437872588634491, 0.2368122637271881, 0.060947876423597336, 0.0857372060418129, 0.11498671025037766, 0.0, 0.05553435534238815, 0.12077639997005463, 0.0, 0.03411703184247017, 0.06547437608242035, 0.11143073439598083, 1.438123106956482, 0.6755327582359314, 0.10048069059848785, 0.726702094078064, 0.1799866110086441, 0.16730612516403198, 0.1592945009469986, 0.15713804960250854, 0.2510344982147217, 0.0561106838285923, 0.0, 0.379756897687912, 0.09382005780935287, 0.07128460705280304, 0.06092199683189392, 0.23295065760612488, 9.483803749084473, 3.2555572986602783, 0.8227416276931763, 10.151906967163086, 0.28241869807243347, 0.066145159304142, 0.03611142560839653, 0.10174057632684708, 0.4524066150188446, 0.06763601303100586, 0.0, 0.21494939923286438, 0.19032517075538635, 0.0, 0.0, 0.30369165539741516, 5.465933799743652, 1.769821047782898, 0.6708435416221619, 1.3864455223083496, 0.0, 0.02998613379895687, 0.06162169203162193, 0.0, 0.1434096097946167, 0.004064278677105904, 0.04259518161416054, 0.10711242258548737, 0.04038272798061371, 0.030766891315579414, 0.03364148736000061, 0.03928004950284958, 0.0, 0.04002319648861885, 0.039367690682411194, 0.03081166185438633, 0.07081293314695358, 0.06441499292850494, 0.15794004499912262, 0.11611323803663254, 0.0, 0.14690615236759186, 0.016328055411577225, 0.1065567210316658, 0.0, 0.01589670591056347, 0.0, 0.14202578365802765, 0.025393562391400337, 0.07698549330234528, 0.014177663251757622, 0.0, 0.0, 0.012570769526064396, 0.04046683385968208, 0.029290327802300453, 0.02203052118420601, 0.04484669491648674, 0.007897095754742622, 0.10576769709587097, 0.030204087495803833, 0.0, 0.022777443751692772, 0.07200094312429428, 0.01451841089874506, 0.0, 0.12456176429986954, 0.06601816415786743], [0.0, 0.0, 0.0, 0.0, 0.0, 0.0, 0.0, 0.0, 0.0, 0.0, 0.0, 0.0, 0.8661073446273804, 0.18896546959877014, 0.26024213433265686, 0.34431740641593933, 0.0, 0.0, 0.0, 0.0, 0.0, 0.0, 0.0, 0.0, 0.0, 0.0, 0.0, 0.0, 1.9602851867675781, 0.5307396650314331, 0.08474071323871613, 4.506224632263184, 0.011936559341847897, 0.0, 0.17073076963424683, 0.028071478009223938, 0.3801264762878418, 0.068303681910038, 0.2515650689601898, 0.07112012803554535, 0.020259615033864975, 0.018873566761612892, 0.0, 0.0, 14.378432273864746, 2.8031165599823, 4.293758392333984, 8.056665420532227, 0.0, 0.0, 0.06099194660782814, 0.0, 0.0, 0.0, 0.0, 0.0, 0.0, 0.0, 0.0, 0.0, 0.0, 0.0, 0.0, 0.0, 0.0, 0.0, 0.0, 0.0, 0.0, 0.0, 0.0, 0.0, 0.0, 0.0, 0.0, 0.0, 0.0, 0.0, 0.0, 0.03250017389655113, 0.0, 0.0, 0.0, 0.0, 0.0, 0.0, 0.0, 0.0, 0.0, 0.01871304027736187, 0.0, 0.0, 0.0, 0.0058297510258853436, 0.0, 0.0], [1.0757390260696411, 1.4426459074020386, 0.4104374647140503, 0.8310806751251221, 1.064439058303833, 1.2201848030090332, 0.420693963766098, 1.074417233467102, 1.1675037145614624, 1.086722493171692, 0.24651983380317688, 0.9490376710891724, 0.9317411184310913, 1.4413636922836304, 0.4002167582511902, 1.4179496765136719, 0.7911533117294312, 0.6465744376182556, 0.441873162984848, 0.8040756583213806, 0.6719675660133362, 0.7929303646087646, 0.5492280125617981, 0.9724828600883484, 0.4080123007297516, 0.6667472124099731, 0.2958371937274933, 0.697372317314148, 0.5168602466583252, 0.8762877583503723, 0.4158669710159302, 0.9846521019935608, 1.3960530757904053, 1.319277286529541, 5.994692325592041, 1.3208377361297607, 1.6336748600006104, 1.4844449758529663, 5.186738967895508, 1.8946094512939453, 1.8746840953826904, 2.0926029682159424, 5.691206932067871, 1.677594542503357, 1.3102385997772217, 2.555663824081421, 3.8115811347961426, 2.0059640407562256, 0.3463680148124695, 0.6192643046379089, 0.48962363600730896, 0.3753267824649811, 0.16886746883392334, 0.7054810523986816, 0.7534458041191101, 0.5550512075424194, 0.2050412893295288, 0.43423929810523987, 0.4032624661922455, 0.29675155878067017, 0.333056777715683, 0.3191940188407898, 0.2715511918067932, 0.392976313829422, 0.8160287737846375, 0.6641658544540405, 1.1252371072769165, 1.1134557723999023, 0.42163020372390747, 0.8475351333618164, 0.9471570253372192, 0.9206985831260681, 1.063173532485962, 0.5534707307815552, 0.8868653774261475, 0.6824933886528015, 0.6034802198410034, 0.7785834670066833, 0.5689693093299866, 0.5173508524894714, 0.17694225907325745, 0.17840707302093506, 0.30278313159942627, 0.25291404128074646, 0.17450475692749023, 0.3205953538417816, 0.5949862599372864, 0.6082534193992615, 0.18311330676078796, 0.27008283138275146, 0.4317108988761902, 0.2298179268836975, 0.23783627152442932, 0.3196011483669281, 0.2952789068222046, 0.4613099992275238]]
Time 1342.6099338531494
