Created graph
[-7.0, -5, -3.0]
[-4.0, -3.0, -2.0]
[-4.5, -4.0, -3.5]
[-4.75, -4.5, -4.25]
[-4.375, -4.25, -4.125]
[-4.4375, -4.375, -4.3125]
5000 3 5
Score: 77.5394
Signatures: [[0.14033833146095276, 0.27908292412757874, 0.07145321369171143, 0.09120122343301773, 0.1247398778796196, 0.0, 0.061106882989406586, 0.133966863155365, 0.0, 0.022800641134381294, 0.07793739438056946, 0.12427940964698792, 1.8824468851089478, 0.8415713310241699, 0.1439099907875061, 0.974918007850647, 0.22057998180389404, 0.20378050208091736, 0.20406173169612885, 0.18843185901641846, 0.3273601531982422, 0.05904640257358551, 0.0, 0.47749796509742737, 0.11494043469429016, 0.07526300102472305, 0.07532355934381485, 0.29120540618896484, 11.672039985656738, 4.126992702484131, 1.0194538831710815, 13.004769325256348, 0.3309697210788727, 0.05569688603281975, 0.05127318575978279, 0.1115342378616333, 0.6351081728935242, 0.0839887335896492, 0.0, 0.25217822194099426, 0.2275780737400055, 0.0, 0.0, 0.35957956314086914, 8.158387184143066, 2.512016773223877, 1.4849766492843628, 2.6190149784088135, 0.0, 0.024648770689964294, 0.09246717393398285, 0.0, 0.18681612610816956, 0.0, 0.03675077483057976, 0.13203559815883636, 0.04795346409082413, 0.028189368546009064, 0.034152958542108536, 0.045819610357284546, 0.0, 0.04440219700336456, 0.0483858622610569, 0.0350869782269001, 0.08342680335044861, 0.07418639212846756, 0.18849442899227142, 0.129910409450531, 0.0, 0.18041573464870453, 0.008899128064513206, 0.12715059518814087, 0.0, 0.013193772174417973, 0.0, 0.1728450506925583, 0.02118563838303089, 0.09030406922101974, 0.012187651358544827, 0.0, 0.0, 0.012313083745539188, 0.04736896604299545, 0.03130609169602394, 0.023210501298308372, 0.05071556940674782, 0.0013499954948201776, 0.12253899872303009, 0.03731978312134743, 0.0, 0.02191108651459217, 0.09257371723651886, 0.013708609156310558, 0.0, 0.16112743318080902, 0.07473635673522949], [0.0, 0.0, 0.0, 0.0, 0.0, 0.0, 0.0, 0.0, 0.0, 0.0, 0.0, 0.0, 1.192704439163208, 0.2719701826572418, 0.33094677329063416, 0.43272843956947327, 0.0, 0.0, 0.0, 0.0, 0.0, 0.0, 0.0, 0.0, 0.0, 0.0, 0.0, 0.0, 3.4306061267852783, 0.9230654835700989, 0.16743509471416473, 6.609079360961914, 0.016766615211963654, 0.0, 0.10208616405725479, 0.028394529595971107, 0.45230191946029663, 0.0590377040207386, 0.21605682373046875, 0.0783417671918869, 0.009449451230466366, 9.524843335384503e-05, 0.0, 0.0, 18.543270111083984, 3.609172821044922, 5.143085956573486, 10.149166107177734, 0.0, 0.0, 0.06065228208899498, 0.0, 0.0, 0.0, 0.0, 0.0, 0.0, 0.0, 0.0, 0.0, 0.0, 0.0, 0.0, 0.0, 0.0, 0.0, 0.0, 0.0, 0.0, 0.0, 0.0, 0.0, 0.0, 0.0, 0.0, 0.0, 0.0, 0.0, 0.0, 0.029813438653945923, 0.0, 0.0, 0.0, 0.0, 0.0, 0.0, 0.0, 0.0, 0.0, 0.018461458384990692, 0.0, 0.0, 0.0, 0.0036689729895442724, 0.0, 0.0], [1.2586650848388672, 1.6876064538955688, 0.47914522886276245, 0.9705853462219238, 1.2404053211212158, 1.4021568298339844, 0.49444258213043213, 1.2540030479431152, 1.3343578577041626, 1.262596607208252, 0.29438742995262146, 1.1052359342575073, 1.1190763711929321, 1.7051024436950684, 0.4710785448551178, 1.6682853698730469, 0.9235692620277405, 0.755759596824646, 0.515490710735321, 0.9409180283546448, 0.7767175436019897, 0.9221731424331665, 0.6373898983001709, 1.140260934829712, 0.476389616727829, 0.7797561883926392, 0.3438400626182556, 0.8156697154045105, 0.8382784128189087, 1.081257700920105, 0.5112528204917908, 1.3857429027557373, 1.6427475214004517, 1.543314814567566, 6.935996055603027, 1.5328868627548218, 1.9180246591567993, 1.736925721168518, 6.065117835998535, 2.2151901721954346, 2.1865901947021484, 2.4085655212402344, 6.588022232055664, 1.9649509191513062, 1.7624974250793457, 3.0334465503692627, 4.4737229347229, 2.3765995502471924, 0.3942241370677948, 0.7249206304550171, 0.5771788954734802, 0.4363509714603424, 0.19792935252189636, 0.8182915449142456, 0.880789041519165, 0.6436405777931213, 0.2400915026664734, 0.5069380402565002, 0.47128573060035706, 0.3502787947654724, 0.3823692798614502, 0.37480244040489197, 0.31617552042007446, 0.4534997045993805, 0.9462066888809204, 0.7683391571044922, 1.315167784690857, 1.3027395009994507, 0.48778796195983887, 0.9809703826904297, 1.0951393842697144, 1.0656261444091797, 1.2163037061691284, 0.640571653842926, 1.0176589488983154, 0.7903512716293335, 0.6962704062461853, 0.9012258052825928, 0.6525050401687622, 0.6063092350959778, 0.20649851858615875, 0.20791393518447876, 0.3524150848388672, 0.29807525873184204, 0.20450003445148468, 0.374808669090271, 0.6848047375679016, 0.7124376893043518, 0.21398715674877167, 0.31590554118156433, 0.5028796792030334, 0.26782456040382385, 0.2775087058544159, 0.3690396845340729, 0.34725862741470337, 0.5413388013839722]]
Time 930.0855300426483
