Created graph
[-7.0, -5, -3.0]
[-4.0, -3.0, -2.0]
[-4.5, -4.0, -3.5]
[-4.75, -4.5, -4.25]
[-4.625, -4.5, -4.375]
[-4.4375, -4.375, -4.3125]
100 3 200
Score: 77.18249
Signatures: [[0.12522229552268982, 0.23835523426532745, 0.06141230836510658, 0.0862748920917511, 0.11561141163110733, 0.0, 0.055796097964048386, 0.12141530215740204, 0.0, 0.03420652821660042, 0.06587047874927521, 0.11202111840248108, 1.4473929405212402, 0.6796962022781372, 0.10155916213989258, 0.7320473790168762, 0.18107876181602478, 0.1684366762638092, 0.16046209633350372, 0.15814130008220673, 0.2527902126312256, 0.05654468014836311, 0.0, 0.38227400183677673, 0.09436070173978806, 0.07168798893690109, 0.061330102384090424, 0.23455843329429626, 9.534132957458496, 3.27370023727417, 0.8270841836929321, 10.2129545211792, 0.284024715423584, 0.06632358580827713, 0.037856217473745346, 0.1023033931851387, 0.45673906803131104, 0.0682060495018959, 0.0, 0.21629923582077026, 0.19143888354301453, 0.0, 0.0, 0.30552029609680176, 5.526212215423584, 1.7859855890274048, 0.6866437196731567, 1.4139639139175415, 0.0, 0.03004036471247673, 0.06224706023931503, 0.0, 0.14443667232990265, 0.00404455978423357, 0.042704276740550995, 0.10798553377389908, 0.040601033717393875, 0.030800994485616684, 0.03380237892270088, 0.039504796266555786, 0.0, 0.04021540284156799, 0.03957800567150116, 0.03104552999138832, 0.07127008587121964, 0.06482923030853271, 0.15889815986156464, 0.11658714711666107, 0.0, 0.14795415103435516, 0.01639126054942608, 0.10743121802806854, 0.0, 0.01600525714457035, 0.0, 0.1428823620080948, 0.025492994114756584, 0.07756584137678146, 0.014236904680728912, 0.0, 0.0, 0.01266572903841734, 0.04070914164185524, 0.02946525067090988, 0.022185025736689568, 0.045125074684619904, 0.00789510179311037, 0.10653475672006607, 0.0304100438952446, 0.0, 0.022911585867404938, 0.07254976779222488, 0.01456508319824934, 0.0, 0.1254028081893921, 0.06644625961780548], [0.0, 0.0, 0.0, 0.0, 0.0, 0.0, 0.0, 0.0, 0.0, 0.0, 0.0, 0.0, 0.8742717504501343, 0.19086092710494995, 0.2619103789329529, 0.3468473553657532, 0.0, 0.0, 0.0, 0.0, 0.0, 0.0, 0.0, 0.0, 0.0, 0.0, 0.0, 0.0, 1.9929299354553223, 0.5404715538024902, 0.08677081763744354, 4.556288719177246, 0.012011531740427017, 0.0, 0.16917967796325684, 0.02810923382639885, 0.38190460205078125, 0.06825242936611176, 0.2516380548477173, 0.071300208568573, 0.02013549581170082, 0.018529146909713745, 0.0, 0.0, 14.475545883178711, 2.822808027267456, 4.31732702255249, 8.106607437133789, 0.0, 0.0, 0.06116275116801262, 0.0, 0.0, 0.0, 0.0, 0.0, 0.0, 0.0, 0.0, 0.0, 0.0, 0.0, 0.0, 0.0, 0.0, 0.0, 0.0, 0.0, 0.0, 0.0, 0.0, 0.0, 0.0, 0.0, 0.0, 0.0, 0.0, 0.0, 0.0, 0.0325850173830986, 0.0, 0.0, 0.0, 0.0, 0.0, 0.0, 0.0, 0.0, 0.0, 0.018760643899440765, 0.0, 0.0, 0.0, 0.005775379482656717, 0.0, 0.0], [1.0797510147094727, 1.4479721784591675, 0.4118967354297638, 0.8341459631919861, 1.068397045135498, 1.224466323852539, 0.4223298132419586, 1.0784024000167847, 1.1713924407958984, 1.0906990766525269, 0.24754217267036438, 0.9525678157806396, 0.9354339838027954, 1.447133183479309, 0.40175777673721313, 1.423385739326477, 0.7941110730171204, 0.6489672064781189, 0.4434732496738434, 0.807031512260437, 0.674358069896698, 0.7957776784896851, 0.5513138175010681, 0.976158082485199, 0.40956470370292664, 0.6692304015159607, 0.29689809679985046, 0.6999447345733643, 0.5209197998046875, 0.8801085948944092, 0.4177565574645996, 0.9900275468826294, 1.4015473127365112, 1.3243794441223145, 6.0167717933654785, 1.325631856918335, 1.6400659084320068, 1.4902373552322388, 5.207088947296143, 1.9019447565078735, 1.8818632364273071, 2.100090503692627, 5.712411403656006, 1.6839959621429443, 1.3154559135437012, 2.5655102729797363, 3.8258793354034424, 2.0124220848083496, 0.3475218415260315, 0.6216709613800049, 0.49158909916877747, 0.3767465054988861, 0.16947519779205322, 0.7080268263816833, 0.7563464045524597, 0.5569587349891663, 0.20583538711071014, 0.43590208888053894, 0.40477192401885986, 0.2979167103767395, 0.33420997858047485, 0.320453405380249, 0.2725963294506073, 0.3943001925945282, 0.8190542459487915, 0.6665390133857727, 1.12961745262146, 1.1178401708602905, 0.4231553375720978, 0.8504806756973267, 0.9505419731140137, 0.9238879680633545, 1.0667527914047241, 0.5554366111755371, 0.8899871110916138, 0.6849955916404724, 0.6056164503097534, 0.7813065648078918, 0.5709165334701538, 0.519334077835083, 0.177626833319664, 0.1790500432252884, 0.3039158582687378, 0.25390544533729553, 0.17512699961662292, 0.3218185305595398, 0.597097635269165, 0.6104673147201538, 0.18380106985569, 0.2711431086063385, 0.43328675627708435, 0.230665385723114, 0.2387249618768692, 0.3207908868789673, 0.2964446544647217, 0.4630921483039856]]
Time 1410.4789488315582
