Created graph
[-7.0, -5, -3.0]
[-4.0, -3.0, -2.0]
[-4.5, -4.0, -3.5]
[-4.75, -4.5, -4.25]
[-4.375, -4.25, -4.125]
[-4.4375, -4.375, -4.3125]
5000 3 200
Score: 75.16471
Signatures: [[0.13815633952617645, 0.28029462695121765, 0.07370903342962265, 0.09244327992200851, 0.12275373935699463, 0.0, 0.058376021683216095, 0.12998442351818085, 0.0, 0.018521558493375778, 0.07950626313686371, 0.1181514635682106, 1.880182147026062, 0.8485292792320251, 0.14793729782104492, 0.9990439414978027, 0.21232521533966064, 0.2016349732875824, 0.20347394049167633, 0.1800709217786789, 0.31942903995513916, 0.05309303104877472, 0.0, 0.4758976697921753, 0.11179482191801071, 0.07105571776628494, 0.07219738513231277, 0.2891611158847809, 11.750031471252441, 4.113944053649902, 1.0100477933883667, 13.03783130645752, 0.3344423174858093, 0.05384667590260506, 0.048493336886167526, 0.11070539802312851, 0.6561123728752136, 0.07527153939008713, 0.0, 0.2624969482421875, 0.21628330647945404, 0.0, 0.0, 0.3592291474342346, 8.450338363647461, 2.5502326488494873, 1.5289291143417358, 2.765042543411255, 0.0, 0.022401880472898483, 0.09086090326309204, 0.0, 0.18772709369659424, 0.0, 0.03168967366218567, 0.1310899555683136, 0.04553287848830223, 0.025575047358870506, 0.033537816256284714, 0.043411895632743835, 0.0, 0.04244627058506012, 0.043345872312784195, 0.031766362488269806, 0.08003182709217072, 0.0715741217136383, 0.18912991881370544, 0.11930970847606659, 0.0, 0.1815371960401535, 0.006364688277244568, 0.1275593638420105, 0.0, 0.012990731745958328, 0.0, 0.17028561234474182, 0.024895455688238144, 0.08956843614578247, 0.009347960352897644, 0.0, 0.0, 0.011891352944076061, 0.04258139058947563, 0.02898823469877243, 0.02496487833559513, 0.051545433700084686, 0.00026218907441943884, 0.1266470104455948, 0.03442826867103577, 0.0, 0.02044389583170414, 0.09125667065382004, 0.012262222357094288, 0.0, 0.15682543814182281, 0.07486443966627121], [0.0, 0.0, 0.0, 0.0, 0.0, 0.0, 0.0, 0.0, 0.0, 0.0, 0.0, 0.0, 1.237051248550415, 0.26955798268318176, 0.33599168062210083, 0.4217316508293152, 0.0, 0.0, 0.0, 0.0, 0.0, 0.0, 0.0, 0.0, 0.0, 0.0, 0.0, 0.0, 3.523871660232544, 0.9792935848236084, 0.18131281435489655, 6.867413520812988, 0.010317748412489891, 0.0, 0.07538909465074539, 0.024164395406842232, 0.4343137741088867, 0.059242360293865204, 0.18160796165466309, 0.0625290796160698, 0.006706597749143839, 0.0, 0.0, 0.0, 18.786235809326172, 3.68114972114563, 5.228024482727051, 10.336255073547363, 0.0, 0.0, 0.06110065430402756, 0.0, 0.0, 0.0, 0.0, 0.0, 0.0, 0.0, 0.0, 0.0, 0.0, 0.0, 0.0, 0.0, 0.0, 0.0, 0.0, 0.0, 0.0, 0.0, 0.0, 0.0, 0.0, 0.0, 0.0, 0.0, 0.0, 0.0, 0.0, 0.029866114258766174, 0.0, 0.0, 0.0, 0.0, 0.0, 0.0, 0.0, 0.0, 0.0, 0.018788401037454605, 0.0, 0.0, 0.0, 0.0009870806243270636, 0.0, 0.0], [1.2716604471206665, 1.703237771987915, 0.48175594210624695, 0.9802061915397644, 1.255859375, 1.417274832725525, 0.5002157092094421, 1.2664222717285156, 1.3416366577148438, 1.2765108346939087, 0.29667016863822937, 1.1217800378799438, 1.138312578201294, 1.7359426021575928, 0.4766521453857422, 1.6961137056350708, 0.9389451742172241, 0.7666584849357605, 0.5220150351524353, 0.9526715278625488, 0.7902787327766418, 0.9324474334716797, 0.6467135548591614, 1.1559205055236816, 0.48500287532806396, 0.7899085283279419, 0.3482198119163513, 0.8262771368026733, 0.8771950602531433, 1.11363685131073, 0.5226403474807739, 1.468835473060608, 1.6650346517562866, 1.5618064403533936, 7.013495445251465, 1.548977017402649, 1.952853798866272, 1.7598903179168701, 6.139044761657715, 2.2462823390960693, 2.2154204845428467, 2.427980422973633, 6.657299518585205, 1.9869043827056885, 1.8582875728607178, 3.092867612838745, 4.552107334136963, 2.430027961730957, 0.39827653765678406, 0.7330960631370544, 0.584892213344574, 0.44045358896255493, 0.20072652399539948, 0.8237610459327698, 0.8919316530227661, 0.6500493884086609, 0.24469780921936035, 0.5125451683998108, 0.47592824697494507, 0.3532312214374542, 0.38473373651504517, 0.3802023231983185, 0.3216540813446045, 0.4582243263721466, 0.9589305520057678, 0.7768239378929138, 1.3316912651062012, 1.3223494291305542, 0.49101197719573975, 0.9872547388076782, 1.1047582626342773, 1.074467420578003, 1.2222217321395874, 0.6449090838432312, 1.025418758392334, 0.8024857044219971, 0.6999818086624146, 0.9071094989776611, 0.6582925915718079, 0.6103532910346985, 0.2087622582912445, 0.21011975407600403, 0.35902535915374756, 0.30303487181663513, 0.20503555238246918, 0.37939271330833435, 0.6945096850395203, 0.7171757221221924, 0.21704857051372528, 0.3204430341720581, 0.5081159472465515, 0.2727591097354889, 0.28076937794685364, 0.3738625645637512, 0.35332393646240234, 0.549342155456543]]
Time 929.8107070922852
