Created graph
[-7.0, -5, -3.0]
[-4.0, -3.0, -2.0]
[-4.5, -4.0, -3.5]
[-4.75, -4.5, -4.25]
[-4.375, -4.25, -4.125]
[-4.4375, -4.375, -4.3125]
5000 4 5
Score: 74.455185
Signatures: [[1.3190714120864868, 1.999983310699463, 0.4091591536998749, 0.9430813789367676, 1.2093318700790405, 1.2594572305679321, 0.5295253992080688, 1.1523070335388184, 0.8141306042671204, 1.307131290435791, 0.23218126595020294, 1.294112205505371, 1.9061452150344849, 2.236396551132202, 0.3762895464897156, 2.833158493041992, 1.2235777378082275, 0.7594671249389648, 0.7463951706886292, 1.3089426755905151, 1.084633469581604, 0.9556708335876465, 0.5830231308937073, 1.6370878219604492, 0.6049350500106812, 1.0197049379348755, 0.40423697233200073, 1.1475831270217896, 1.128806710243225, 2.0459582805633545, 0.6544315218925476, 3.7087182998657227, 1.621861457824707, 1.0051989555358887, 2.230377674102783, 1.2072246074676514, 1.7358521223068237, 1.22201406955719, 1.0889785289764404, 1.9534372091293335, 0.9474878311157227, 0.7704992294311523, 0.22587530314922333, 1.644038438796997, 3.810626745223999, 4.048765182495117, 2.852613925933838, 4.1696319580078125, 0.23772776126861572, 0.6411527991294861, 0.5151481628417969, 0.16174565255641937, 0.1814640909433365, 0.8714702725410461, 0.7523068785667419, 0.7855615615844727, 0.29248178005218506, 0.39144256711006165, 0.4566200375556946, 0.29884073138237, 0.1854015588760376, 0.3293430805206299, 0.2723208963871002, 0.44723743200302124, 0.498374879360199, 0.6360439658164978, 0.6599984169006348, 1.0318058729171753, 0.2383265495300293, 0.3040381669998169, 0.7592874765396118, 0.5511072278022766, 0.00018361152615398169, 0.43606290221214294, 0.0, 0.6361188292503357, 0.15493077039718628, 0.4235280752182007, 0.00478595495223999, 0.4555480480194092, 0.09509710222482681, 0.18739688396453857, 0.45391491055488586, 0.2831985056400299, 0.17529886960983276, 0.3507240116596222, 0.6414557695388794, 0.5975519418716431, 0.16940933465957642, 0.29327550530433655, 0.4734920859336853, 0.31081852316856384, 0.28039684891700745, 0.2344593107700348, 0.34050673246383667, 0.4842425584793091], [0.0, 0.0, 0.0, 0.0, 0.0, 0.0, 0.0, 0.0, 0.0, 0.0, 0.038784146308898926, 0.0, 1.7190473079681396, 0.46836191415786743, 0.10608614981174469, 0.47752001881599426, 0.0, 0.039401810616254807, 0.026533499360084534, 0.0, 0.09837770462036133, 0.0, 0.0, 0.1174326092004776, 0.001458685495890677, 0.0, 0.0, 0.014066746458411217, 11.17337703704834, 3.8163387775421143, 0.9184500575065613, 14.115954399108887, 0.07649293541908264, 0.0, 0.03525669127702713, 0.0, 0.3111203610897064, 0.0, 0.0, 0.01264814380556345, 0.10775629431009293, 0.0, 0.012141518294811249, 0.09980131685733795, 11.940032005310059, 2.724734306335449, 2.201371908187866, 3.956082344055176, 0.0, 0.0, 0.03668864816427231, 0.0, 0.1378401666879654, 0.0, 0.0, 0.0, 0.0, 0.0, 0.0, 0.0, 0.0, 0.0, 0.0, 0.0, 0.014734773896634579, 0.0, 0.11073482781648636, 0.0, 0.0, 0.13032327592372894, 0.0, 0.015134776011109352, 0.0, 0.0, 0.0, 0.05981802940368652, 0.010046493262052536, 0.015830466523766518, 0.029135165736079216, 0.0, 0.0, 0.0, 0.0, 0.0, 0.0, 0.0, 0.0, 0.00047389138489961624, 0.0, 0.0, 0.0, 0.014387257397174835, 0.0, 0.0, 0.08881071954965591, 0.0], [0.0, 0.0, 0.0, 0.0, 0.0, 0.0, 0.0, 0.0, 0.0, 0.0, 0.0, 0.0, 1.0600976943969727, 0.20702317357063293, 0.36776772141456604, 0.28128713369369507, 0.0, 0.0, 0.0, 0.0, 0.0, 0.0, 0.0, 0.0, 0.0, 0.0, 0.0, 0.0, 3.5744469165802, 0.6885086894035339, 0.09464485198259354, 5.04329252243042, 0.0, 0.0, 0.1600753664970398, 0.0, 0.5274941921234131, 0.01339650060981512, 0.4875689446926117, 0.004473851528018713, 0.05514746904373169, 0.036254435777664185, 0.2949342429637909, 0.0, 17.38261604309082, 3.116819143295288, 5.038276195526123, 9.68088436126709, 0.0, 0.0, 0.03720584884285927, 0.0, 0.0, 0.0, 0.0, 0.0, 0.0, 0.0, 0.0, 0.0, 0.0, 0.0, 0.0, 0.0, 0.0, 0.0, 0.0, 0.0, 0.0, 0.0, 0.0, 0.0, 0.0, 0.0, 0.0, 0.0, 0.012986082583665848, 0.0, 0.0, 0.0002533753286115825, 0.0, 0.0, 0.0, 0.0, 0.0, 0.0, 0.0, 0.0, 0.0, 0.0, 0.0, 0.0, 0.0, 0.0, 0.0, 0.0], [0.701008677482605, 0.8371344208717346, 0.32354944944381714, 0.5829880833625793, 0.757841944694519, 0.8428491950035095, 0.2681266665458679, 0.7977421879768372, 1.0316452980041504, 0.6588624715805054, 0.21132081747055054, 0.5333396196365356, 0.4670931398868561, 0.8542502522468567, 0.33671835064888, 0.4841160476207733, 0.41448643803596497, 0.48362842202186584, 0.22462111711502075, 0.36779704689979553, 0.3079359531402588, 0.4912327229976654, 0.3762577772140503, 0.4671853184700012, 0.23203307390213013, 0.3078293800354004, 0.1820540875196457, 0.367311954498291, 1.146747350692749, 0.5206510424613953, 0.31857189536094666, 0.755285382270813, 1.0138792991638184, 1.172440528869629, 6.6632866859436035, 1.0503159761428833, 1.2868127822875977, 1.294294834136963, 6.139266490936279, 1.49099862575531, 1.9609993696212769, 2.2784719467163086, 7.294050693511963, 1.3690670728683472, 0.2806343138217926, 1.510390043258667, 3.5216753482818604, 0.569410502910614, 0.3048150837421417, 0.4481912851333618, 0.38266459107398987, 0.4003117084503174, 0.15038557350635529, 0.41090139746665955, 0.558648943901062, 0.3180716335773468, 0.12159267067909241, 0.3522363603115082, 0.27261465787887573, 0.23459492623806, 0.3273462951183319, 0.24544072151184082, 0.213448628783226, 0.2533854842185974, 0.8111522197723389, 0.5089399814605713, 1.1520718336105347, 0.9166175127029419, 0.41535165905952454, 0.9639697074890137, 0.7936508655548096, 0.9268754124641418, 1.4000866413116455, 0.46892330050468445, 1.1998873949050903, 0.5691019296646118, 0.7083072066307068, 0.8139338493347168, 0.745172917842865, 0.42261043190956116, 0.17657174170017242, 0.12753519415855408, 0.15489991009235382, 0.18376421928405762, 0.13832974433898926, 0.23499536514282227, 0.40633702278137207, 0.49827665090560913, 0.15717528760433197, 0.19170711934566498, 0.3028413951396942, 0.15369588136672974, 0.15405334532260895, 0.2800934314727783, 0.2316507250070572, 0.356518417596817]]
Time 936.7661066055298
