Created graph
[-7.0, -5, -3.0]
[-4.0, -3.0, -2.0]
[-4.5, -4.0, -3.5]
[-4.25, -4.0, -3.75]
[-4.375, -4.25, -4.125]
[-4.4375, -4.375, -4.3125]
5000 4 100
Score: 71.57739
Signatures: [[1.3807644844055176, 1.7628865242004395, 0.5532270073890686, 0.9785970449447632, 1.2625136375427246, 1.3279905319213867, 0.4579836130142212, 1.0478017330169678, 0.7414080500602722, 1.1357707977294922, 0.2851327955722809, 1.299540400505066, 1.3201693296432495, 2.438791036605835, 0.3081865906715393, 2.2114675045013428, 1.1983517408370972, 0.9961912631988525, 0.8772839307785034, 1.393358588218689, 1.215445637702942, 1.1140631437301636, 0.4584239423274994, 1.8562246561050415, 0.5701596736907959, 1.0382684469223022, 0.49867358803749084, 1.3504478931427002, 4.295644283294678, 3.0249075889587402, 0.6981464624404907, 6.085896015167236, 1.4723190069198608, 1.0903573036193848, 1.4163732528686523, 1.0277363061904907, 1.6324326992034912, 1.0279796123504639, 0.6094586849212646, 1.7816520929336548, 1.1271278858184814, 0.3334736227989197, 0.3079724609851837, 1.5544053316116333, 2.3947067260742188, 3.3201587200164795, 1.6251566410064697, 1.0202690362930298, 0.27079033851623535, 0.4805338680744171, 0.42052051424980164, 0.19095636904239655, 0.33350667357444763, 0.7366943359375, 0.8533458709716797, 0.9088571667671204, 0.2859973609447479, 0.3704833388328552, 0.40461891889572144, 0.37927013635635376, 0.2518374025821686, 0.32725009322166443, 0.29856690764427185, 0.4804573357105255, 0.6421374082565308, 0.6119062304496765, 0.7322909832000732, 1.0402767658233643, 0.2894885540008545, 0.656984806060791, 0.837129533290863, 0.9538253545761108, 0.1909485012292862, 0.4973035156726837, 0.0, 0.8186593651771545, 0.24419713020324707, 0.47303029894828796, 0.08907686173915863, 0.27555546164512634, 0.11779510229825974, 0.2657806873321533, 0.47440314292907715, 0.3050635755062103, 0.1896941065788269, 0.4212051033973694, 0.6574349403381348, 0.7682082653045654, 0.22125086188316345, 0.31949135661125183, 0.45035699009895325, 0.3666389286518097, 0.2816227972507477, 0.26060226559638977, 0.47923022508621216, 0.5276858806610107], [0.6876129508018494, 0.9883636832237244, 0.24804766476154327, 0.5750625133514404, 0.7407053709030151, 0.8190892934799194, 0.3139277398586273, 0.8610263466835022, 1.0598680973052979, 0.7784802913665771, 0.19358140230178833, 0.5647138953208923, 0.744336724281311, 0.8253921866416931, 0.37147945165634155, 0.8554641604423523, 0.45237505435943604, 0.39292392134666443, 0.1771952360868454, 0.3620498478412628, 0.3035716712474823, 0.42778781056404114, 0.45144668221473694, 0.44981488585472107, 0.2626793384552002, 0.31653210520744324, 0.13909894227981567, 0.2991640567779541, 0.0, 0.12631283700466156, 0.3048391342163086, 0.0, 1.1152809858322144, 1.1147487163543701, 6.91726016998291, 1.1658321619033813, 1.384438395500183, 1.388079047203064, 6.266324520111084, 1.5686516761779785, 1.874876856803894, 2.4492146968841553, 7.025702476501465, 1.4601956605911255, 1.3075186014175415, 1.9116764068603516, 4.0724382400512695, 2.208845853805542, 0.2778072953224182, 0.5432868599891663, 0.43104538321495056, 0.3742256462574005, 0.0780499204993248, 0.4973013699054718, 0.5112141370773315, 0.2790563404560089, 0.12863591313362122, 0.3669786751270294, 0.30438780784606934, 0.1945877969264984, 0.27711331844329834, 0.2516758143901825, 0.20444953441619873, 0.23807385563850403, 0.7272629737854004, 0.5315970182418823, 1.110513687133789, 0.9255160093307495, 0.38330549001693726, 0.8006597757339478, 0.7319042682647705, 0.7040979266166687, 1.244573950767517, 0.42993098497390747, 1.117055892944336, 0.4843663275241852, 0.6494120955467224, 0.7702478766441345, 0.6699298620223999, 0.5167065262794495, 0.1619897186756134, 0.0885699912905693, 0.15620851516723633, 0.17509150505065918, 0.13211572170257568, 0.20543715357780457, 0.4079705774784088, 0.4122846722602844, 0.13203512132167816, 0.185708686709404, 0.3175176978111267, 0.13435479998588562, 0.1568731963634491, 0.25464850664138794, 0.19009877741336823, 0.342056006193161], [0.0, 0.0, 0.0, 0.0, 0.0, 0.0, 0.0, 0.0, 0.0, 0.0, 0.01301012933254242, 0.0, 1.3435794115066528, 0.5772936344146729, 0.3078564703464508, 0.6856983304023743, 0.0, 0.0, 0.0, 0.0, 0.0, 0.0, 0.0, 0.0, 0.006768296472728252, 0.0, 0.0, 0.0, 3.4402124881744385, 1.2991870641708374, 0.1581851989030838, 7.242304801940918, 0.08277767896652222, 0.0, 0.0, 0.0151254553347826, 0.5640271902084351, 0.057332735508680344, 0.08181536942720413, 0.1037459671497345, 0.04953167587518692, 0.0, 0.0, 0.005850127432495356, 18.83642578125, 4.110581398010254, 5.235948085784912, 9.80082893371582, 0.0, 0.0, 0.0893741175532341, 0.0, 0.0, 0.0, 0.0, 0.0, 0.0, 0.0, 0.0, 0.0, 0.0, 0.0, 0.0, 0.0, 0.0, 0.0, 0.0, 0.0, 0.0, 0.0, 0.0, 0.0, 0.0, 0.0, 0.0, 0.0, 0.0, 0.0, 0.0, 0.02083107829093933, 0.0, 0.0, 0.0, 0.0, 0.0, 0.0, 0.0, 0.0, 0.0, 0.003715879051014781, 0.0, 0.0, 0.0, 0.0, 0.0, 0.0], [0.0, 0.0, 0.0, 0.0, 0.0, 0.0, 0.0, 0.0, 0.0, 0.0, 5.286018449623953e-07, 0.0, 1.597815752029419, 0.0, 0.14888468384742737, 0.21337129175662994, 0.0, 0.0, 0.0, 0.0, 0.0, 0.0, 0.0, 0.0, 0.0, 0.0, 0.0, 0.0, 11.148897171020508, 3.1149494647979736, 0.9270992875099182, 11.649266242980957, 0.0, 0.0, 0.2899944484233856, 0.0, 0.22503067553043365, 0.0, 0.34135565161705017, 0.0, 0.009281652979552746, 0.0, 0.33465325832366943, 0.007913149893283844, 9.077226638793945, 1.6087347269058228, 1.7506680488586426, 3.9198789596557617, 0.0, 0.0, 0.0, 0.0, 0.09054453670978546, 0.0, 0.0, 0.0, 0.0, 0.0, 0.0, 0.0, 0.0, 0.0, 0.0, 0.0, 0.0, 0.0, 0.060041625052690506, 0.0, 0.0, 0.03590219467878342, 0.0, 0.0, 0.0, 0.0, 0.04080595448613167, 0.0, 0.005167920142412186, 0.015516323037445545, 0.03239302337169647, 0.0, 0.0, 0.0, 0.0, 0.0, 0.0, 0.0, 0.0, 0.0, 0.0, 0.0, 0.0, 0.0, 0.0, 0.0, 0.008164952509105206, 0.0]]
Time 941.9438481330872
