Created graph
[-7.0, -5, -3.0]
[-4.0, -3.0, -2.0]
[-4.5, -4.0, -3.5]
[-4.75, -4.5, -4.25]
[-4.375, -4.25, -4.125]
[-4.4375, -4.375, -4.3125]
1000 4 25
Score: 73.85413
Signatures: [[1.2430468797683716, 1.6084539890289307, 0.485409677028656, 0.8919265270233154, 1.140016794204712, 1.183430790901184, 0.39948582649230957, 0.9481754302978516, 0.6488165259361267, 1.0081292390823364, 0.24377501010894775, 1.130214810371399, 1.040068507194519, 2.1729440689086914, 0.30494460463523865, 2.001312017440796, 1.0594489574432373, 0.9228615164756775, 0.7788110375404358, 1.2558784484863281, 1.1217247247695923, 1.0016659498214722, 0.40438276529312134, 1.6921747922897339, 0.539557933807373, 0.9166969060897827, 0.44193321466445923, 1.2415077686309814, 3.1555793285369873, 2.6022942066192627, 0.5893181562423706, 5.043320655822754, 1.2958874702453613, 0.9448900818824768, 0.709785521030426, 0.8936395645141602, 1.4174160957336426, 0.9042407870292664, 0.21072959899902344, 1.5679899454116821, 0.9730833768844604, 0.2852199971675873, 0.0, 1.3786731958389282, 1.6609845161437988, 2.969743013381958, 1.1657782793045044, 0.6832996010780334, 0.23028621077537537, 0.43644940853118896, 0.35169950127601624, 0.16172920167446136, 0.3109755516052246, 0.6815436482429504, 0.7765035033226013, 0.8199628591537476, 0.2589265704154968, 0.34380215406417847, 0.36633390188217163, 0.3227004408836365, 0.21410609781742096, 0.294001966714859, 0.27452370524406433, 0.42673027515411377, 0.5437621474266052, 0.5684958100318909, 0.654779851436615, 0.9276668429374695, 0.2582413852214813, 0.5824158787727356, 0.7303568124771118, 0.8387153744697571, 0.1504797637462616, 0.40107297897338867, 0.0, 0.7120547294616699, 0.20406721532344818, 0.46736252307891846, 0.09997524321079254, 0.25739941000938416, 0.09520728141069412, 0.2364363819360733, 0.42309027910232544, 0.2649093270301819, 0.1685141921043396, 0.3620140850543976, 0.6018761992454529, 0.6881032586097717, 0.19642814993858337, 0.30005261301994324, 0.41099581122398376, 0.31932052969932556, 0.24281007051467896, 0.20306997001171112, 0.4540744125843048, 0.4412192404270172], [0.5780865550041199, 0.8225706219673157, 0.21439361572265625, 0.4848847985267639, 0.6301354169845581, 0.7143704891204834, 0.27437111735343933, 0.7381860613822937, 0.9574582576751709, 0.6808689832687378, 0.16814351081848145, 0.4950975179672241, 0.6948796510696411, 0.6731486916542053, 0.3021882176399231, 0.6933871507644653, 0.38430315256118774, 0.31619876623153687, 0.138331338763237, 0.29226264357566833, 0.21300888061523438, 0.3537888526916504, 0.3967091739177704, 0.33457568287849426, 0.2055579274892807, 0.2652609050273895, 0.11594876646995544, 0.21788690984249115, 0.01134176179766655, 0.07051168382167816, 0.26307380199432373, 0.0, 0.9646878838539124, 0.9899172186851501, 6.475955486297607, 1.0388306379318237, 1.2057543992996216, 1.2181686162948608, 5.719203472137451, 1.367656946182251, 1.6662875413894653, 2.210944175720215, 6.442383766174316, 1.2770905494689941, 1.1143605709075928, 1.5879199504852295, 3.6458914279937744, 1.9556899070739746, 0.25501731038093567, 0.47090214490890503, 0.3805437982082367, 0.33552008867263794, 0.05686943978071213, 0.4166962206363678, 0.4288517236709595, 0.22830215096473694, 0.1061515361070633, 0.31484392285346985, 0.2599429786205292, 0.17295898497104645, 0.2515409290790558, 0.2161400318145752, 0.17192023992538452, 0.20483523607254028, 0.6552066802978516, 0.4471217095851898, 0.9755251407623291, 0.8034865856170654, 0.34020107984542847, 0.7152037024497986, 0.6465992331504822, 0.6222171783447266, 1.1404327154159546, 0.4024101495742798, 1.010590672492981, 0.42570042610168457, 0.5881553292274475, 0.6739249229431152, 0.5984166860580444, 0.4499700963497162, 0.14760822057724, 0.07426703721284866, 0.13116537034511566, 0.15281429886817932, 0.11534500122070312, 0.1806926280260086, 0.3478039801120758, 0.35062745213508606, 0.11370204389095306, 0.1518775224685669, 0.2710031270980835, 0.11516211926937103, 0.1395971029996872, 0.24193333089351654, 0.1488226056098938, 0.309623658657074], [0.0, 0.0, 0.0, 0.0, 0.0, 0.0, 0.0, 0.0, 0.0, 0.0, 0.013152834959328175, 0.0, 0.93470299243927, 0.43330544233322144, 0.2826076149940491, 0.5761772394180298, 0.0, 0.0, 0.0, 0.0, 0.0, 0.0, 0.0, 0.0, 0.001638235291466117, 0.0, 0.0, 0.0, 1.9584839344024658, 0.8536767363548279, 0.07906131446361542, 5.059786796569824, 0.06977842003107071, 0.0, 0.0, 0.01976492628455162, 0.5141451358795166, 0.06162043660879135, 0.1098889410495758, 0.09366726875305176, 0.06603025645017624, 0.026206251233816147, 0.0, 0.018347809091210365, 15.038206100463867, 3.3899710178375244, 4.389196872711182, 8.024282455444336, 0.0, 0.0, 0.07788790017366409, 0.0, 0.0, 0.0, 0.0, 0.0, 0.0, 0.0, 0.0, 0.0, 0.0, 0.0, 0.0, 0.0, 0.0, 0.0, 0.0, 0.0, 0.0, 0.0, 0.0, 0.0, 0.0, 0.0, 0.0, 0.0, 0.0, 0.0, 0.0, 0.02013196051120758, 0.0, 0.0, 0.0, 0.0, 0.0, 0.0, 0.0, 0.0, 0.0, 0.0, 0.0, 0.0, 0.0, 0.0, 0.0, 0.0], [0.0, 0.0, 0.0, 0.0, 0.0, 0.0, 0.0, 0.0, 0.0, 0.0, 0.0, 0.0, 1.3636441230773926, 0.0, 0.054994791746139526, 0.07226897776126862, 0.0, 0.0, 0.0, 0.0, 0.0, 0.0, 0.0, 0.0, 0.0, 0.0, 0.0, 0.0, 9.64229965209961, 2.5392110347747803, 0.772553026676178, 9.521981239318848, 0.0, 0.0, 0.4574684202671051, 0.0, 0.08579037338495255, 0.0, 0.41278377175331116, 0.0, 0.0, 0.0, 0.4438450336456299, 0.0, 6.510688781738281, 0.9111664891242981, 1.0907729864120483, 2.518362283706665, 0.0, 0.0, 0.0, 0.0, 0.060384929180145264, 0.0, 0.0, 0.0, 0.0, 0.0, 0.0, 0.0, 0.0, 0.0, 0.0, 0.0, 0.0, 0.0, 0.04221116006374359, 0.0, 0.0, 0.024005578830838203, 0.0, 0.0, 0.0, 0.0, 0.03240790218114853, 0.0, 0.007802643347531557, 0.0, 0.02148262970149517, 0.0, 0.0, 0.0, 0.0, 0.0, 0.0, 0.0, 0.0, 0.0, 0.0, 0.0, 0.0, 0.0, 0.0, 0.0, 0.0, 0.0]]
Time 587.5764615535736
