Created graph
[-7.0, -5, -3.0]
[-6.0, -5, -4.0]
[-4.5, -4.0, -3.5]
[-4.75, -4.5, -4.25]
[-4.625, -4.5, -4.375]
[-4.4375, -4.375, -4.3125]
1 3 25
Score: 77.229294
Signatures: [[0.12429052591323853, 0.2366475760936737, 0.06089888513088226, 0.08567974716424942, 0.11491602659225464, 0.0, 0.055506352335214615, 0.12070528417825699, 0.0, 0.03410806879401207, 0.06543119251728058, 0.11136273294687271, 1.4370888471603394, 0.675014317035675, 0.1003563404083252, 0.7260769605636597, 0.1798640638589859, 0.16717879474163055, 0.15917065739631653, 0.15702584385871887, 0.25085026025772095, 0.05606526508927345, 0.0, 0.3794819712638855, 0.09375739097595215, 0.07123956084251404, 0.060878537595272064, 0.23277616500854492, 9.478257179260254, 3.2534890174865723, 0.8222663402557373, 10.145270347595215, 0.2822427749633789, 0.06612624228000641, 0.03595636039972305, 0.1016630008816719, 0.4519553780555725, 0.06757134944200516, 0.0, 0.21475772559642792, 0.19017723202705383, 0.0, 0.0, 0.30350810289382935, 5.459953784942627, 1.7680823802947998, 0.6692249774932861, 1.3838986158370972, 0.0, 0.029979130253195763, 0.061566613614559174, 0.0, 0.1433001309633255, 0.004062627907842398, 0.04257948696613312, 0.10701677203178406, 0.04035964235663414, 0.030762122943997383, 0.03362357243895531, 0.03925592452287674, 0.0, 0.04000066593289375, 0.03934554383158684, 0.030786847695708275, 0.07076888531446457, 0.06437161564826965, 0.157849982380867, 0.11605587601661682, 0.0, 0.14680321514606476, 0.016325542703270912, 0.10646934062242508, 0.0, 0.015887172892689705, 0.0, 0.14193207025527954, 0.02538415603339672, 0.07693307101726532, 0.014172895811498165, 0.0, 0.0, 0.012560599483549595, 0.04043709486722946, 0.02927260659635067, 0.022014601156115532, 0.044817209243774414, 0.00789676047861576, 0.10568425804376602, 0.030183229595422745, 0.0, 0.0227627195417881, 0.07194466143846512, 0.014514073729515076, 0.0, 0.12447641789913177, 0.06597337871789932], [0.0, 0.0, 0.0, 0.0, 0.0, 0.0, 0.0, 0.0, 0.0, 0.0, 0.0, 0.0, 0.8653284311294556, 0.18884113430976868, 0.26007845997810364, 0.34410735964775085, 0.0, 0.0, 0.0, 0.0, 0.0, 0.0, 0.0, 0.0, 0.0, 0.0, 0.0, 0.0, 1.9571188688278198, 0.5298908948898315, 0.0845455676317215, 4.501279830932617, 0.011937590315937996, 0.0, 0.17087259888648987, 0.028089217841625214, 0.3799442946910858, 0.06831275671720505, 0.25157874822616577, 0.07114718109369278, 0.020301487296819687, 0.018928268924355507, 0.0, 0.0, 14.368167877197266, 2.8011274337768555, 4.291324138641357, 8.051210403442383, 0.0, 0.0, 0.06096549332141876, 0.0, 0.0, 0.0, 0.0, 0.0, 0.0, 0.0, 0.0, 0.0, 0.0, 0.0, 0.0, 0.0, 0.0, 0.0, 0.0, 0.0, 0.0, 0.0, 0.0, 0.0, 0.0, 0.0, 0.0, 0.0, 0.0, 0.0, 0.0, 0.03249622881412506, 0.0, 0.0, 0.0, 0.0, 0.0, 0.0, 0.0, 0.0, 0.0, 0.01870613917708397, 0.0, 0.0, 0.0, 0.0058383638970553875, 0.0, 0.0], [1.0753530263900757, 1.4421331882476807, 0.4102981388568878, 0.8307867050170898, 1.0640559196472168, 1.2197678089141846, 0.42053699493408203, 1.0740314722061157, 1.1671198606491089, 1.0863372087478638, 0.2464195191860199, 0.9487043619155884, 0.9313828945159912, 1.4408061504364014, 0.4000687301158905, 1.4174319505691528, 0.7908660173416138, 0.6463474035263062, 0.4417251944541931, 0.8037918210029602, 0.6717329621315002, 0.792656660079956, 0.54902583360672, 0.9721323251724243, 0.407863974571228, 0.6665078997612, 0.29573866724967957, 0.6971286535263062, 0.516527533531189, 0.875934362411499, 0.4156924784183502, 0.9841864705085754, 1.3955155611038208, 1.3187813758850098, 5.992496490478516, 1.3203574419021606, 1.6330530643463135, 1.483883023262024, 5.184731483459473, 1.8938968181610107, 1.873975157737732, 2.0918495655059814, 5.689107894897461, 1.676961064338684, 1.3097655773162842, 2.5547292232513428, 3.8102056980133057, 2.005352735519409, 0.3462517559528351, 0.6190294027328491, 0.48943230509757996, 0.37518802285194397, 0.168809711933136, 0.7052361965179443, 0.7531684637069702, 0.5548720955848694, 0.2049628645181656, 0.4340779185295105, 0.40312013030052185, 0.2966400980949402, 0.3329448699951172, 0.31907182931900024, 0.2714497447013855, 0.3928460478782654, 0.8157323598861694, 0.6639296412467957, 1.1248012781143188, 1.1130281686782837, 0.4214784502983093, 0.8472437262535095, 0.9468172192573547, 0.9203841686248779, 1.0628104209899902, 0.553275465965271, 0.8865512609481812, 0.6822488307952881, 0.6032665967941284, 0.7783104777336121, 0.5687696933746338, 0.5171533226966858, 0.17687471210956573, 0.17834433913230896, 0.30267438292503357, 0.2528178095817566, 0.1744469404220581, 0.3204783499240875, 0.5947791934013367, 0.6080418229103088, 0.1830473393201828, 0.2699807584285736, 0.43155837059020996, 0.22973765432834625, 0.2377491146326065, 0.3194822072982788, 0.2951635718345642, 0.46113643050193787]]
Time 1337.8854372501373
