Created graph
[-7.0, -5, -3.0]
[-4.0, -3.0, -2.0]
[-4.5, -4.0, -3.5]
[-4.75, -4.5, -4.25]
[-4.375, -4.25, -4.125]
[-4.4375, -4.375, -4.3125]
1000 3 5
Score: 76.89934
Signatures: [[0.13069836795330048, 0.24803854525089264, 0.06446146965026855, 0.0892627090215683, 0.1196201890707016, 0.0, 0.05713728070259094, 0.12586599588394165, 0.0, 0.033673349767923355, 0.06891366839408875, 0.11590076982975006, 1.5291633605957031, 0.7191340327262878, 0.11190377920866013, 0.7814122438430786, 0.18959787487983704, 0.1771627515554428, 0.16950485110282898, 0.16437195241451263, 0.2668476998806, 0.058093588799238205, 0.0, 0.4012202024459839, 0.09882989525794983, 0.07429797947406769, 0.06392068415880203, 0.24640034139156342, 9.954237937927246, 3.439387321472168, 0.8625443577766418, 10.744791030883789, 0.29822781682014465, 0.06685923784971237, 0.047339167445898056, 0.10644317418336868, 0.4899964928627014, 0.07169046998023987, 0.0, 0.23039567470550537, 0.19936715066432953, 0.0, 0.0, 0.31844064593315125, 6.029832363128662, 1.9279412031173706, 0.8322082161903381, 1.6298712491989136, 0.0, 0.029844140633940697, 0.06747523695230484, 0.0, 0.15278100967407227, 0.0029350232798606157, 0.04274558275938034, 0.1136106625199318, 0.04233146086335182, 0.030401213094592094, 0.034744396805763245, 0.04083375632762909, 0.0, 0.041711606085300446, 0.040538545697927475, 0.03226440027356148, 0.07435209304094315, 0.06755442172288895, 0.16594688594341278, 0.1191142126917839, 0.0, 0.15569660067558289, 0.01600431092083454, 0.11327046900987625, 0.0, 0.016003059223294258, 0.0, 0.1493874043226242, 0.0262693390250206, 0.08068767189979553, 0.01389166060835123, 0.0, 0.0, 0.013020441867411137, 0.041493967175483704, 0.030146319419145584, 0.023048756644129753, 0.046930644661188126, 0.0074555519968271255, 0.11161120980978012, 0.03159372881054878, 0.0, 0.023587863892316818, 0.07648023962974548, 0.014444624073803425, 0.0, 0.1312447339296341, 0.06878219544887543], [0.0, 0.0, 0.0, 0.0, 0.0, 0.0, 0.0, 0.0, 0.0, 0.0, 0.0, 0.0, 0.9367080926895142, 0.20018236339092255, 0.273889422416687, 0.36336299777030945, 0.0, 0.0, 0.0, 0.0, 0.0, 0.0, 0.0, 0.0, 0.0, 0.0, 0.0, 0.0, 2.2395286560058594, 0.6024653911590576, 0.10152961313724518, 4.944370269775391, 0.011201170273125172, 0.0, 0.15976840257644653, 0.027084261178970337, 0.3963533937931061, 0.06786425411701202, 0.24935035407543182, 0.06839250028133392, 0.017373116686940193, 0.014234929345548153, 0.0, 0.0, 15.301502227783203, 2.9796392917633057, 4.499932289123535, 8.544734001159668, 0.0, 0.0, 0.06259512156248093, 0.0, 0.0, 0.0, 0.0, 0.0, 0.0, 0.0, 0.0, 0.0, 0.0, 0.0, 0.0, 0.0, 0.0, 0.0, 0.0, 0.0, 0.0, 0.0, 0.0, 0.0, 0.0, 0.0, 0.0, 0.0, 0.0, 0.0, 0.0, 0.03251265361905098, 0.0, 0.0, 0.0, 0.0, 0.0, 0.0, 0.0, 0.0, 0.0, 0.019220538437366486, 0.0, 0.0, 0.0, 0.005355305038392544, 0.0, 0.0], [1.1109864711761475, 1.4903255701065063, 0.4240500032901764, 0.8585523366928101, 1.0999336242675781, 1.2583781480789185, 0.4353557229042053, 1.1097452640533447, 1.201891303062439, 1.1218290328979492, 0.25579920411109924, 0.9804924130439758, 0.9672870635986328, 1.493719458580017, 0.4147130250930786, 1.4662845134735107, 0.818027675151825, 0.6674090027809143, 0.4564753770828247, 0.8310597538948059, 0.6934882998466492, 0.8192083835601807, 0.5673326849937439, 1.006112813949585, 0.42198866605758667, 0.6889181137084961, 0.30565017461776733, 0.720816969871521, 0.5683870911598206, 0.9163540005683899, 0.43449851870536804, 1.0511151552200317, 1.4443684816360474, 1.364330768585205, 6.18761682510376, 1.364842176437378, 1.6919896602630615, 1.5356669425964355, 5.364598751068115, 1.9605211019515991, 1.939558982849121, 2.1584365367889404, 5.874268054962158, 1.7351996898651123, 1.3784176111221313, 2.647634506225586, 3.9427967071533203, 2.0731215476989746, 0.3564770221710205, 0.6405514478683472, 0.5068831443786621, 0.3874775767326355, 0.17442598938941956, 0.7289147973060608, 0.7788875699043274, 0.5724430680274963, 0.21216359734535217, 0.449101060628891, 0.41670069098472595, 0.30735453963279724, 0.34277236461639404, 0.33023801445961, 0.28100982308387756, 0.4048987925052643, 0.8427296280860901, 0.6848576068878174, 1.1643601655960083, 1.151924729347229, 0.4349748194217682, 0.8744397759437561, 0.977634847164154, 0.9485811591148376, 1.0947574377059937, 0.5707599520683289, 0.9134988188743591, 0.7048572301864624, 0.6222151517868042, 0.8029020428657532, 0.5868566632270813, 0.5352004170417786, 0.18285152316093445, 0.18438927829265594, 0.31336674094200134, 0.26179927587509155, 0.18019667267799377, 0.3314256966114044, 0.6132043600082397, 0.628067135810852, 0.18921443819999695, 0.2795608341693878, 0.44579190015792847, 0.23731756210327148, 0.24598723649978638, 0.3302909731864929, 0.3061257004737854, 0.47735831141471863]]
Time 581.37109208107
