Created graph
[-7.0, -5, -3.0]
[-6.0, -5, -4.0]
[-4.5, -4.0, -3.5]
[-4.75, -4.5, -4.25]
[-4.625, -4.5, -4.375]
[-4.4375, -4.375, -4.3125]
1 3 200
Score: 77.22977
Signatures: [[0.12429269403219223, 0.2366510033607483, 0.060899410396814346, 0.08568165451288223, 0.11491823941469193, 0.0, 0.05550704523921013, 0.12070657312870026, 0.0, 0.03410932421684265, 0.06543158739805222, 0.11136429011821747, 1.4370815753936768, 0.6750177145004272, 0.10035641491413116, 0.7260742783546448, 0.1798650324344635, 0.1671801656484604, 0.15917131304740906, 0.1570267379283905, 0.25084996223449707, 0.05606729909777641, 0.0, 0.37948349118232727, 0.09375786781311035, 0.07124052196741104, 0.06087907776236534, 0.23277753591537476, 9.478201866149902, 3.2534751892089844, 0.8222624063491821, 10.145218849182129, 0.2822439968585968, 0.06612842530012131, 0.03595631569623947, 0.10166222602128983, 0.45195895433425903, 0.06757408380508423, 0.0, 0.21476243436336517, 0.19017811119556427, 0.0, 0.0, 0.30350977182388306, 5.459902286529541, 1.7680810689926147, 0.6692136526107788, 1.3838790655136108, 0.0, 0.029979858547449112, 0.061566054821014404, 0.0, 0.14329995214939117, 0.004063830710947514, 0.042580898851156235, 0.10701757669448853, 0.040360014885663986, 0.030762705951929092, 0.033624131232500076, 0.039256419986486435, 0.0, 0.040001410990953445, 0.03934592381119728, 0.030787210911512375, 0.07076984643936157, 0.06437265872955322, 0.1578514277935028, 0.11605772376060486, 0.0, 0.1468033790588379, 0.016326619312167168, 0.106470987200737, 0.0, 0.01588769070804119, 0.0, 0.14193303883075714, 0.02538442611694336, 0.07693450897932053, 0.014172961004078388, 0.0, 0.0, 0.012561027891933918, 0.04043788090348244, 0.029272763058543205, 0.022014973685145378, 0.04481794312596321, 0.007897993549704552, 0.10568539798259735, 0.030183570459485054, 0.0, 0.02276352047920227, 0.07194527238607407, 0.014514763839542866, 0.0, 0.1244765892624855, 0.06597378104925156], [0.0, 0.0, 0.0, 0.0, 0.0, 0.0, 0.0, 0.0, 0.0, 0.0, 0.0, 0.0, 0.8653257489204407, 0.18883776664733887, 0.2600767910480499, 0.34410950541496277, 0.0, 0.0, 0.0, 0.0, 0.0, 0.0, 0.0, 0.0, 0.0, 0.0, 0.0, 0.0, 1.957125186920166, 0.5298917889595032, 0.08454614877700806, 4.501275539398193, 0.01193714514374733, 0.0, 0.1708756387233734, 0.02809016779065132, 0.3799397349357605, 0.06831175833940506, 0.2515817880630493, 0.0711449384689331, 0.02030141092836857, 0.018928075209259987, 0.0, 0.0, 14.36814022064209, 2.801110029220581, 4.291321277618408, 8.051179885864258, 0.0, 0.0, 0.06096635013818741, 0.0, 0.0, 0.0, 0.0, 0.0, 0.0, 0.0, 0.0, 0.0, 0.0, 0.0, 0.0, 0.0, 0.0, 0.0, 0.0, 0.0, 0.0, 0.0, 0.0, 0.0, 0.0, 0.0, 0.0, 0.0, 0.0, 0.0, 0.0, 0.032496411353349686, 0.0, 0.0, 0.0, 0.0, 0.0, 0.0, 0.0, 0.0, 0.0, 0.018706265836954117, 0.0, 0.0, 0.0, 0.005838185083121061, 0.0, 0.0], [1.0753467082977295, 1.4421240091323853, 0.41029584407806396, 0.8307816386222839, 1.0640497207641602, 1.2197619676589966, 0.4205347001552582, 1.0740262269973755, 1.1671161651611328, 1.0863311290740967, 0.24641819298267365, 0.9486981630325317, 0.9313779473304749, 1.4407964944839478, 0.40006789565086365, 1.4174209833145142, 0.7908612489700317, 0.6463430523872375, 0.44172197580337524, 0.8037866353988647, 0.6717303991317749, 0.7926514148712158, 0.5490229725837708, 0.9721257090568542, 0.40786123275756836, 0.6665039658546448, 0.2957366108894348, 0.6971237063407898, 0.5165147185325623, 0.8759254813194275, 0.41568902134895325, 0.9841706156730652, 1.395508050918579, 1.318774700164795, 5.992478847503662, 1.3203531503677368, 1.6330443620681763, 1.4838753938674927, 5.184711933135986, 1.8938871622085571, 1.8739678859710693, 2.091844081878662, 5.689090728759766, 1.6769533157348633, 1.309760570526123, 2.554715871810913, 3.8101868629455566, 2.005347728729248, 0.3462505340576172, 0.6190261840820312, 0.48942941427230835, 0.3751865327358246, 0.1688089519739151, 0.7052322030067444, 0.7531642317771912, 0.5548688173294067, 0.2049615979194641, 0.43407565355300903, 0.40311768651008606, 0.2966384291648865, 0.3329440653324127, 0.3190697729587555, 0.27144816517829895, 0.3928445875644684, 0.8157290816307068, 0.6639271378517151, 1.1247961521148682, 1.1130220890045166, 0.4214770495891571, 0.8472415208816528, 0.9468144178390503, 0.9203799962997437, 1.062808871269226, 0.5532737970352173, 0.8865501284599304, 0.6822453737258911, 0.603265643119812, 0.7783075571060181, 0.568769097328186, 0.5171513557434082, 0.17687398195266724, 0.17834338545799255, 0.30267250537872314, 0.25281646847724915, 0.17444592714309692, 0.3204765319824219, 0.5947757363319397, 0.6080381274223328, 0.18304619193077087, 0.26997920870780945, 0.4315555989742279, 0.22973614931106567, 0.23774753510951996, 0.31948134303092957, 0.2951616048812866, 0.4611338973045349]]
Time 1339.6718707084656
