Created graph
[-7.0, -5, -3.0]
[-4.0, -3.0, -2.0]
[-4.5, -4.0, -3.5]
[-4.75, -4.5, -4.25]
[-4.375, -4.25, -4.125]
[-4.4375, -4.375, -4.3125]
5000 4 200
Score: 72.83392
Signatures: [[1.3295880556106567, 1.7283661365509033, 0.5354009866714478, 0.9422172904014587, 1.2256568670272827, 1.263159155845642, 0.4449191987514496, 1.020668625831604, 0.6943578720092773, 1.0848604440689087, 0.28324219584465027, 1.2554287910461426, 1.324285864830017, 2.4078619480133057, 0.31954288482666016, 2.1672699451446533, 1.166579008102417, 0.9639134407043457, 0.8615235090255737, 1.3545562028884888, 1.202014446258545, 1.0750281810760498, 0.4404001832008362, 1.8322796821594238, 0.5606045126914978, 1.0154178142547607, 0.48136162757873535, 1.3336045742034912, 4.340329647064209, 3.0510010719299316, 0.6909437775611877, 6.265645503997803, 1.457682728767395, 1.0356087684631348, 1.2179412841796875, 0.9935367107391357, 1.6049909591674805, 0.9972176551818848, 0.478091835975647, 1.752159595489502, 1.0891658067703247, 0.305545836687088, 0.11734067648649216, 1.5201761722564697, 2.591845989227295, 3.4107682704925537, 1.6775267124176025, 1.0995830297470093, 0.2526756227016449, 0.4698856472969055, 0.4048707187175751, 0.17636744678020477, 0.32317519187927246, 0.7067413926124573, 0.8157024383544922, 0.8776836395263672, 0.27950501441955566, 0.35734376311302185, 0.3859218657016754, 0.36274123191833496, 0.23984664678573608, 0.31792548298835754, 0.28893592953681946, 0.4717283248901367, 0.6099085807800293, 0.5987677574157715, 0.7007842659950256, 1.0081400871276855, 0.28166088461875916, 0.6378725171089172, 0.8088316917419434, 0.9255192875862122, 0.17308519780635834, 0.4744623601436615, 0.0, 0.7929701805114746, 0.22588782012462616, 0.46360456943511963, 0.08444688469171524, 0.2706024944782257, 0.10645712167024612, 0.2564438283443451, 0.45973584055900574, 0.2938695549964905, 0.1812860667705536, 0.40884533524513245, 0.6201922297477722, 0.7462807297706604, 0.20511169731616974, 0.31075531244277954, 0.43693751096725464, 0.35208478569984436, 0.2701742649078369, 0.24794363975524902, 0.4699874818325043, 0.5024319291114807], [0.7242248058319092, 1.0237138271331787, 0.2618003487586975, 0.6003410816192627, 0.7661744356155396, 0.8635320067405701, 0.3239837884902954, 0.8784077167510986, 1.085640788078308, 0.8116750121116638, 0.19805395603179932, 0.5954087972640991, 0.7617786526679993, 0.8736510276794434, 0.3663746416568756, 0.9005715250968933, 0.481098473072052, 0.41843006014823914, 0.19264064729213715, 0.3957454264163971, 0.3232145309448242, 0.4580558240413666, 0.4647795855998993, 0.47934064269065857, 0.2728966474533081, 0.3383781909942627, 0.15138888359069824, 0.3214940130710602, 0.0, 0.16021941602230072, 0.3172299563884735, 0.0, 1.1395411491394043, 1.1500362157821655, 6.987622261047363, 1.1884305477142334, 1.412408709526062, 1.40923273563385, 6.295799255371094, 1.6003931760787964, 1.899973750114441, 2.4550373554229736, 7.079641819000244, 1.4897600412368774, 1.1910653114318848, 1.9161447286605835, 4.04435396194458, 2.1404366493225098, 0.29005613923072815, 0.5505955219268799, 0.44447261095046997, 0.38089290261268616, 0.08705335110425949, 0.5162127614021301, 0.5380022525787354, 0.30226975679397583, 0.13475246727466583, 0.37576064467430115, 0.3167559504508972, 0.20573577284812927, 0.2840713560581207, 0.25865638256073, 0.21290315687656403, 0.24743929505348206, 0.7471581101417542, 0.5436079502105713, 1.1295264959335327, 0.9499319791793823, 0.3890601396560669, 0.8116421103477478, 0.7525227069854736, 0.7260576486587524, 1.248297095298767, 0.4457029104232788, 1.1139469146728516, 0.5047427415847778, 0.6542366147041321, 0.7771742343902588, 0.6706169247627258, 0.5202232003211975, 0.16868457198143005, 0.09593116492033005, 0.16837650537490845, 0.18330775201320648, 0.13675959408283234, 0.2154606580734253, 0.431694895029068, 0.4301813840866089, 0.14169593155384064, 0.19328202307224274, 0.327723890542984, 0.14546363055706024, 0.16417528688907623, 0.26287299394607544, 0.20042039453983307, 0.35896357893943787], [0.0, 0.0, 0.0, 0.0, 0.0, 0.0, 0.0, 0.0, 0.0, 0.0, 0.010161545127630234, 0.0, 1.2902276515960693, 0.5351183414459229, 0.31633275747299194, 0.6428589224815369, 0.0, 0.0, 0.0, 0.0, 0.0, 0.0, 0.0, 0.0, 0.0035137487575411797, 0.0, 0.0, 0.0, 3.281057596206665, 1.2214159965515137, 0.13774298131465912, 7.018239974975586, 0.06423895806074142, 0.0, 0.0, 0.011029555462300777, 0.5495478510856628, 0.05040248483419418, 0.1239963248372078, 0.08597622066736221, 0.046051349490880966, 0.0025639410596340895, 0.0, 0.0033953278325498104, 18.669391632080078, 4.050170421600342, 5.238014221191406, 9.773271560668945, 0.0, 0.0, 0.08251992613077164, 0.0, 0.0, 0.0, 0.0, 0.0, 0.0, 0.0, 0.0, 0.0, 0.0, 0.0, 0.0, 0.0, 0.0, 0.0, 0.0, 0.0, 0.0, 0.0, 0.0, 0.0, 0.0, 0.0, 0.0, 0.0, 0.0, 0.0, 0.0, 0.019397053867578506, 0.0, 0.0, 0.0, 0.0, 0.0, 0.0, 0.0, 0.0, 0.0, 0.0001523396058473736, 0.0, 0.0, 0.0, 0.0, 0.0, 0.0], [0.0, 0.0, 0.0, 0.0, 0.0, 0.0, 0.0, 0.0, 0.0, 0.0, 0.0, 0.0, 1.602132797241211, 0.0, 0.1288169026374817, 0.22990137338638306, 0.0, 0.0, 0.0, 0.0, 0.0, 0.0, 0.0, 0.0, 0.0, 0.0, 0.0, 0.0, 11.186195373535156, 3.104783296585083, 0.934579610824585, 11.596903800964355, 0.0, 0.0, 0.3327769637107849, 0.0, 0.21381589770317078, 0.0, 0.3415331542491913, 0.0, 0.006625620182603598, 0.0, 0.3902146816253662, 0.0, 8.99979019165039, 1.5231289863586426, 1.665226697921753, 3.8258726596832275, 0.0, 0.0, 0.0, 0.0, 0.08938704431056976, 0.0, 0.0, 0.0, 0.0, 0.0, 0.0, 0.0, 0.0, 0.0, 0.0, 0.0, 0.0, 0.0, 0.0586077943444252, 0.0, 0.0, 0.033803243190050125, 0.0, 0.0, 0.0, 0.0, 0.03758728504180908, 0.0, 0.008255505003035069, 0.010912885889410973, 0.03278416022658348, 0.0, 0.0, 0.0, 0.0, 0.0, 0.0, 0.0, 0.0, 0.0, 0.0, 0.0, 0.0, 0.0, 0.0, 0.0, 0.005858538206666708, 0.0]]
Time 945.3841006755829
