Created graph
[-7.0, -5, -3.0]
[-4.0, -3.0, -2.0]
[-4.5, -4.0, -3.5]
[-4.75, -4.5, -4.25]
[-4.375, -4.25, -4.125]
[-4.4375, -4.375, -4.3125]
5000 3 100
Score: 75.2823
Signatures: [[0.134710431098938, 0.2783299684524536, 0.0737641379237175, 0.08952189981937408, 0.1207093670964241, 0.0, 0.057451922446489334, 0.12737704813480377, 0.0, 0.013000219129025936, 0.07947159558534622, 0.11353286355733871, 1.8900254964828491, 0.8448871970176697, 0.15129047632217407, 0.9870995283126831, 0.209676593542099, 0.20102232694625854, 0.20601525902748108, 0.17789942026138306, 0.3223798871040344, 0.05007109045982361, 0.0, 0.4777265787124634, 0.11247293651103973, 0.06891835480928421, 0.07224350422620773, 0.2916277348995209, 11.916467666625977, 4.158360004425049, 1.0251307487487793, 13.263132095336914, 0.33050596714019775, 0.049242425709962845, 0.027132045477628708, 0.0982305109500885, 0.6553043723106384, 0.07068654149770737, 0.0, 0.25196465849876404, 0.20969553291797638, 0.0, 0.0, 0.3573222756385803, 8.76712703704834, 2.611443519592285, 1.5678083896636963, 2.9237499237060547, 0.0, 0.019389400258660316, 0.09122934192419052, 0.0, 0.1889456957578659, 0.0, 0.029012707993388176, 0.12937818467617035, 0.044941239058971405, 0.02347349002957344, 0.03172735124826431, 0.04279480129480362, 0.0, 0.041489921510219574, 0.04490542411804199, 0.029454683884978294, 0.07986468821763992, 0.06934920698404312, 0.18816782534122467, 0.115331269800663, 0.0, 0.18224385380744934, 0.004051131196320057, 0.12845000624656677, 0.0, 0.011874932795763016, 0.0, 0.17040154337882996, 0.02437061071395874, 0.09071806073188782, 0.007618731819093227, 0.0, 0.0, 0.011334736831486225, 0.04195994883775711, 0.02817596308887005, 0.0245574489235878, 0.0521388053894043, 0.0, 0.1266976296901703, 0.03543434292078018, 0.0, 0.01933201402425766, 0.09333910048007965, 0.010759091936051846, 0.0, 0.15791673958301544, 0.07477080076932907], [0.0, 0.0, 0.0, 0.0, 0.0, 0.0, 0.0, 0.0, 0.0, 0.0, 0.0, 0.0, 1.2770859003067017, 0.28962385654449463, 0.34179288148880005, 0.4478965997695923, 0.0, 0.0, 0.0, 0.0, 0.0, 0.0, 0.0, 0.0, 0.0, 0.0, 0.0, 0.0, 3.60636305809021, 1.022990107536316, 0.1856633871793747, 6.995918273925781, 0.01473340392112732, 0.0, 0.07670354843139648, 0.03172553703188896, 0.44887250661849976, 0.06220851466059685, 0.18076619505882263, 0.07350930571556091, 0.009907071478664875, 0.0, 0.0, 0.0, 19.054710388183594, 3.7390270233154297, 5.32697868347168, 10.450277328491211, 0.0, 0.0, 0.061147551983594894, 0.0, 0.0, 0.0, 0.0, 0.0, 0.0, 0.0, 0.0, 0.0, 0.0, 0.0, 0.0, 0.0, 0.0, 0.0, 0.0, 0.0, 0.0, 0.0, 0.0, 0.0, 0.0, 0.0, 0.0, 0.0, 0.0, 0.0, 0.0, 0.030465498566627502, 0.0, 0.0, 0.0, 0.0, 0.0, 0.0, 0.0, 0.0, 0.0, 0.018396321684122086, 0.0, 0.0, 0.0, 0.0011969186598435044, 0.0, 0.0], [1.2798036336898804, 1.7139403820037842, 0.4839651584625244, 0.9867202043533325, 1.2612636089324951, 1.4236992597579956, 0.5028050541877747, 1.2738564014434814, 1.34806489944458, 1.2838976383209229, 0.29819217324256897, 1.128119945526123, 1.1469593048095703, 1.739878535270691, 0.47772037982940674, 1.7060794830322266, 0.945406973361969, 0.7711125612258911, 0.5238000750541687, 0.9591856598854065, 0.7946357727050781, 0.937383770942688, 0.6480194926261902, 1.1629505157470703, 0.48639675974845886, 0.7941528558731079, 0.3500784933567047, 0.8302485346794128, 0.8885994553565979, 1.116860270500183, 0.5242993831634521, 1.4858330488204956, 1.671687126159668, 1.5698819160461426, 7.043716907501221, 1.558021903038025, 1.9605168104171753, 1.767350196838379, 6.161867618560791, 2.254981756210327, 2.226381540298462, 2.437767744064331, 6.679606914520264, 1.9975663423538208, 1.840303659439087, 3.0999481678009033, 4.561384201049805, 2.420011281967163, 0.40018734335899353, 0.7371118664741516, 0.5884107947349548, 0.4419468939304352, 0.20283663272857666, 0.8276711106300354, 0.896336555480957, 0.655040979385376, 0.2459421157836914, 0.5157176852226257, 0.47899407148361206, 0.35543930530548096, 0.3863804042339325, 0.3821939527988434, 0.32228362560272217, 0.4616599977016449, 0.9614968299865723, 0.7815959453582764, 1.3391448259353638, 1.3292663097381592, 0.4932725429534912, 0.9925127029418945, 1.109798550605774, 1.078946828842163, 1.227895975112915, 0.6474750638008118, 1.0284358263015747, 0.8063136339187622, 0.7023248076438904, 0.9107653498649597, 0.6611852049827576, 0.6117318868637085, 0.20940320193767548, 0.2106742262840271, 0.36086079478263855, 0.3045789897441864, 0.20635633170604706, 0.38033193349838257, 0.6971845626831055, 0.7197405099868774, 0.21734708547592163, 0.32198086380958557, 0.5104163289070129, 0.27340859174728394, 0.28258857131004333, 0.3749941289424896, 0.3558112680912018, 0.5510807633399963]]
Time 921.0922269821167
