Created graph
[-7.0, -5, -3.0]
[-4.0, -3.0, -2.0]
[-4.5, -4.0, -3.5]
[-4.75, -4.5, -4.25]
[-4.625, -4.5, -4.375]
[-4.4375, -4.375, -4.3125]
100 3 25
Score: 77.20297
Signatures: [[0.1251339316368103, 0.23826773464679718, 0.061400406062603, 0.08625132590532303, 0.11551903933286667, 0.0, 0.055752746760845184, 0.12137724459171295, 0.0, 0.03420083597302437, 0.06584741175174713, 0.11205174028873444, 1.4473440647125244, 0.6798456311225891, 0.101515993475914, 0.7319680452346802, 0.1810269057750702, 0.16835804283618927, 0.16040156781673431, 0.15805095434188843, 0.25268039107322693, 0.05648704990744591, 0.0, 0.3821065425872803, 0.09436000883579254, 0.07167563587427139, 0.06129567325115204, 0.23440541326999664, 9.53209400177002, 3.273674249649048, 0.8271533846855164, 10.212239265441895, 0.2840562164783478, 0.06635042279958725, 0.037718504667282104, 0.10233084857463837, 0.4564979672431946, 0.06826113909482956, 0.0, 0.21647171676158905, 0.19135481119155884, 0.0, 0.0, 0.30541038513183594, 5.525207042694092, 1.7856473922729492, 0.6871973276138306, 1.412100911140442, 0.0, 0.030056817457079887, 0.062308866530656815, 0.0, 0.14437691867351532, 0.004038673359900713, 0.04268455132842064, 0.10789763182401657, 0.04060184955596924, 0.03080923855304718, 0.03378656879067421, 0.03946882486343384, 0.0, 0.04020462930202484, 0.039564888924360275, 0.03098018281161785, 0.07125531136989594, 0.0647750273346901, 0.15889936685562134, 0.1165807917714119, 0.0, 0.147859126329422, 0.016330808401107788, 0.10732308775186539, 0.0, 0.016029000282287598, 0.0, 0.1427954137325287, 0.025486508384346962, 0.07746502757072449, 0.014221586287021637, 0.0, 0.0, 0.01264215912669897, 0.04065825417637825, 0.02942901849746704, 0.02215285785496235, 0.04509066045284271, 0.007847310043871403, 0.10647864639759064, 0.030380750074982643, 0.0, 0.022880611941218376, 0.07252071797847748, 0.014546932652592659, 0.0, 0.1253332495689392, 0.06648064404726028], [0.0, 0.0, 0.0, 0.0, 0.0, 0.0, 0.0, 0.0, 0.0, 0.0, 0.0, 0.0, 0.8737306594848633, 0.19045664370059967, 0.2618716061115265, 0.3467411994934082, 0.0, 0.0, 0.0, 0.0, 0.0, 0.0, 0.0, 0.0, 0.0, 0.0, 0.0, 0.0, 1.9907985925674438, 0.539236843585968, 0.0864526778459549, 4.552460670471191, 0.011981654912233353, 0.0, 0.16933724284172058, 0.028080161660909653, 0.3819689154624939, 0.06827274709939957, 0.25184768438339233, 0.07113157212734222, 0.020113440230488777, 0.018513498827815056, 0.0, 0.0, 14.474601745605469, 2.8221399784088135, 4.316308975219727, 8.106983184814453, 0.0, 0.0, 0.06108838692307472, 0.0, 0.0, 0.0, 0.0, 0.0, 0.0, 0.0, 0.0, 0.0, 0.0, 0.0, 0.0, 0.0, 0.0, 0.0, 0.0, 0.0, 0.0, 0.0, 0.0, 0.0, 0.0, 0.0, 0.0, 0.0, 0.0, 0.0, 0.0, 0.03255867585539818, 0.0, 0.0, 0.0, 0.0, 0.0, 0.0, 0.0, 0.0, 0.0, 0.01877257600426674, 0.0, 0.0, 0.0, 0.0058001126162707806, 0.0, 0.0], [1.0797175168991089, 1.4479963779449463, 0.4117952585220337, 0.8340713977813721, 1.0683414936065674, 1.2244131565093994, 0.42233312129974365, 1.0783321857452393, 1.1713006496429443, 1.0905882120132446, 0.2475418597459793, 0.9523617625236511, 0.9353558421134949, 1.4471503496170044, 0.40177467465400696, 1.4231972694396973, 0.7940462231636047, 0.648946225643158, 0.443377286195755, 0.8069952130317688, 0.6743886470794678, 0.7957013845443726, 0.5512380599975586, 0.9762064218521118, 0.4095173478126526, 0.6691684126853943, 0.2968767285346985, 0.6999141573905945, 0.5210476517677307, 0.8802209496498108, 0.4176589846611023, 0.9907020330429077, 1.401343822479248, 1.324253797531128, 6.016415596008301, 1.3255971670150757, 1.639883279800415, 1.490020513534546, 5.206695556640625, 1.901787281036377, 1.8818740844726562, 2.100076675415039, 5.712316036224365, 1.684051275253296, 1.3150687217712402, 2.5654892921447754, 3.825423002243042, 2.0122852325439453, 0.3475513756275177, 0.621633768081665, 0.49157822132110596, 0.37672123312950134, 0.16950508952140808, 0.7080123424530029, 0.7563150525093079, 0.5569614171981812, 0.20582617819309235, 0.4358634948730469, 0.40474459528923035, 0.29792526364326477, 0.3341708183288574, 0.32043951749801636, 0.2725711166858673, 0.3943680226802826, 0.8189956545829773, 0.6665711402893066, 1.1295490264892578, 1.1178150177001953, 0.42314794659614563, 0.8505244255065918, 0.9506086111068726, 0.9239353537559509, 1.0667723417282104, 0.5553905963897705, 0.8900308012962341, 0.6850744485855103, 0.6056545376777649, 0.781382143497467, 0.5709443092346191, 0.5193020105361938, 0.1776255965232849, 0.17904062569141388, 0.30393022298812866, 0.25391557812690735, 0.17513106763362885, 0.32179465889930725, 0.5971009731292725, 0.6103948354721069, 0.18381918966770172, 0.2711017429828644, 0.4332788586616516, 0.23065662384033203, 0.2387399822473526, 0.32076844573020935, 0.296444296836853, 0.4629819691181183]]
Time 1312.129673242569
