Created graph
[-7.0, -5, -3.0]
[-6.0, -5, -4.0]
[-4.5, -4.0, -3.5]
[-3.75, -3.5, -3.25]
[-3.875, -3.75, -3.625]
[-3.8125, -3.75, -3.6875]
1 4 150
Score: 71.47835
Signatures: [[3.578500509262085, 4.568908214569092, 1.2637085914611816, 2.612457275390625, 3.3411548137664795, 3.251084566116333, 1.2296124696731567, 2.893463611602783, 1.9060983657836914, 2.948547601699829, 0.4697612524032593, 3.375246047973633, 3.619009494781494, 5.468451023101807, 0.750960648059845, 6.344655990600586, 3.0050244331359863, 2.406808614730835, 2.241889476776123, 3.504460096359253, 3.0298099517822266, 2.785071611404419, 0.9637761116027832, 4.538817882537842, 1.493941307067871, 2.5421700477600098, 1.2136187553405762, 3.292095422744751, 8.914557456970215, 7.241145610809326, 1.8773001432418823, 14.488334655761719, 3.2074973583221436, 2.2897467613220215, 1.1260745525360107, 2.4727351665496826, 3.4141900539398193, 2.348612070083618, 0.21442297101020813, 4.572359561920166, 2.400172233581543, 1.1386522054672241, 0.0, 4.013016700744629, 7.607585430145264, 7.409723281860352, 2.176896572113037, 5.402393341064453, 0.6001843214035034, 1.1766713857650757, 0.9784372448921204, 0.48774710297584534, 0.9435153603553772, 2.20025372505188, 2.2698981761932373, 2.3533849716186523, 0.6302657723426819, 1.0554828643798828, 1.0430351495742798, 0.884933590888977, 0.47570478916168213, 0.7853156328201294, 0.6820263266563416, 1.2745165824890137, 1.224932312965393, 1.5642309188842773, 1.5537958145141602, 2.286696434020996, 0.7135653495788574, 1.6686283349990845, 1.7457797527313232, 2.255033493041992, 0.5533146858215332, 0.9541067481040955, 0.009050676599144936, 1.879393219947815, 0.6847687363624573, 1.5157932043075562, 0.40396085381507874, 0.7769155502319336, 0.20542055368423462, 0.5848930478096008, 1.1890833377838135, 0.6479806900024414, 0.492889404296875, 0.8536537885665894, 1.628624439239502, 1.7643574476242065, 0.48003867268562317, 0.8291464447975159, 1.2517211437225342, 0.8591111898422241, 0.6918386220932007, 0.6209843754768372, 1.0991908311843872, 1.0692028999328613], [1.7244610786437988, 2.408705472946167, 0.701310932636261, 1.363878607749939, 1.7907363176345825, 2.071716785430908, 0.7454863786697388, 1.9647376537322998, 2.406430244445801, 1.8640002012252808, 0.559985339641571, 1.4228649139404297, 1.559393048286438, 2.419861316680908, 0.8379507064819336, 1.8949410915374756, 1.1998037099838257, 1.0713565349578857, 0.5256462097167969, 1.0390877723693848, 0.8922019600868225, 1.1220999956130981, 1.1671745777130127, 1.3399790525436401, 0.6449790000915527, 0.8977969884872437, 0.4042111933231354, 0.9279478788375854, 0.0, 0.5789868235588074, 0.6894145011901855, 0.0, 2.86812686920166, 2.8574700355529785, 16.19026756286621, 2.7319140434265137, 3.4348630905151367, 3.3097689151763916, 14.377690315246582, 3.728851795196533, 4.45904541015625, 5.315504550933838, 16.102500915527344, 3.4380929470062256, 0.0, 4.523970127105713, 9.130790710449219, 2.675764322280884, 0.6994270086288452, 1.3058408498764038, 1.0488461256027222, 0.8649541139602661, 0.1848793476819992, 1.0724495649337769, 1.2254022359848022, 0.7321200966835022, 0.3687351942062378, 0.8184958696365356, 0.7320270538330078, 0.530451774597168, 0.7190269827842712, 0.6321767568588257, 0.5315849781036377, 0.5753955841064453, 1.8792870044708252, 1.2592875957489014, 2.695309638977051, 2.3781049251556396, 0.902328610420227, 1.867668628692627, 1.927533507347107, 1.7735759019851685, 2.7143542766571045, 1.1589484214782715, 2.474524736404419, 1.2834701538085938, 1.4339518547058105, 1.6810781955718994, 1.4324291944503784, 1.1539397239685059, 0.4245857894420624, 0.2733527421951294, 0.4328919053077698, 0.5010533928871155, 0.3146090805530548, 0.6151793003082275, 1.0170384645462036, 1.1173439025878906, 0.36715608835220337, 0.456325888633728, 0.7321572303771973, 0.3887563645839691, 0.40200793743133545, 0.6285443305969238, 0.5287803411483765, 0.9570677280426025], [0.0, 0.0, 0.0, 0.0, 0.0, 0.0, 0.0, 0.0, 0.0, 0.0, 0.017365964129567146, 0.0, 3.0839242935180664, 1.1221752166748047, 0.8432804942131042, 1.688493013381958, 0.0, 0.0, 0.0, 0.0, 0.0, 0.0, 0.0, 0.0, 0.005562755279242992, 0.0, 0.0, 0.0, 7.17512845993042, 2.594468593597412, 0.3966791033744812, 15.514110565185547, 0.2097584307193756, 0.0, 0.10072174668312073, 0.05104430019855499, 1.5380980968475342, 0.18656744062900543, 0.918113648891449, 0.21210721135139465, 0.16796977818012238, 0.03611544892191887, 0.0, 0.02635810524225235, 46.03215408325195, 10.10792350769043, 13.839151382446289, 25.82916831970215, 0.0, 0.0, 0.23738451302051544, 0.0, 0.0, 0.0, 0.0, 0.0, 0.005606635008007288, 0.0, 0.0, 0.0, 0.0, 0.0, 0.0, 0.0, 0.0, 0.0, 0.0, 0.0, 0.0, 0.0, 0.0, 0.0, 0.0, 0.0, 0.0, 0.0, 0.0, 0.0, 0.0, 0.04535484313964844, 0.0, 0.0, 0.0, 0.0, 0.0, 0.0, 0.0, 0.0, 0.0, 0.00014364017988555133, 0.0, 0.0, 0.0, 0.0, 0.0, 0.0], [0.0, 0.0, 0.0, 0.0, 0.0, 0.0, 0.0, 0.0, 0.0, 0.0, 0.08868581801652908, 0.0, 4.0419020652771, 0.4803943932056427, 0.2891247570514679, 0.2737649977207184, 0.0, 0.0, 0.0, 0.0, 0.002004892798140645, 0.0, 0.0, 0.0, 0.0, 0.0, 0.0, 0.0, 28.740530014038086, 8.253314018249512, 2.1518871784210205, 30.86335563659668, 0.07842163741588593, 0.0, 1.2370436191558838, 0.0, 0.6304965019226074, 0.0, 0.42329418659210205, 0.0, 0.11697370558977127, 0.0, 0.8095343112945557, 0.021018775179982185, 22.95781898498535, 4.465980052947998, 4.148867607116699, 7.4169721603393555, 0.0, 0.0, 0.0, 0.0, 0.203369140625, 0.0, 0.0, 0.0, 0.0, 0.0, 0.0, 0.0, 0.0, 0.0, 0.0, 0.0, 0.0010240424890071154, 0.0, 0.20228396356105804, 0.0, 0.0, 0.08300061523914337, 0.0, 0.0, 0.0, 0.0, 0.0017812852747738361, 0.0, 0.0, 0.0, 0.007567401509732008, 0.0, 0.0, 0.0, 0.0, 0.0, 0.0, 0.0, 0.0, 0.0, 0.0, 0.0, 0.0, 0.0, 0.0, 0.0, 0.0924631804227829, 0.0]]
Time 1338.1906747817993
