Created graph
[-7.0, -5, -3.0]
[-6.0, -5, -4.0]
[-4.5, -4.0, -3.5]
[-4.25, -4.0, -3.75]
[-4.375, -4.25, -4.125]
[-4.1875, -4.125, -4.0625]
30 3 200
Score: 137.65793
Signatures: [[0.9509117603302002, 1.652036428451538, 0.24943658709526062, 0.7954456210136414, 0.8447301387786865, 0.8289565443992615, 0.49761396646499634, 1.1847916841506958, 0.882658839225769, 0.860664427280426, 0.4245811402797699, 0.9129133224487305, 3.7780990600585938, 2.369809627532959, 0.8105611801147461, 2.3118457794189453, 1.308347225189209, 0.29645469784736633, 0.5565499663352966, 0.644142746925354, 0.4966886341571808, 0.8064728379249573, 0.5219724774360657, 1.074463129043579, 0.6671642661094666, 0.4819023013114929, 0.22551313042640686, 0.5322264432907104, 13.87851619720459, 5.19075345993042, 1.2383838891983032, 20.241661071777344, 1.9438295364379883, 1.4424185752868652, 5.268125057220459, 1.3376072645187378, 2.684285879135132, 1.434578537940979, 5.4208807945251465, 1.9975019693374634, 1.9994268417358398, 1.9232661724090576, 4.789962291717529, 2.1977458000183105, 26.682727813720703, 8.760740280151367, 10.076187133789062, 13.731499671936035, 0.2189151644706726, 1.0616549253463745, 0.36439257860183716, 0.2802061140537262, 0.2580355703830719, 0.48087918758392334, 0.7827760577201843, 0.3230290114879608, 0.27759960293769836, 0.45019644498825073, 0.3239700496196747, 0.23062309622764587, 0.14977505803108215, 0.35872840881347656, 0.43974900245666504, 0.5041226148605347, 0.7189645171165466, 0.7273343205451965, 1.34589421749115, 1.2451770305633545, 0.37273335456848145, 0.6270831823348999, 0.7601660490036011, 1.2154498100280762, 0.7535675764083862, 0.7323920130729675, 0.6728521585464478, 0.786851167678833, 0.3954187333583832, 0.6140351295471191, 0.4072149991989136, 0.5548701286315918, 0.014209036715328693, 0.24513527750968933, 0.3443089723587036, 0.2968249022960663, 0.0278503205627203, 0.39533108472824097, 0.3675156235694885, 0.36224809288978577, 0.1688232570886612, 0.41269493103027344, 0.30659055709838867, 0.07789942622184753, 0.1905018538236618, 0.3127785921096802, 0.8561274409294128, 0.5079574584960938], [1.7610549926757812, 2.3307831287384033, 0.7040411233901978, 1.274271011352539, 1.651275873184204, 1.6875320672988892, 0.6439056992530823, 1.532654881477356, 1.6598814725875854, 1.580919861793518, 0.5185438394546509, 1.4103502035140991, 3.521270990371704, 3.236642599105835, 0.9916321039199829, 3.0271949768066406, 1.239830493927002, 1.3204959630966187, 0.7154552936553955, 1.334213376045227, 1.1797780990600586, 1.148929476737976, 0.9232421517372131, 1.686668872833252, 0.6521579623222351, 1.1236977577209473, 0.4964526891708374, 1.174237847328186, 10.238064765930176, 4.657938480377197, 1.507609248161316, 14.83686637878418, 2.478957414627075, 2.1269688606262207, 9.485478401184082, 1.9186348915100098, 3.460129976272583, 2.5856292247772217, 8.541640281677246, 3.196532726287842, 2.990931510925293, 2.7691805362701416, 8.925971984863281, 2.749182939529419, 20.136695861816406, 8.453251838684082, 10.438016891479492, 11.564962387084961, 0.5099086165428162, 0.9631183743476868, 1.0444226264953613, 0.6388426423072815, 0.3742755055427551, 1.0722464323043823, 1.1935979127883911, 0.9523657560348511, 0.36650294065475464, 0.6820326447486877, 0.6020668148994446, 0.5831395387649536, 0.5442279577255249, 0.539478600025177, 0.4358024597167969, 0.5250238180160522, 1.3367828130722046, 0.9758181571960449, 1.9469362497329712, 1.9646847248077393, 0.5801403522491455, 1.1753567457199097, 1.5272715091705322, 1.2135273218154907, 1.2377897500991821, 0.7887914180755615, 1.1834839582443237, 1.1371798515319824, 0.7278585433959961, 1.1250176429748535, 0.7392148971557617, 0.7864137887954712, 0.3873326778411865, 0.26192620396614075, 0.5475304126739502, 0.43894559144973755, 0.3317852020263672, 0.5041581988334656, 0.9226436614990234, 1.0218102931976318, 0.3001445531845093, 0.41512995958328247, 0.6897038221359253, 0.53130704164505, 0.39489734172821045, 0.49456992745399475, 0.5278241038322449, 0.7785488963127136], [0.8651061654090881, 1.4280508756637573, 0.19795410335063934, 0.7416591048240662, 1.0200825929641724, 0.9397488832473755, 0.4936569333076477, 1.1300238370895386, 0.5480156540870667, 0.8843872547149658, 0.12524153292179108, 1.0035104751586914, 4.225207805633545, 2.270232915878296, 0.766465425491333, 2.856395721435547, 0.5287807583808899, 0.3106447756290436, 0.6076178550720215, 0.6836509704589844, 0.9911680817604065, 0.6200734972953796, 0.4111223816871643, 1.6472052335739136, 0.2808101773262024, 0.32474902272224426, 0.1127372533082962, 1.248142957687378, 16.727102279663086, 6.273855686187744, 1.4409390687942505, 24.5793514251709, 0.9247155785560608, 1.1434253454208374, 4.48023796081543, 1.3968905210494995, 2.3282644748687744, 1.3381596803665161, 4.398367404937744, 1.860374093055725, 1.6596845388412476, 1.5746537446975708, 4.2143330574035645, 1.330723762512207, 32.26849365234375, 9.519065856933594, 10.701719284057617, 16.9301700592041, 0.051145587116479874, 0.1753031313419342, 0.41487112641334534, 0.2580987215042114, 0.2679966986179352, 0.5232149958610535, 0.5534420013427734, 0.15767768025398254, 0.16003215312957764, 0.1418696790933609, 0.5116833448410034, 0.17137353122234344, 0.04625333845615387, 0.3553229570388794, 0.22110150754451752, 0.31965672969818115, 0.4128112196922302, 0.5364643335342407, 1.0310487747192383, 0.9358974099159241, 0.5304624438285828, 1.0509170293807983, 0.6047192811965942, 0.6182893514633179, 0.6436508893966675, 0.40324628353118896, 0.5780946016311646, 0.6964914202690125, 0.7786087393760681, 0.5881243348121643, 0.31485608220100403, 0.4537223279476166, 0.0, 0.028907129541039467, 0.07439050823450089, 0.3293517231941223, 0.01834774576127529, 0.4130566418170929, 0.10600931197404861, 0.5954738259315491, 0.2640902101993561, 0.2915632724761963, 0.25584322214126587, 0.059000298380851746, 0.10271389782428741, 0.28367161750793457, 0.19068041443824768, 0.5277413725852966]]
Time 540.6491951942444
