Created graph
[-7.0, -5, -3.0]
[-6.0, -5, -4.0]
[-4.5, -4.0, -3.5]
[-4.25, -4.0, -3.75]
[-4.125, -4.0, -3.875]
[-4.0625, -4.0, -3.9375]
10 3 100
Score: 82.285095
Signatures: [[0.0, 0.0, 0.0, 0.0, 0.0, 0.0, 0.0, 0.0, 0.0, 0.0, 0.05407847464084625, 0.0, 4.522767066955566, 0.978675901889801, 0.7252358198165894, 1.4860104322433472, 0.0, 0.0, 0.0, 0.0, 0.09331022202968597, 0.0, 0.0, 0.10447118431329727, 0.0, 0.0, 0.0, 0.1759234368801117, 23.048704147338867, 7.276334285736084, 1.5135314464569092, 31.55794334411621, 0.0, 0.0, 0.0, 0.0, 1.1739884614944458, 0.0, 0.0, 0.0, 0.0, 0.0, 0.0, 0.0, 44.369712829589844, 9.365939140319824, 10.008919715881348, 21.29916763305664, 0.0, 0.0, 0.0, 0.0, 0.11063831299543381, 0.0, 0.0, 0.0, 0.0, 0.0, 0.0, 0.0, 0.0, 0.0, 0.0, 0.0, 0.0, 0.0, 0.0, 0.0, 0.0, 0.03587176650762558, 0.0, 0.0, 0.0, 0.0, 0.0, 0.0, 0.0, 0.0, 0.0, 0.0, 0.0, 0.0, 0.0, 0.0, 0.0, 0.0, 0.0, 0.0, 0.0, 0.0, 0.0, 0.0, 0.0, 0.0, 0.0, 0.0], [0.0, 0.0502152256667614, 0.0, 0.0, 0.0, 0.0, 0.0, 0.3424023687839508, 0.0, 0.0, 0.0, 0.004229297395795584, 4.774286270141602, 1.6717389822006226, 0.7022518515586853, 2.0643651485443115, 0.21515701711177826, 0.0942436158657074, 0.18234692513942719, 0.0, 0.30825236439704895, 0.0, 0.0, 0.44531095027923584, 0.14513635635375977, 0.0, 0.09716115146875381, 0.0, 20.845632553100586, 7.647243499755859, 1.722992181777954, 29.161144256591797, 0.5180872082710266, 0.0, 0.0, 0.15138038992881775, 1.3436018228530884, 0.14952121675014496, 0.0, 0.483577162027359, 0.2525138854980469, 0.0, 0.0, 0.5830889344215393, 40.86668014526367, 9.378535270690918, 10.107644081115723, 19.97857093811035, 0.0, 0.0, 0.3311063051223755, 0.0, 0.2500278055667877, 0.0, 0.0, 0.0, 0.036698512732982635, 0.0, 0.0, 0.0, 0.0, 0.0, 0.023459147661924362, 0.0, 0.0, 0.0, 0.0, 0.018000278621912003, 0.0, 0.0, 0.0, 0.0, 0.0, 0.0, 0.0, 0.027184108272194862, 0.07121384888887405, 0.0, 0.0, 0.028757259249687195, 0.0, 0.0, 0.0, 0.0, 0.0, 0.0, 0.0, 0.0, 0.021616827696561813, 0.0, 0.0, 0.0, 0.0, 0.010591741651296616, 0.25475168228149414, 0.0], [3.0523805618286133, 4.130626678466797, 1.1404918432235718, 2.309536933898926, 2.9475107192993164, 3.129645347595215, 1.2311006784439087, 2.864048957824707, 2.8687233924865723, 2.883334159851074, 0.8074848055839539, 2.6155829429626465, 3.660611629486084, 4.660245895385742, 1.243687629699707, 4.531704425811768, 2.259981393814087, 1.8983206748962402, 1.3072718381881714, 2.3185017108917236, 1.9221765995025635, 2.157761812210083, 1.5442547798156738, 2.947638988494873, 1.1733815670013428, 1.8800325393676758, 0.7864683270454407, 2.0814921855926514, 6.862874984741211, 4.21105432510376, 1.6538097858428955, 9.862123489379883, 4.099788188934326, 3.741969347000122, 15.769474029541016, 3.4955153465270996, 5.136898040771484, 4.209686756134033, 14.54206657409668, 5.396052360534668, 5.1491780281066895, 5.232325553894043, 15.31650161743164, 4.736176490783691, 13.490739822387695, 9.457977294921875, 12.82125473022461, 9.627082824707031, 0.8432931900024414, 1.7549707889556885, 1.4690495729446411, 1.0432921648025513, 0.5434989929199219, 1.8710870742797852, 2.082481861114502, 1.5441532135009766, 0.6246669888496399, 1.1948764324188232, 1.1135838031768799, 0.8982725739479065, 0.8450745344161987, 0.9463707208633423, 0.7859761118888855, 1.0346877574920654, 2.2591731548309326, 1.786629557609558, 3.369447946548462, 3.209514856338501, 1.1162104606628418, 2.244875907897949, 2.516692638397217, 2.4197144508361816, 2.510585069656372, 1.4443931579589844, 2.2083654403686523, 1.9599560499191284, 1.4498679637908936, 2.0596725940704346, 1.3711106777191162, 1.397976279258728, 0.5153218507766724, 0.486778199672699, 0.8745129108428955, 0.7766503691673279, 0.47095632553100586, 0.962116003036499, 1.533902883529663, 1.7562682628631592, 0.5170809626579285, 0.7939751148223877, 1.1773691177368164, 0.7414757013320923, 0.6624011397361755, 0.8369436264038086, 0.9613787531852722, 1.3860777616500854]]
Time 868.5697932243347
