Created graph
[-7.0, -5, -3.0]
[-6.0, -5, -4.0]
[-4.5, -4.0, -3.5]
[-4.25, -4.0, -3.75]
[-3.875, -3.75, -3.625]
[-3.9375, -3.875, -3.8125]
10 4 10
Score: 73.56212
Signatures: [[3.302198648452759, 4.128016471862793, 1.2372714281082153, 2.500314474105835, 3.1301567554473877, 3.2636806964874268, 1.1036771535873413, 2.71938157081604, 1.8849831819534302, 2.8554117679595947, 0.45491892099380493, 3.2116453647613525, 3.178232431411743, 5.108685493469238, 0.6410701870918274, 5.5268354415893555, 2.8576438426971436, 2.2909576892852783, 1.9629642963409424, 3.2752685546875, 2.5883142948150635, 2.6364009380340576, 0.9437264204025269, 4.040185928344727, 1.382967472076416, 2.3326704502105713, 1.1055775880813599, 2.8589670658111572, 7.03604793548584, 5.911548614501953, 1.5643061399459839, 12.325430870056152, 2.8694849014282227, 2.347334146499634, 2.042112112045288, 2.3926382064819336, 3.3783986568450928, 2.3537111282348633, 0.7124280333518982, 4.251729488372803, 2.283252477645874, 1.3940094709396362, 0.0, 3.6113386154174805, 6.094674587249756, 6.422545909881592, 1.648667573928833, 3.780437707901001, 0.6643392443656921, 1.0901715755462646, 0.8971580266952515, 0.4963825047016144, 0.8320150971412659, 2.2529218196868896, 2.187718391418457, 2.173161745071411, 0.5254513621330261, 1.0287572145462036, 1.0399130582809448, 0.8624281883239746, 0.5036571025848389, 0.7479937672615051, 0.6197998523712158, 1.1811835765838623, 1.2483357191085815, 1.45440673828125, 1.3959484100341797, 2.1767027378082275, 0.6643202900886536, 1.5112336874008179, 1.7329896688461304, 2.103816032409668, 0.6219024658203125, 1.0175340175628662, 0.1360730677843094, 1.7121970653533936, 0.669724702835083, 1.290813684463501, 0.3553377091884613, 0.7071019411087036, 0.20074772834777832, 0.596856951713562, 1.068396806716919, 0.6362258791923523, 0.4698558747768402, 0.7682772874832153, 1.5626295804977417, 1.649702548980713, 0.4403916299343109, 0.8025206923484802, 1.1505030393600464, 0.7306855916976929, 0.684403121471405, 0.6581397652626038, 1.0339858531951904, 1.0793753862380981], [1.391465425491333, 1.9713149070739746, 0.5398112535476685, 1.0765470266342163, 1.4467926025390625, 1.6038869619369507, 0.625379204750061, 1.5859570503234863, 1.98101007938385, 1.4763383865356445, 0.4614916145801544, 1.1103914976119995, 1.3097314834594727, 1.8663973808288574, 0.7053689360618591, 1.5044333934783936, 0.9195871949195862, 0.8331035375595093, 0.4427471458911896, 0.7923598289489746, 0.7279967069625854, 0.8651354312896729, 0.9629358053207397, 1.057424783706665, 0.5040241479873657, 0.7107616066932678, 0.32526689767837524, 0.7949856519699097, 0.10700462758541107, 0.4980427920818329, 0.5875399112701416, 0.0, 2.384777545928955, 2.308453321456909, 13.637475967407227, 2.238335132598877, 2.791454792022705, 2.701080560684204, 12.278474807739258, 3.0511937141418457, 3.7356081008911133, 4.4191155433654785, 13.873050689697266, 2.8437588214874268, 0.44520899653434753, 3.839722156524658, 8.057780265808105, 2.7856075763702393, 0.5372331738471985, 1.0944616794586182, 0.8693201541900635, 0.7115189433097839, 0.13611342012882233, 0.7870931029319763, 0.9578725099563599, 0.5788743495941162, 0.3134940564632416, 0.6574437022209167, 0.5723798274993896, 0.41288915276527405, 0.5793731808662415, 0.5179094672203064, 0.4399171769618988, 0.4574868083000183, 1.5409185886383057, 1.0307738780975342, 2.271714687347412, 1.9697877168655396, 0.752413272857666, 1.5659505128860474, 1.554503321647644, 1.455973744392395, 2.2713894844055176, 0.9217795133590698, 2.072063684463501, 1.0488455295562744, 1.1907703876495361, 1.4437251091003418, 1.2272275686264038, 0.9685898423194885, 0.35238170623779297, 0.19825193285942078, 0.3556055426597595, 0.40236222743988037, 0.2549435496330261, 0.5063779950141907, 0.810298502445221, 0.9116641283035278, 0.3047398328781128, 0.3441650867462158, 0.6047347187995911, 0.3323669135570526, 0.31368404626846313, 0.48610562086105347, 0.405285120010376, 0.7690036296844482], [0.0, 0.0, 0.0, 0.0, 0.0, 0.0, 0.0, 0.0, 0.0, 0.0, 0.02672741189599037, 0.0, 2.9643912315368652, 1.2832508087158203, 0.8052627444267273, 1.7282867431640625, 0.0, 0.0, 0.0, 0.0, 0.0, 0.0, 0.0, 0.00010644542635418475, 0.06889070570468903, 0.0, 0.0, 0.0, 7.251979351043701, 2.8492259979248047, 0.43473944067955017, 15.432724952697754, 0.2079838663339615, 0.0, 0.012596138752996922, 0.125702902674675, 1.4447280168533325, 0.26003333926200867, 0.716524600982666, 0.3704431354999542, 0.2262401431798935, 0.019253432750701904, 0.0, 0.03523935005068779, 42.088623046875, 9.428892135620117, 11.901166915893555, 23.02384376525879, 0.0, 0.0, 0.22398771345615387, 0.0, 0.0, 0.0, 0.0, 0.0, 0.029900724068284035, 0.0, 0.0, 0.0, 0.0, 0.0, 0.0, 0.0, 0.0, 0.0, 0.0, 0.0, 0.0, 0.0, 0.0, 0.0, 0.0, 0.0, 0.0, 0.0, 0.0, 0.0, 0.0, 0.07079026103019714, 0.0, 0.0, 0.0, 0.0, 0.0, 0.0, 0.0, 0.0, 0.0, 0.03551029413938522, 0.0, 0.0, 0.0, 0.0, 0.0, 0.0], [0.0, 0.0, 0.0, 0.0, 0.0, 0.0, 0.0, 0.0, 0.0, 0.0, 0.08771084994077682, 0.0, 3.823995351791382, 0.4687887132167816, 0.296812504529953, 0.510589599609375, 0.0, 0.0, 0.0042774854227900505, 0.0, 0.17019601166248322, 0.0, 0.0, 0.15805551409721375, 0.0, 0.0, 0.0, 0.0, 26.128259658813477, 7.728259563446045, 2.022080183029175, 28.396970748901367, 0.23830293118953705, 0.0, 0.8992242217063904, 0.0, 0.6912116408348083, 0.0, 0.18765252828598022, 0.0, 0.10024647414684296, 0.0, 0.4418809413909912, 0.20947585999965668, 22.256017684936523, 4.5331549644470215, 4.92671537399292, 8.422516822814941, 0.0, 0.0, 0.030614249408245087, 0.0, 0.2294066697359085, 0.0, 0.0, 0.0, 0.0, 0.0, 0.0, 0.0, 0.0, 0.0, 0.0, 0.0, 0.019684569910168648, 0.0, 0.260244220495224, 0.0, 0.0, 0.1277163326740265, 0.0, 0.0, 0.0, 0.0, 0.0, 0.04010866582393646, 0.0, 0.0, 0.004861651454120874, 0.0, 0.0, 0.0, 0.0, 0.0, 0.0, 0.0, 0.0, 0.0, 0.0, 0.0, 0.0, 0.024831784889101982, 0.0, 0.0, 0.12402612715959549, 0.0]]
Time 906.1302008628845
