Created graph
[-7.0, -5, -3.0]
[-6.0, -5, -4.0]
[-4.5, -4.0, -3.5]
[-4.25, -4.0, -3.75]
[-4.125, -4.0, -3.875]
[-4.1875, -4.125, -4.0625]
10 3 200
Score: 94.71472
Signatures: [[0.2974734902381897, 0.9609674215316772, 0.03168243542313576, 0.298840194940567, 0.21861790120601654, 0.004903231747448444, 0.210281640291214, 0.6347033381462097, 0.1791577935218811, 0.21263562142848969, 0.2614913582801819, 0.35507655143737793, 4.546450138092041, 1.887141227722168, 0.7764284610748291, 2.0580170154571533, 0.8936200737953186, 0.062270380556583405, 0.2784455120563507, 0.2372959703207016, 0.19693200290203094, 0.3139125108718872, 0.11349719762802124, 0.49755600094795227, 0.464316725730896, 0.20958100259304047, 0.13051410019397736, 0.044251225888729095, 19.247539520263672, 6.708039283752441, 1.4811502695083618, 27.250560760498047, 1.2880812883377075, 0.5114033222198486, 1.8574495315551758, 0.6477464437484741, 2.118680000305176, 0.6077091693878174, 2.4443116188049316, 1.0284312963485718, 1.0545382499694824, 0.9416682124137878, 1.3473210334777832, 1.4383258819580078, 37.01357650756836, 9.632186889648438, 10.667131423950195, 18.2158203125, 0.0, 0.5782430768013, 0.1960533708333969, 0.029793724417686462, 0.22984376549720764, 0.07849352061748505, 0.2803909480571747, 0.09483207762241364, 0.19843065738677979, 0.29287102818489075, 0.04772443324327469, 0.07605040818452835, 0.0, 0.13154615461826324, 0.27841925621032715, 0.236819326877594, 0.3169569671154022, 0.3073899447917938, 0.6015937328338623, 0.6546639800071716, 0.11005757749080658, 0.2092224806547165, 0.2092985063791275, 0.6959288716316223, 0.3091985285282135, 0.37729761004447937, 0.2723861634731293, 0.45706573128700256, 0.10325124859809875, 0.19744420051574707, 0.19333624839782715, 0.25286611914634705, 0.0, 0.11489233374595642, 0.1506594568490982, 0.03838004171848297, 0.0, 0.13191446661949158, 0.0, 0.0, 0.0054618241265416145, 0.22214125096797943, 0.06952837854623795, 0.0, 0.08401399850845337, 0.1259201020002365, 0.7395485043525696, 0.13247673213481903], [2.4886410236358643, 3.2523391246795654, 0.9779648780822754, 1.8535374402999878, 2.371544122695923, 2.527592658996582, 0.9395947456359863, 2.250354766845703, 2.3304994106292725, 2.3130242824554443, 0.690595805644989, 2.044785261154175, 3.928828716278076, 4.14304780960083, 1.2307530641555786, 3.912407159805298, 1.8041014671325684, 1.7248808145523071, 1.0327088832855225, 1.8887920379638672, 1.589573860168457, 1.6988261938095093, 1.2997527122497559, 2.347198009490967, 0.9355252981185913, 1.548068881034851, 0.679000973701477, 1.6572492122650146, 10.093281745910645, 4.993442058563232, 1.753861665725708, 14.229801177978516, 3.4345600605010986, 3.0259509086608887, 13.122650146484375, 2.7149746417999268, 4.51855993270874, 3.533907175064087, 11.959724426269531, 4.441575527191162, 4.198082447052002, 4.051095962524414, 12.662219047546387, 3.8404319286346436, 19.967679977416992, 9.675304412841797, 12.554045677185059, 12.057746887207031, 0.7035762071609497, 1.3582780361175537, 1.3370721340179443, 0.8830511569976807, 0.4772757589817047, 1.53863525390625, 1.7113548517227173, 1.2980843782424927, 0.500527560710907, 0.9428213238716125, 0.8794360160827637, 0.772377073764801, 0.7240157127380371, 0.7601267695426941, 0.6257100105285645, 0.7843389511108398, 1.8518182039260864, 1.4136379957199097, 2.718318223953247, 2.6858177185058594, 0.8539137840270996, 1.7211849689483643, 2.115572214126587, 1.8325310945510864, 1.9026923179626465, 1.1462087631225586, 1.7365955114364624, 1.5454260110855103, 1.090733528137207, 1.6486856937408447, 1.078615427017212, 1.1272655725479126, 0.47205138206481934, 0.37453341484069824, 0.7371241450309753, 0.643079400062561, 0.42092224955558777, 0.7365205883979797, 1.2706841230392456, 1.4518797397613525, 0.4363357722759247, 0.6024698615074158, 0.9744887351989746, 0.6685401201248169, 0.5385990738868713, 0.684952974319458, 0.7491127848625183, 1.1212354898452759], [0.0, 0.4588720202445984, 0.0, 0.030343882739543915, 0.13882139325141907, 0.0, 0.10421658307313919, 0.3374512195587158, 0.0, 0.0, 0.0, 0.21701063215732574, 5.205487251281738, 1.6006112098693848, 0.7131145000457764, 2.497166395187378, 0.0, 0.0, 0.2252712845802307, 0.08398265391588211, 0.5604968667030334, 0.0, 0.0, 0.8553616404533386, 0.0, 0.0, 0.0, 0.5964324474334717, 23.791919708251953, 8.196610450744629, 1.7407094240188599, 33.8685302734375, 0.0, 0.0, 0.027104901149868965, 0.4476829469203949, 1.5259699821472168, 0.2276565581560135, 0.33689185976982117, 0.4938403367996216, 0.3193376958370209, 0.13691909611225128, 0.0, 0.21666820347309113, 45.87702560424805, 10.631211280822754, 11.393513679504395, 22.951276779174805, 0.0, 0.0, 0.17605355381965637, 0.0, 0.22273266315460205, 0.0, 0.0, 0.0, 0.0432855486869812, 0.0, 0.13017968833446503, 0.0, 0.0, 0.060234177857637405, 0.0015865783207118511, 0.0, 0.0, 0.0, 0.04616784304380417, 0.12985782325267792, 0.1668347418308258, 0.42130619287490845, 0.0, 0.0, 0.0, 0.0, 0.0, 0.2526315152645111, 0.34262505173683167, 0.0, 0.0, 0.03625055029988289, 0.0, 0.0, 0.0, 0.0, 0.0, 0.060802850872278214, 0.0, 0.07453633844852448, 0.04993823543190956, 0.02846217341721058, 0.0, 0.0, 0.0, 0.0398101843893528, 0.0, 0.04238008335232735]]
Time 867.895688533783
