Created graph
[-7.0, -5, -3.0]
[-6.0, -5, -4.0]
[-4.5, -4.0, -3.5]
[-3.75, -3.5, -3.25]
[-3.875, -3.75, -3.625]
[-3.8125, -3.75, -3.6875]
1 3 200
Score: 72.8759
Signatures: [[0.059231530874967575, 0.24273212254047394, 0.029912235215306282, 0.02863687463104725, 0.06936103105545044, 0.0, 0.04762643948197365, 0.13173414766788483, 0.0, 0.0, 0.09350259602069855, 0.11820320785045624, 5.023250579833984, 1.371311902999878, 0.5222477316856384, 1.6336719989776611, 0.3019386827945709, 0.24105890095233917, 0.27727949619293213, 0.20992599427700043, 0.49646613001823425, 0.0, 0.0, 0.7252922058105469, 0.11815256625413895, 0.022688280791044235, 0.08138897269964218, 0.35658174753189087, 29.114063262939453, 9.28966236114502, 2.1485931873321533, 35.75017547607422, 0.3490155041217804, 0.0002188924845540896, 0.009581750258803368, 0.06444132328033447, 0.8941358327865601, 0.0, 0.0, 0.05892007797956467, 0.12548469007015228, 0.0, 0.0, 0.3970159888267517, 36.19723129272461, 7.50399112701416, 6.295478343963623, 14.348100662231445, 0.0, 0.0, 0.08419784903526306, 0.0, 0.3310590386390686, 0.0, 0.0, 0.08911065757274628, 0.03878405690193176, 0.02679329738020897, 0.01083467248827219, 0.03273722156882286, 0.0, 0.048706043511629105, 0.010884200222790241, 0.0, 0.03708267584443092, 0.03591445833444595, 0.21792957186698914, 0.1074383556842804, 0.0, 0.217567577958107, 0.0, 0.024748479947447777, 0.0, 0.00010532417945796624, 0.0, 0.23234865069389343, 0.010849825106561184, 0.013409302569925785, 0.00014604140596929938, 0.0, 0.0, 0.0, 0.0, 0.006120619829744101, 0.013134095817804337, 0.027483653277158737, 0.0, 0.09557817131280899, 0.00211897399276495, 0.0, 0.0, 0.07976048439741135, 0.0024522743187844753, 0.0, 0.21686632931232452, 0.055201515555381775], [0.0, 0.0, 0.0, 0.0, 0.0, 0.0, 0.025322938337922096, 0.009317572228610516, 0.0, 0.0, 0.0622374601662159, 0.0, 2.388850212097168, 1.318124771118164, 0.7949381470680237, 1.6547141075134277, 0.0, 0.0, 0.0, 0.0, 0.0, 0.0, 0.0, 0.0, 0.10556411743164062, 0.0, 0.0, 0.0, 3.6058690547943115, 1.8075411319732666, 0.37060797214508057, 9.569366455078125, 0.43682825565338135, 0.0, 0.3508315980434418, 0.2971149981021881, 1.888511061668396, 0.45519617199897766, 0.7837851643562317, 0.8197121024131775, 0.38794082403182983, 0.1866028606891632, 0.00041471808799542487, 0.2236117720603943, 36.12881088256836, 9.062769889831543, 13.078441619873047, 22.417306900024414, 0.0, 0.0, 0.31268271803855896, 0.0, 0.0, 0.0, 0.0, 0.0, 0.05070330575108528, 0.0010731298243626952, 0.0, 0.0, 0.0, 0.0, 0.0, 0.0, 0.0, 0.0, 0.0, 0.0, 0.0, 0.0, 0.0, 0.0, 0.0, 0.0003384465235285461, 0.0, 0.0, 0.0, 0.0, 0.0, 0.15327268838882446, 0.0, 0.0, 0.0, 0.0, 0.0, 0.0, 0.0, 0.0, 0.0, 0.09763157367706299, 0.0, 0.0, 0.0, 0.01431730855256319, 0.0, 0.0], [3.21415638923645, 4.309385299682617, 1.2469371557235718, 2.4572699069976807, 3.1469669342041016, 3.4616239070892334, 1.2477078437805176, 3.1252496242523193, 3.2049520015716553, 3.1273531913757324, 0.7449963092803955, 2.7923901081085205, 2.68341326713562, 4.233506679534912, 1.08528733253479, 4.131410598754883, 2.370365619659424, 1.985559105873108, 1.3710004091262817, 2.4270474910736084, 2.01934814453125, 2.3237059116363525, 1.5943857431411743, 3.014230728149414, 1.2016007900238037, 1.9734511375427246, 0.8853380084037781, 2.1766419410705566, 2.9159767627716064, 2.98005747795105, 1.374927282333374, 3.8565196990966797, 4.059329032897949, 3.8680803775787354, 16.858457565307617, 3.680858612060547, 4.699907302856445, 4.2403645515441895, 14.820259094238281, 5.4256062507629395, 5.374980449676514, 5.728740215301514, 16.144540786743164, 4.899013519287109, 0.949122428894043, 6.8120646476745605, 9.745415687561035, 3.5714032649993896, 0.95732182264328, 1.811557650566101, 1.4224746227264404, 1.079906940460205, 0.5371297001838684, 2.0109663009643555, 2.2153069972991943, 1.6809356212615967, 0.6033989787101746, 1.2605645656585693, 1.187852144241333, 0.898678183555603, 0.9243099093437195, 0.9539613723754883, 0.824268639087677, 1.1329423189163208, 2.394118547439575, 1.9386074542999268, 3.3712594509124756, 3.322978973388672, 1.1957011222839355, 2.451066732406616, 2.6597676277160645, 2.713026523590088, 2.8870153427124023, 1.5588780641555786, 2.45439076423645, 2.0041773319244385, 1.6790772676467896, 2.2803516387939453, 1.5749868154525757, 1.4440162181854248, 0.518528938293457, 0.5271806120872498, 0.9206061959266663, 0.781002938747406, 0.5178015232086182, 0.9791077971458435, 1.702721118927002, 1.8519127368927002, 0.5710214376449585, 0.7693622708320618, 1.2561349868774414, 0.7328399419784546, 0.6946516633033752, 0.890306293964386, 0.931583821773529, 1.4099684953689575]]
Time 1336.780210018158
