Created graph
[-7.0, -5, -3.0]
[-6.0, -5, -4.0]
[-4.5, -4.0, -3.5]
[-4.25, -4.0, -3.75]
[-4.125, -4.0, -3.875]
[-3.9375, -3.875, -3.8125]
10 4 25
Score: 73.2231
Signatures: [[2.6311075687408447, 3.3978919982910156, 1.1142101287841797, 1.981294870376587, 2.655137062072754, 2.8477249145507812, 1.065582275390625, 2.7005834579467773, 1.8563066720962524, 2.5360398292541504, 0.48670506477355957, 2.913541793823242, 3.021836757659912, 3.9888575077056885, 0.6642959117889404, 4.408061981201172, 2.4021799564361572, 1.5280427932739258, 1.518362283706665, 2.6010050773620605, 2.0104899406433105, 2.13200306892395, 0.8562945127487183, 3.03155779838562, 1.0657353401184082, 2.1129205226898193, 0.9923016428947449, 2.079721689224243, 7.555224895477295, 5.214020252227783, 1.2933884859085083, 10.445013999938965, 3.023374080657959, 2.293539047241211, 6.003061294555664, 2.6340229511260986, 3.451303005218506, 2.355917453765869, 5.126380443572998, 4.169576168060303, 3.1457955837249756, 2.9757425785064697, 5.0702595710754395, 3.738445997238159, 9.09622859954834, 6.78822660446167, 6.0382232666015625, 6.755346775054932, 0.7420514225959778, 1.0593689680099487, 0.9821501970291138, 0.5553752183914185, 0.612590491771698, 1.6653960943222046, 1.7237898111343384, 1.7612011432647705, 0.48888495564460754, 0.8456137776374817, 0.8254178166389465, 0.7430307269096375, 0.5992258191108704, 0.64955073595047, 0.4927234351634979, 1.1313538551330566, 1.633656620979309, 1.275534749031067, 1.5007696151733398, 2.097086191177368, 0.86292964220047, 1.8754760026931763, 1.7188071012496948, 2.1991896629333496, 1.8309128284454346, 1.181626558303833, 1.0429033041000366, 1.6787095069885254, 1.177024245262146, 1.3185217380523682, 0.688810408115387, 0.752666175365448, 0.23959942162036896, 0.5125799775123596, 0.8156688213348389, 0.5234494209289551, 0.37096667289733887, 0.7802966833114624, 1.2570586204528809, 1.4139811992645264, 0.3162056505680084, 0.5982643961906433, 1.0052824020385742, 0.5577666163444519, 0.6696423888206482, 0.7760882377624512, 0.6475574374198914, 0.985532283782959], [2.169992685317993, 2.9919142723083496, 0.8019955158233643, 1.6478878259658813, 2.1189169883728027, 2.2668933868408203, 0.8622393608093262, 2.1094729900360107, 2.3937830924987793, 2.089432716369629, 0.6029492616653442, 1.6986749172210693, 2.030407190322876, 3.082962989807129, 0.9591450095176697, 2.8086507320404053, 1.5305966138839722, 1.3850853443145752, 0.8249596953392029, 1.4629815816879272, 1.2897157669067383, 1.459588885307312, 1.2528704404830933, 1.9168246984481812, 0.8258215188980103, 1.1593685150146484, 0.520757257938385, 1.414129376411438, 1.3057811260223389, 1.556768774986267, 0.9908148050308228, 2.0400261878967285, 3.0700480937957764, 2.958646774291992, 14.388040542602539, 2.7457046508789062, 3.772786855697632, 3.4848523139953613, 13.046150207519531, 4.10357666015625, 4.311065196990967, 4.572283744812012, 14.086407661437988, 3.601741313934326, 3.5357699394226074, 5.7519049644470215, 9.370450973510742, 4.317717552185059, 0.6433990001678467, 1.3754066228866577, 1.1412174701690674, 0.8603408336639404, 0.3286130130290985, 1.3393645286560059, 1.512406349182129, 0.9828333258628845, 0.4309292435646057, 0.9076908230781555, 0.8403493762016296, 0.6285989880561829, 0.6761735677719116, 0.7154276371002197, 0.6185595989227295, 0.6807300448417664, 1.7498161792755127, 1.3973767757415771, 2.76680588722229, 2.5268714427948, 0.8544338345527649, 1.7455496788024902, 1.9780961275100708, 1.8118524551391602, 2.1458499431610107, 1.1132595539093018, 2.00530743598938, 1.411676049232483, 1.2139818668365479, 1.6896239519119263, 1.257698893547058, 1.1984838247299194, 0.4255456030368805, 0.3208989202976227, 0.5973722338676453, 0.5702921152114868, 0.3638686239719391, 0.6737828850746155, 1.1576111316680908, 1.2895417213439941, 0.4262425899505615, 0.5723447203636169, 0.8522518873214722, 0.5121773481369019, 0.4380131959915161, 0.6103276014328003, 0.7021560668945312, 1.0428352355957031], [0.0, 0.0, 0.0, 0.0, 0.0, 0.0, 0.0, 0.0, 0.0, 0.0, 0.0, 0.0, 4.195666790008545, 1.098542332649231, 0.74137943983078, 1.595947504043579, 0.0, 0.0, 0.0, 0.0, 0.0, 0.0, 0.0, 0.0, 0.0, 0.0, 0.0, 0.0, 15.001885414123535, 4.981200218200684, 0.8455637693405151, 24.22270965576172, 0.0, 0.0, 0.0, 0.006702844984829426, 1.2047886848449707, 0.004281653091311455, 0.0, 0.14229325950145721, 0.0028561954386532307, 0.0, 0.0, 0.0, 48.697967529296875, 10.280506134033203, 12.465312957763672, 24.90855598449707, 0.0, 0.0, 0.07846139371395111, 0.0, 0.0, 0.0, 0.0, 0.0, 0.0, 0.0, 0.0, 0.0, 0.0, 0.0, 0.0, 0.0, 0.0, 0.0, 0.0, 0.0, 0.0, 0.0, 0.0, 0.0, 0.0, 0.0, 0.0, 0.0, 0.0, 0.0, 0.0, 0.006820891052484512, 0.0, 0.0, 0.0, 0.0, 0.0, 0.0, 0.0, 0.0, 0.0, 0.00014701718464493752, 0.0, 0.0, 0.0, 0.0, 0.0, 0.0], [0.0, 0.050597526133060455, 0.0, 0.0, 0.0, 0.0, 0.0, 0.0, 0.0, 0.0, 0.11084099858999252, 0.0, 4.111395359039307, 1.2381378412246704, 0.543674886226654, 1.3166139125823975, 0.03684929758310318, 0.17059583961963654, 0.17560459673404694, 0.0, 0.36615943908691406, 0.0, 0.0, 0.588951587677002, 0.10011158883571625, 0.0, 0.0, 0.23282009363174438, 25.754196166992188, 8.273219108581543, 2.1995885372161865, 30.458045959472656, 0.40921714901924133, 0.0, 0.0, 0.0, 1.1503667831420898, 0.0, 0.0, 0.0, 0.019684944301843643, 0.0, 0.0, 0.29801154136657715, 28.420665740966797, 6.5399603843688965, 6.0187153816223145, 12.224072456359863, 0.0, 0.0, 0.14675934612751007, 0.0, 0.34550487995147705, 0.0, 0.0, 0.0, 0.04590753838419914, 0.0, 0.0, 0.0, 0.0, 0.0, 0.0, 0.0, 0.0, 0.0, 0.24722763895988464, 5.8262066886527464e-05, 0.0, 0.14169856905937195, 0.0, 0.0, 0.0, 0.0, 0.0, 0.08511993288993835, 0.0, 0.020034994930028915, 0.0, 0.0, 0.0, 0.0, 0.0, 0.0, 0.0, 0.0, 0.0, 0.027989400550723076, 0.01387584488838911, 0.0, 0.0, 0.0822998657822609, 0.0, 0.0, 0.23971396684646606, 0.0061011845245957375]]
Time 903.9994447231293
