Created graph
[-7.0, -5, -3.0]
[-6.0, -5, -4.0]
[-4.5, -4.0, -3.5]
[-3.75, -3.5, -3.25]
[-3.875, -3.75, -3.625]
[-3.8125, -3.75, -3.6875]
1 3 150
Score: 73.209435
Signatures: [[3.0774946212768555, 4.126441478729248, 1.1822149753570557, 2.366464376449585, 3.0337841510772705, 3.3918659687042236, 1.2036970853805542, 3.0416479110717773, 3.1778523921966553, 3.061277151107788, 0.719480574131012, 2.687485933303833, 2.573681116104126, 4.1192626953125, 1.0759656429290771, 4.013889312744141, 2.2615432739257812, 1.8808337450027466, 1.2854197025299072, 2.3133809566497803, 1.9157778024673462, 2.261226177215576, 1.5561704635620117, 2.826141357421875, 1.164147138595581, 1.9061899185180664, 0.8416799306869507, 2.0393643379211426, 2.211256504058838, 2.700495481491089, 1.275356650352478, 2.9508841037750244, 3.9727084636688232, 3.7709031105041504, 16.64334487915039, 3.645129442214966, 4.602175235748291, 4.168272018432617, 14.601841926574707, 5.332815647125244, 5.288540840148926, 5.728268623352051, 15.947272300720215, 4.7622857093811035, 1.285231113433838, 6.755873680114746, 9.903107643127441, 3.9781479835510254, 0.9482308030128479, 1.7679723501205444, 1.3896583318710327, 1.0565590858459473, 0.4962301552295685, 1.9708350896835327, 2.150177478790283, 1.6021908521652222, 0.5893829464912415, 1.2228087186813354, 1.149459958076477, 0.8600443005561829, 0.9153279066085815, 0.9158916473388672, 0.7907215356826782, 1.1092884540557861, 2.3212857246398926, 1.8871337175369263, 3.24857234954834, 3.2052934169769287, 1.1797888278961182, 2.3789665699005127, 2.6280477046966553, 2.618778705596924, 2.8959567546844482, 1.5395057201385498, 2.447263240814209, 1.9313573837280273, 1.6655678749084473, 2.2124404907226562, 1.5698189735412598, 1.4366315603256226, 0.5058267116546631, 0.5119824409484863, 0.8814721703529358, 0.7451758980751038, 0.49572935700416565, 0.937835156917572, 1.6631420850753784, 1.767593502998352, 0.5440924763679504, 0.7526920437812805, 1.2277438640594482, 0.685879647731781, 0.6768985986709595, 0.8807646632194519, 0.8714153170585632, 1.3438174724578857], [0.17738935351371765, 0.45653003454208374, 0.08742495626211166, 0.11017455160617828, 0.17400895059108734, 0.0, 0.1048927828669548, 0.23436658084392548, 0.0, 0.0, 0.1587134152650833, 0.2114328294992447, 5.040690898895264, 1.8703515529632568, 0.4924975633621216, 2.149940252304077, 0.4057745933532715, 0.3386949598789215, 0.3655615746974945, 0.31198838353157043, 0.6248064041137695, 0.004125448875129223, 0.0, 0.9238556623458862, 0.23023803532123566, 0.09047578275203705, 0.12503159046173096, 0.5006441473960876, 30.59751319885254, 10.198362350463867, 2.516359806060791, 35.573307037353516, 0.6934499740600586, 0.04045717418193817, 0.04635664448142052, 0.19738271832466125, 1.2250229120254517, 0.00437008636072278, 0.0, 0.33649370074272156, 0.3768504559993744, 0.0, 0.0, 0.7258354425430298, 28.5152530670166, 6.896607398986816, 5.393456935882568, 10.685708999633789, 0.0, 0.019871659576892853, 0.18038058280944824, 0.0, 0.3815110921859741, 0.0, 0.02352105639874935, 0.17069722712039948, 0.09089751541614532, 0.05371534824371338, 0.04457321763038635, 0.06396239995956421, 0.0, 0.07634370028972626, 0.048992615193128586, 0.009605183266103268, 0.10566588491201401, 0.08614999800920486, 0.3205360174179077, 0.21359500288963318, 0.0, 0.30445218086242676, 0.0, 0.1335446983575821, 0.0, 0.0, 0.0, 0.32330620288848877, 0.0333162285387516, 0.082305908203125, 0.0, 0.0, 0.0, 0.0014416013145819306, 0.035769011825323105, 0.03165654093027115, 0.03277480602264404, 0.0656871348619461, 0.0, 0.17267081141471863, 0.03042530082166195, 0.0, 0.002803244162350893, 0.1301385909318924, 0.011834043078124523, 0.0, 0.3037067949771881, 0.10934174060821533], [0.0, 0.0, 0.0, 0.0, 0.0, 0.0, 0.0, 0.0, 0.0, 0.0, 0.00013143857358954847, 0.0, 2.3645405769348145, 0.7022449374198914, 0.774409830570221, 1.1374760866165161, 0.0, 0.0, 0.0, 0.0, 0.0, 0.0, 0.0, 0.0, 0.0, 0.0, 0.0, 0.0, 3.002856731414795, 1.0048807859420776, 0.05260637030005455, 10.499039649963379, 0.04395361989736557, 0.0, 0.28845155239105225, 0.12736521661281586, 1.4302053451538086, 0.387278288602829, 0.7222618460655212, 0.44765937328338623, 0.10040377825498581, 0.07110109180212021, 0.0, 0.0, 42.20166778564453, 9.145550727844238, 12.814791679382324, 24.778076171875, 0.0, 0.0, 0.18928371369838715, 0.0, 0.0, 0.0, 0.0, 0.0, 0.0, 0.0, 0.0, 0.0, 0.0, 0.0, 0.0, 0.0, 0.0, 0.0, 0.0, 0.0, 0.0, 0.0, 0.0, 0.0, 0.0, 0.0, 0.0, 0.0, 0.0, 0.0, 0.0, 0.11591695994138718, 0.0, 0.0, 0.0, 0.0, 0.0, 0.0, 0.0, 0.0, 0.0, 0.08333729207515717, 0.0, 0.0, 0.0, 0.010399331338703632, 0.0, 0.0]]
Time 1339.2964162826538
