Created graph
[-7.0, -5, -3.0]
[-6.0, -5, -4.0]
[-4.5, -4.0, -3.5]
[-4.25, -4.0, -3.75]
[-4.125, -4.0, -3.875]
[-3.9375, -3.875, -3.8125]
30 3 10
Score: 75.47742
Signatures: [[3.3687663078308105, 4.604349613189697, 1.2972793579101562, 2.5509610176086426, 3.227806806564331, 3.4687697887420654, 1.3102654218673706, 3.246656656265259, 3.1275010108947754, 3.211193323135376, 0.8202265501022339, 2.95560622215271, 3.3499441146850586, 4.816484451293945, 1.2685866355895996, 4.792181015014648, 2.5344982147216797, 2.1186962127685547, 1.4665921926498413, 2.5901291370391846, 2.096057176589966, 2.4027998447418213, 1.658713698387146, 3.2291927337646484, 1.3149179220199585, 2.0631351470947266, 0.9325804114341736, 2.341604471206665, 4.747753620147705, 3.7281136512756348, 1.6448378562927246, 6.6799845695495605, 4.427734851837158, 3.991016387939453, 16.977182388305664, 3.794145345687866, 5.343455791473389, 4.5337395668029785, 15.351978302001953, 5.83129358291626, 5.5779876708984375, 5.557453632354736, 16.057458877563477, 5.154388427734375, 7.262218475341797, 8.75671672821045, 12.187284469604492, 7.070152759552002, 0.9307062029838562, 1.8699053525924683, 1.5788629055023193, 1.1170963048934937, 0.5714057683944702, 2.0830812454223633, 2.2966156005859375, 1.731155514717102, 0.6738830804824829, 1.2969523668289185, 1.2549487352371216, 0.9572039842605591, 0.9087395071983337, 1.0166391134262085, 0.865108847618103, 1.1332650184631348, 2.3919224739074707, 1.939082145690918, 3.5243287086486816, 3.4428627490997314, 1.1737604141235352, 2.3521485328674316, 2.689098834991455, 2.672947406768799, 2.636310338973999, 1.5685323476791382, 2.2740890979766846, 2.0763514041900635, 1.549688458442688, 2.18738055229187, 1.4195903539657593, 1.513195276260376, 0.5443508625030518, 0.5311347842216492, 0.9640570878982544, 0.8238062262535095, 0.5412300229072571, 1.0190171003341675, 1.7138066291809082, 1.9210838079452515, 0.587539553642273, 0.8363776803016663, 1.2712713479995728, 0.7800408601760864, 0.716224193572998, 0.9056236147880554, 1.0212970972061157, 1.4816864728927612], [0.0, 0.035267990082502365, 6.140370533103123e-05, 0.0, 0.0, 0.0, 6.6058737502316944e-06, 0.022304384037852287, 0.0, 0.0, 0.06323720514774323, 0.0, 5.301653861999512, 1.5403200387954712, 0.5926271677017212, 1.872614860534668, 0.16053256392478943, 0.10698411613702774, 0.1983855962753296, 0.04575490951538086, 0.42219364643096924, 0.0, 0.0, 0.5987308621406555, 0.10808677971363068, 0.0, 0.013514331541955471, 0.17691580951213837, 29.094696044921875, 9.581022262573242, 2.325570583343506, 35.71228790283203, 0.3917975127696991, 0.0, 0.0, 0.03613300994038582, 0.9493880867958069, 0.0, 0.0, 0.0700984075665474, 0.06187673285603523, 0.0, 0.0, 0.2118363231420517, 37.311676025390625, 8.433819770812988, 7.8523478507995605, 16.168739318847656, 0.0, 0.0, 0.22043901681900024, 0.0, 0.3698560297489166, 0.0, 0.0, 0.014612950384616852, 0.021341415122151375, 0.0, 0.0, 0.0, 0.0, 0.0001014292793115601, 0.0, 0.0, 0.0001458108308725059, 0.0, 0.05290238931775093, 0.0, 0.0, 0.18226775527000427, 0.0, 8.157158299582079e-05, 0.0, 0.0, 0.0, 0.10831388831138611, 0.014458966441452503, 0.00018827238818630576, 9.263698302675039e-05, 0.0, 0.0, 0.0, 0.0, 0.0, 0.0, 0.0, 0.0, 0.014034204185009003, 0.0, 0.0, 0.0, 0.04064194858074188, 0.0, 0.0, 0.11110123991966248, 0.00023931417672429234], [0.0, 0.0, 0.0, 0.0, 0.0, 0.0, 8.439811790594831e-05, 0.0, 0.0, 0.0, 0.03062683343887329, 0.0, 3.0381829738616943, 0.9428120851516724, 0.6973129510879517, 1.196982502937317, 0.0, 0.0, 0.0, 0.0, 0.0, 0.0, 0.0, 0.0, 0.0, 0.0, 0.0, 0.0, 10.138086318969727, 3.4962005615234375, 0.48445120453834534, 18.32377052307129, 0.00017324737564194947, 0.0, 0.0, 0.026117105036973953, 1.4173667430877686, 0.009693043306469917, 0.0, 0.21332453191280365, 0.04264608025550842, 0.001675144420005381, 0.0, 0.05050738528370857, 42.25437927246094, 8.94273567199707, 11.111185073852539, 22.877788543701172, 0.0, 0.0, 0.0076007479801774025, 0.0, 0.0, 0.0, 0.0, 0.0, 0.0, 0.0, 0.0, 0.0, 0.0, 0.0, 0.0, 0.0, 0.0, 0.0, 0.0, 0.0, 0.0, 0.0, 0.0, 0.0, 0.0, 0.0, 0.0, 0.0, 0.0, 0.0, 0.0, 0.024821117520332336, 0.0, 0.0, 0.0, 0.0, 0.0, 0.0, 0.0, 0.0, 0.0, 0.002661211183294654, 0.0, 0.0, 0.0, 0.0, 0.060113150626420975, 0.0]]
Time 596.9403171539307
