Created graph
[-7.0, -5, -3.0]
[-6.0, -5, -4.0]
[-4.5, -4.0, -3.5]
[-4.25, -4.0, -3.75]
[-3.875, -3.75, -3.625]
[-3.9375, -3.875, -3.8125]
10 3 25
Score: 72.62657
Signatures: [[0.0027382527478039265, 0.10214214026927948, 0.0032904583495110273, 2.1224463125690818e-05, 0.012027299031615257, 0.0, 0.026448847725987434, 0.01927175186574459, 0.0, 0.0, 0.0846775472164154, 0.04914779216051102, 4.9329376220703125, 1.1856931447982788, 0.6389820575714111, 1.4711971282958984, 0.15005742013454437, 0.17926082015037537, 0.2028743475675583, 0.11591636389493942, 0.2991710901260376, 0.0, 0.0, 0.443731427192688, 0.056766074150800705, 0.0, 0.04778922349214554, 0.2800418436527252, 27.942550659179688, 8.824913024902344, 1.903095006942749, 36.232261657714844, 0.17481687664985657, 0.0, 0.0, 0.01806439459323883, 0.9414315223693848, 0.0, 0.0, 0.02993513084948063, 0.10472340136766434, 0.0, 0.0, 0.2416466325521469, 42.72500991821289, 8.719865798950195, 8.029239654541016, 18.428272247314453, 0.0, 0.0, 0.04230209067463875, 0.0, 0.2589467465877533, 0.0, 0.0, 0.036576054990291595, 0.016859890893101692, 0.0, 0.0, 0.010403904132544994, 0.0, 0.01587548851966858, 0.0, 0.0, 0.0039175874553620815, 0.0030537722632288933, 0.15590029954910278, 0.0316031239926815, 0.0, 0.17276501655578613, 0.0, 0.004121186677366495, 0.0, 0.0, 0.0, 0.19446809589862823, 0.010143727995455265, 0.00428882148116827, 0.0, 0.0, 0.0, 0.0, 0.0, 6.591051715076901e-06, 0.007288383785635233, 0.007875404320657253, 0.0, 0.03977268189191818, 0.0, 0.0, 0.0, 0.05747039616107941, 0.0, 0.0, 0.12014667689800262, 0.02110893279314041], [0.0, 0.0, 0.0, 0.0, 0.0, 0.0, 0.005487948190420866, 0.11080306023359299, 0.0, 0.0, 0.05232764035463333, 0.0, 3.758944034576416, 1.7284780740737915, 0.7762051224708557, 2.0846145153045654, 0.09182969480752945, 0.0, 0.0, 0.0, 0.1903037428855896, 0.0, 0.0, 0.23284457623958588, 0.155771404504776, 0.0, 0.0, 0.0, 11.487814903259277, 4.565299034118652, 1.0947984457015991, 17.803495407104492, 0.5884923934936523, 0.0, 9.444580791750923e-05, 0.2583622932434082, 1.923785924911499, 0.32019856572151184, 0.05314137041568756, 0.6944495439529419, 0.2541215717792511, 0.006527296733111143, 0.0, 0.35410138964653015, 38.44034957885742, 9.629600524902344, 12.402010917663574, 21.86539077758789, 0.0, 0.0, 0.33683255314826965, 0.0, 0.08775416016578674, 0.0, 0.0, 0.0, 0.04375647380948067, 0.0007979361689649522, 0.0, 0.0, 0.0, 0.0, 0.0, 0.0, 0.0, 0.0, 0.0, 0.0, 0.0, 0.0, 0.0, 0.0, 0.0, 0.0, 0.0, 0.0, 0.0, 0.0, 0.0, 0.07654836773872375, 0.0, 0.0, 0.0, 0.0, 0.0, 0.0, 0.0, 0.0, 0.0, 0.052330296486616135, 0.0, 0.0, 0.0, 9.707191566121764e-07, 0.106116384267807, 0.0], [3.08944034576416, 4.13549280166626, 1.1932010650634766, 2.3477394580841064, 3.0109517574310303, 3.266059160232544, 1.2107973098754883, 2.9697721004486084, 3.0170974731445312, 2.956804037094116, 0.7390475869178772, 2.696608781814575, 2.9140758514404297, 4.2797346115112305, 1.1291139125823975, 4.2109503746032715, 2.2854909896850586, 1.9237109422683716, 1.3438307046890259, 2.3361005783081055, 1.9268947839736938, 2.203587293624878, 1.5244897603988647, 2.921443223953247, 1.1723791360855103, 1.888113260269165, 0.8518229722976685, 2.128507614135742, 3.8861312866210938, 3.253896713256836, 1.4173654317855835, 5.581582069396973, 3.9611544609069824, 3.7139434814453125, 16.004467010498047, 3.535081148147583, 4.746862888336182, 4.1167073249816895, 14.354425430297852, 5.293787002563477, 5.176370143890381, 5.4513983726501465, 15.312359809875488, 4.724996566772461, 5.614557266235352, 7.60618782043457, 10.829312324523926, 5.818142414093018, 0.895980715751648, 1.73491370677948, 1.4091836214065552, 1.0351601839065552, 0.5227742195129395, 1.9117416143417358, 2.1110446453094482, 1.6052625179290771, 0.5965474247932434, 1.2099168300628662, 1.1359933614730835, 0.8735854029655457, 0.8717976212501526, 0.9377727508544922, 0.7872785925865173, 1.0621962547302246, 2.2836549282073975, 1.8455041646957397, 3.265469789505005, 3.1884348392486572, 1.123201847076416, 2.3357248306274414, 2.521505355834961, 2.558598518371582, 2.6903579235076904, 1.4765836000442505, 2.299582004547119, 1.9230233430862427, 1.57537043094635, 2.143611431121826, 1.4666184186935425, 1.4104571342468262, 0.4963184893131256, 0.499072790145874, 0.8746886253356934, 0.7482436895370483, 0.49370649456977844, 0.9428564310073853, 1.598953366279602, 1.7769743204116821, 0.5426132082939148, 0.7626266479492188, 1.1888413429260254, 0.7129334807395935, 0.6612603664398193, 0.8498766422271729, 0.9169628024101257, 1.36074960231781]]
Time 1206.7260460853577
