Created graph
[-7.0, -5, -3.0]
[-6.0, -5, -4.0]
[-4.5, -4.0, -3.5]
[-4.25, -4.0, -3.75]
[-3.875, -3.75, -3.625]
[-3.8125, -3.75, -3.6875]
30 4 5
Score: 71.389565
Signatures: [[3.6513845920562744, 4.692425727844238, 1.3112460374832153, 2.7910091876983643, 3.7236335277557373, 3.907829523086548, 1.3254475593566895, 3.348572254180908, 2.060784101486206, 3.250684976577759, 0.4726123809814453, 3.7067008018493652, 3.62813401222229, 5.209141731262207, 0.6695597767829895, 6.721562385559082, 3.1787962913513184, 2.334716796875, 2.2953102588653564, 3.5741350650787354, 3.0005242824554443, 3.1086347103118896, 1.0289580821990967, 4.187449932098389, 1.523043155670166, 2.696603775024414, 1.2831467390060425, 2.978651762008667, 7.509830951690674, 6.697253227233887, 1.6748390197753906, 12.233236312866211, 3.295454502105713, 2.5667004585266113, 3.225006103515625, 2.9151530265808105, 3.6096277236938477, 2.6165082454681396, 1.1364952325820923, 4.993224143981934, 2.8021624088287354, 2.203000783920288, 0.6706947684288025, 4.278122425079346, 5.258695125579834, 6.460103988647461, 1.8943836688995361, 5.552489280700684, 0.7458900809288025, 1.408071756362915, 1.0425591468811035, 0.4380205571651459, 0.9369446635246277, 2.544734477996826, 2.4054830074310303, 2.6272356510162354, 0.5990018248558044, 1.159713864326477, 1.073175311088562, 0.8949913382530212, 0.5601653456687927, 0.7935189604759216, 0.5835857391357422, 1.3180608749389648, 1.60512113571167, 1.7042683362960815, 1.7074021100997925, 2.4323294162750244, 0.7440887093544006, 2.054349899291992, 2.0259814262390137, 2.421147584915161, 1.377273440361023, 1.1012177467346191, 0.5700253844261169, 2.1148221492767334, 1.080063819885254, 1.780691146850586, 0.8198927044868469, 0.8598109483718872, 0.20876266062259674, 0.6479896903038025, 1.0667424201965332, 0.6927638649940491, 0.5226424932479858, 0.8321077823638916, 1.8066473007202148, 1.8512128591537476, 0.43938329815864563, 0.8723916411399841, 1.4612913131713867, 0.8085222840309143, 0.7753913998603821, 0.7254791855812073, 1.0389891862869263, 1.0699880123138428], [1.7310024499893188, 2.419339656829834, 0.702431321144104, 1.3139309883117676, 1.6696243286132812, 1.8253426551818848, 0.7298455238342285, 1.7745267152786255, 2.332867383956909, 1.7983115911483765, 0.5923973321914673, 1.328676462173462, 1.3967818021774292, 2.5169286727905273, 0.8493991494178772, 1.711727499961853, 1.165357232093811, 1.1279387474060059, 0.508651077747345, 1.0220892429351807, 0.8210388422012329, 1.0401744842529297, 1.2072513103485107, 1.4572744369506836, 0.6661803126335144, 0.8738160133361816, 0.3869609236717224, 1.0697555541992188, 0.0, 0.463375985622406, 0.7613357901573181, 0.0, 2.904837131500244, 2.8834762573242188, 15.639715194702148, 2.5201399326324463, 3.4999070167541504, 3.3284060955047607, 14.618030548095703, 3.611316442489624, 4.3509202003479, 4.832817077636719, 16.092527389526367, 3.363245725631714, 0.0, 4.69910192489624, 9.397260665893555, 2.036700963973999, 0.6325827836990356, 1.2275928258895874, 1.0709375143051147, 0.905248761177063, 0.16408556699752808, 0.9594309329986572, 1.1965818405151367, 0.6039782166481018, 0.39176279306411743, 0.7961384057998657, 0.7586511373519897, 0.5467832684516907, 0.681529700756073, 0.6543349623680115, 0.5902284979820251, 0.5527286529541016, 1.7571395635604858, 1.189988136291504, 2.6893527507781982, 2.3725528717041016, 0.8831697702407837, 1.6325702667236328, 1.803618311882019, 1.66916024684906, 2.2692623138427734, 1.0986371040344238, 2.172013759613037, 1.191377878189087, 1.197403907775879, 1.5042483806610107, 1.201427698135376, 1.1271215677261353, 0.4482562839984894, 0.257164865732193, 0.4821193218231201, 0.5102481245994568, 0.3162950873374939, 0.6496760845184326, 0.9685551524162292, 1.1137564182281494, 0.3990161418914795, 0.45994672179222107, 0.6654248833656311, 0.4130896031856537, 0.3828594386577606, 0.591464102268219, 0.5515412092208862, 1.0038691759109497], [0.0, 0.0, 0.0, 0.0, 0.0, 0.0, 0.0, 0.0, 0.0, 0.0, 0.0008938131504692137, 0.0, 3.241501569747925, 1.0128873586654663, 0.8868727684020996, 1.6523792743682861, 0.0, 0.0, 0.0, 0.0, 0.0, 0.0, 0.0, 0.0, 0.017528805881738663, 0.0, 0.0, 0.0, 7.662708282470703, 2.718949317932129, 0.42117032408714294, 15.937030792236328, 0.15196536481380463, 0.0, 0.0, 0.07882765680551529, 1.343529224395752, 0.17068901658058167, 0.6868987083435059, 0.267903208732605, 0.1997528374195099, 0.04949603229761124, 0.0, 0.0004406923253554851, 45.796295166015625, 10.209415435791016, 13.556699752807617, 26.036909103393555, 0.0, 0.0, 0.2206117808818817, 0.0, 0.0, 0.0, 0.0, 0.0, 0.006322276778519154, 0.0, 0.0, 0.0, 0.0, 0.0, 0.0, 0.0, 0.0, 0.0, 0.0, 0.0, 0.0, 0.0, 0.0, 0.0, 0.0, 0.0, 0.0, 0.0, 0.0, 0.0, 0.0, 0.05401887744665146, 0.0, 0.0, 0.0, 0.0, 0.0, 0.0, 0.0, 0.0, 0.0, 0.0043540410697460175, 0.0, 0.0, 0.0, 0.0, 0.0, 0.0], [0.0, 0.0, 0.0, 0.0, 0.0, 0.0, 0.0, 0.0, 0.0, 0.0, 0.10717388242483139, 0.0, 3.9576528072357178, 0.8589456677436829, 0.27319443225860596, 0.47591784596443176, 0.0, 0.0, 0.0, 0.0, 0.19570042192935944, 0.0, 0.0, 0.22800669074058533, 0.0, 0.0, 0.0, 0.0, 28.411739349365234, 8.522337913513184, 2.2186989784240723, 31.051877975463867, 0.23847240209579468, 0.0, 0.7276343107223511, 0.0, 0.8337223529815674, 0.0, 0.05805652588605881, 0.0, 0.07046910375356674, 0.0, 0.3309454917907715, 0.14628919959068298, 22.26449203491211, 4.629978656768799, 3.8410913944244385, 6.8253960609436035, 0.0, 0.0, 0.0, 0.0, 0.25400444865226746, 0.0, 0.0, 0.0, 0.0, 0.0, 0.0, 0.0, 0.0, 0.0, 0.0, 0.0, 0.0, 0.0, 0.23064634203910828, 0.0, 0.0, 0.11626908928155899, 0.0, 0.0, 0.0, 0.0, 0.0, 0.01924487203359604, 0.0, 0.0, 0.0, 0.0, 0.0, 0.0, 0.0, 0.0, 0.0, 0.0, 0.0, 0.0, 0.0, 0.0, 0.0, 0.02152934856712818, 0.0, 0.0, 0.15594661235809326, 0.008394970558583736]]
Time 891.6555070877075
