Created graph
[-7.0, -5, -3.0]
[-6.0, -5, -4.0]
[-4.5, -4.0, -3.5]
[-4.25, -4.0, -3.75]
[-4.125, -4.0, -3.875]
[-4.1875, -4.125, -4.0625]
30 3 100
Score: 107.111946
Signatures: [[0.4814240634441376, 1.2103601694107056, 0.1112438440322876, 0.43905913829803467, 0.38659748435020447, 0.24434471130371094, 0.28995436429977417, 0.8265526294708252, 0.40681716799736023, 0.40894773602485657, 0.30623945593833923, 0.5294138193130493, 4.6132049560546875, 2.076965093612671, 0.8293059468269348, 2.2221224308013916, 1.019050121307373, 0.1339583694934845, 0.36921289563179016, 0.36832624673843384, 0.2976641058921814, 0.47735151648521423, 0.2426711916923523, 0.6744135022163391, 0.5291426777839661, 0.3084528148174286, 0.17136278748512268, 0.19140590727329254, 18.767175674438477, 6.643495559692383, 1.4891940355300903, 26.84345054626465, 1.492266297340393, 0.7611141800880432, 2.8299803733825684, 0.8739241361618042, 2.339488983154297, 0.8773373961448669, 3.4730892181396484, 1.2956596612930298, 1.3259384632110596, 1.2568385601043701, 2.3412232398986816, 1.659911036491394, 35.910133361816406, 9.840179443359375, 10.961363792419434, 17.817052841186523, 0.05063154175877571, 0.7602970600128174, 0.2617749273777008, 0.09746123105287552, 0.2539884150028229, 0.19005274772644043, 0.4358406960964203, 0.1868923008441925, 0.22332808375358582, 0.3639073967933655, 0.12982043623924255, 0.13321512937545776, 0.031331971287727356, 0.19359825551509857, 0.3381270170211792, 0.31814104318618774, 0.44093194603919983, 0.4229889214038849, 0.8053678274154663, 0.8677682280540466, 0.1994524449110031, 0.3511184751987457, 0.3584454655647278, 0.8658327460289001, 0.44783785939216614, 0.48645898699760437, 0.4022669792175293, 0.5554931163787842, 0.18676501512527466, 0.3083232045173645, 0.26412761211395264, 0.3403097689151764, 0.0, 0.15967608988285065, 0.22167755663394928, 0.11273620277643204, 0.0, 0.20918110013008118, 0.11456537991762161, 0.10635984688997269, 0.050366632640361786, 0.286894828081131, 0.14521275460720062, 0.0, 0.11934930086135864, 0.18494188785552979, 0.7931768894195557, 0.2363305240869522], [2.277827501296997, 2.993577718734741, 0.8826610445976257, 1.6654030084609985, 2.1452927589416504, 2.2346389293670654, 0.8483117818832397, 2.021054744720459, 2.1506857872009277, 2.072089910507202, 0.6597117781639099, 1.8283928632736206, 3.964719772338867, 3.9396140575408936, 1.185997724533081, 3.7083053588867188, 1.6308141946792603, 1.6038522720336914, 0.9305621981620789, 1.7056301832199097, 1.4699732065200806, 1.518367052078247, 1.1928915977478027, 2.1479837894439697, 0.851751983165741, 1.4108867645263672, 0.621334433555603, 1.5082446336746216, 10.931685447692871, 5.152564525604248, 1.743848204612732, 15.464033126831055, 3.1640684604644775, 2.757439613342285, 12.09937858581543, 2.475308418273926, 4.274621963500977, 3.277074098587036, 10.986434936523438, 4.070450305938721, 3.8432962894439697, 3.650545597076416, 11.559755325317383, 3.5473275184631348, 21.497156143188477, 9.681642532348633, 12.328426361083984, 12.672715187072754, 0.6475517749786377, 1.2604316473007202, 1.262091040611267, 0.8182880878448486, 0.45395025610923767, 1.3797096014022827, 1.5546783208847046, 1.191290259361267, 0.46700912714004517, 0.8694388270378113, 0.7818157076835632, 0.7244481444358826, 0.6706748008728027, 0.6963216662406921, 0.5750733017921448, 0.7078499794006348, 1.699170708656311, 1.282616138458252, 2.5108187198638916, 2.497626543045044, 0.7678427696228027, 1.5388323068618774, 1.9466521739959717, 1.6414363384246826, 1.666965365409851, 1.0432136058807373, 1.5491193532943726, 1.4401185512542725, 0.9677004218101501, 1.4724457263946533, 0.9607176184654236, 1.0229591131210327, 0.45626896619796753, 0.34425118565559387, 0.69344562292099, 0.5819467306137085, 0.4000898599624634, 0.6680297255516052, 1.1689112186431885, 1.3077467679977417, 0.3968046009540558, 0.5462231636047363, 0.8846791386604309, 0.6391919255256653, 0.5009439587593079, 0.6357565522193909, 0.7019588351249695, 1.0231516361236572], [0.23704445362091064, 0.840742290019989, 0.009828359819948673, 0.26150622963905334, 0.4076603949069977, 0.16514788568019867, 0.2263157069683075, 0.6486703157424927, 0.0, 0.2822588086128235, 0.0, 0.5001408457756042, 5.254838466644287, 1.8678933382034302, 0.7850152850151062, 2.7296955585479736, 0.13493111729621887, 0.07489418983459473, 0.3647230863571167, 0.30058470368385315, 0.7180660963058472, 0.18204082548618317, 0.05953343212604523, 1.1232788562774658, 0.09331405162811279, 0.06270001828670502, 0.00946543924510479, 0.8122997879981995, 22.84698486328125, 8.036892890930176, 1.7408987283706665, 32.88361358642578, 0.30184245109558105, 0.2805993854999542, 1.4040197134017944, 0.789570152759552, 1.850571870803833, 0.6185007095336914, 1.8752939701080322, 0.9264596700668335, 0.7566524744033813, 0.6509718894958496, 1.0073890686035156, 0.5770444869995117, 43.79381561279297, 10.811493873596191, 11.744606018066406, 22.08513069152832, 0.0, 0.0, 0.2755832076072693, 0.02171790599822998, 0.258629709482193, 0.13875404000282288, 0.10401254892349243, 0.0, 0.08508595079183578, 0.0, 0.2653964161872864, 0.03677365183830261, 0.0, 0.14798995852470398, 0.08982226252555847, 0.07779785990715027, 0.024867665022611618, 0.1449853628873825, 0.3413562476634979, 0.4419200122356415, 0.30470502376556396, 0.6669296026229858, 0.07209959626197815, 0.14572732150554657, 0.19249257445335388, 0.08420133590698242, 0.19791938364505768, 0.3980694115161896, 0.49009424448013306, 0.16808316111564636, 0.1000085175037384, 0.1739158183336258, 0.0, 0.0, 0.0, 0.10409440845251083, 0.0, 0.17654436826705933, 0.0, 0.25354698300361633, 0.11383868753910065, 0.12928734719753265, 0.03716835752129555, 0.0, 0.0002394549228483811, 0.11924287676811218, 0.04215822368860245, 0.1881873458623886]]
Time 557.0396165847778
