Created graph
[-7.0, -5, -3.0]
[-6.0, -5, -4.0]
[-4.5, -4.0, -3.5]
[-4.25, -4.0, -3.75]
[-3.875, -3.75, -3.625]
[-3.9375, -3.875, -3.8125]
10 4 5
Score: 72.96278
Signatures: [[3.1774327754974365, 4.14034366607666, 1.051362156867981, 2.3460230827331543, 3.0088441371917725, 2.9362471103668213, 1.110689640045166, 2.704434633255005, 1.9174890518188477, 2.7294042110443115, 0.35457274317741394, 2.980541467666626, 3.3282532691955566, 4.687814235687256, 0.7843324542045593, 5.5451250076293945, 2.5412228107452393, 2.0714352130889893, 1.8476595878601074, 3.0378596782684326, 2.577216863632202, 2.3484721183776855, 0.8541603088378906, 3.8190197944641113, 1.3203675746917725, 2.1718063354492188, 1.0863150358200073, 2.797997236251831, 4.134149074554443, 5.229884147644043, 1.4712023735046387, 10.127204895019531, 2.7622287273406982, 2.1042470932006836, 1.011839747428894, 2.2186007499694824, 2.7960164546966553, 2.1821916103363037, 0.14661599695682526, 4.09912109375, 1.879676103591919, 1.2966017723083496, 0.0, 3.3215010166168213, 5.548419952392578, 6.449876308441162, 2.8597123622894287, 5.434836387634277, 0.525587260723114, 1.2098559141159058, 0.8645833730697632, 0.5012393593788147, 0.7594123482704163, 2.0879549980163574, 2.101076602935791, 2.0356593132019043, 0.6079168915748596, 0.9902201294898987, 1.0279661417007446, 0.7876924276351929, 0.4427814483642578, 0.7317203283309937, 0.6095567345619202, 1.1308510303497314, 0.9651411175727844, 1.4637551307678223, 1.3642698526382446, 2.0342800617218018, 0.6055018901824951, 1.2763735055923462, 1.5256298780441284, 1.750910758972168, 0.3439922034740448, 0.7721999883651733, 0.0, 1.5217864513397217, 0.5899571776390076, 1.343465805053711, 0.3068823218345642, 0.8068551421165466, 0.1847025752067566, 0.47533005475997925, 1.07993745803833, 0.5588030219078064, 0.44166097044944763, 0.6640921831130981, 1.4776315689086914, 1.4987596273422241, 0.4307098984718323, 0.7616053223609924, 1.0432668924331665, 0.7148722410202026, 0.6071730256080627, 0.5472676157951355, 0.9502483010292053, 0.8367495536804199], [0.0, 0.0, 0.0, 0.0, 0.0, 0.0, 0.0, 0.0, 0.0, 0.0, 0.08476244658231735, 0.0, 3.6486656665802, 0.7270655632019043, 0.27104997634887695, 0.6174222230911255, 0.0, 0.0, 0.004061620682477951, 0.0, 0.13323180377483368, 0.0, 0.0, 0.14429104328155518, 0.0, 0.0, 0.0, 0.0, 24.79087257385254, 7.311659812927246, 1.8316763639450073, 27.540538787841797, 0.17185747623443604, 0.0, 0.7665756344795227, 0.0, 0.6853633522987366, 0.0, 0.15902842581272125, 0.0, 0.1862870156764984, 0.0, 0.5640963912010193, 0.2260982096195221, 23.474618911743164, 4.887302875518799, 4.060364246368408, 8.124043464660645, 0.0, 0.0, 0.04088011384010315, 0.0, 0.19488272070884705, 0.0, 0.0, 0.0, 0.0, 0.0, 0.0, 0.0, 0.0, 0.0, 0.0, 0.0, 0.049797169864177704, 0.0, 0.21597431600093842, 0.0, 0.0, 0.1490437090396881, 0.0, 0.0, 0.0, 0.0, 0.0, 0.0719475969672203, 0.011684553697705269, 0.0, 0.030307570472359657, 0.0, 0.0, 0.0, 0.0, 0.0, 0.0, 0.0, 0.0, 0.0, 0.0, 0.0, 0.0, 0.002900342456996441, 0.0, 0.0, 0.10470961779356003, 0.021818174049258232], [0.0, 0.0, 0.0, 0.0, 0.0, 0.0, 0.000488525431137532, 0.0, 0.0, 0.0, 0.0316992923617363, 0.0, 2.0000696182250977, 0.8449575304985046, 0.6964240074157715, 1.3392757177352905, 0.0, 0.0, 0.0, 0.0, 0.0, 0.0, 0.0, 0.0, 0.04611755535006523, 0.0, 0.0, 0.0, 3.0539705753326416, 1.2339401245117188, 0.13343679904937744, 8.783384323120117, 0.2600812613964081, 0.0, 0.596253514289856, 0.18050791323184967, 1.3160043954849243, 0.3047049641609192, 1.2120070457458496, 0.4226709008216858, 0.2799900472164154, 0.2646767795085907, 0.09524214267730713, 0.07466624677181244, 33.19245147705078, 7.395516872406006, 11.119759559631348, 19.79523468017578, 0.0, 0.0, 0.21389353275299072, 0.0, 0.0, 0.0, 0.0, 0.0, 0.01585473120212555, 0.0, 0.0, 0.0, 0.0, 0.0, 0.0, 0.0, 0.0, 0.0, 0.0, 0.0, 0.0, 0.0, 0.0, 0.0, 0.0, 0.0, 0.0, 0.0, 0.0, 0.0, 0.0, 0.08934370428323746, 0.0, 0.0, 0.0, 0.0, 0.0, 0.0, 0.0, 0.0, 0.0, 0.0261002816259861, 0.0, 0.0, 0.0, 0.014267968013882637, 0.0, 0.0], [1.168184757232666, 1.5886276960372925, 0.5159023404121399, 0.9146769046783447, 1.2083004713058472, 1.430528163909912, 0.5021501183509827, 1.3154621124267578, 1.7060492038726807, 1.268676996231079, 0.4340110123157501, 0.9334784746170044, 0.9983274936676025, 1.579662561416626, 0.5373783707618713, 0.9889346957206726, 0.8097500801086426, 0.745418131351471, 0.3392608165740967, 0.6323848366737366, 0.502028226852417, 0.752747654914856, 0.881279468536377, 0.8153309226036072, 0.40815839171409607, 0.5849792957305908, 0.25376442074775696, 0.5714133977890015, 1.026747465133667, 0.49364084005355835, 0.5402414798736572, 0.0, 2.053605556488037, 2.1139822006225586, 12.865982055664062, 1.9594063758850098, 2.531017541885376, 2.3957297801971436, 11.449246406555176, 2.5778841972351074, 3.438685417175293, 3.9848055839538574, 12.956029891967773, 2.495518684387207, 0.0, 2.979600429534912, 6.579829692840576, 0.9750798344612122, 0.5203288197517395, 0.8990233540534973, 0.7548609375953674, 0.6401144862174988, 0.10427707433700562, 0.6598038077354431, 0.791949450969696, 0.4566105306148529, 0.23435506224632263, 0.5692967176437378, 0.48284634947776794, 0.36617156863212585, 0.5417710542678833, 0.451493501663208, 0.37969619035720825, 0.372272789478302, 1.476448655128479, 0.8640090823173523, 2.0571751594543457, 1.7453103065490723, 0.6858051419258118, 1.4371799230575562, 1.4337190389633179, 1.3899444341659546, 2.18511700630188, 0.8979049324989319, 1.9785068035125732, 0.9402636289596558, 1.097740888595581, 1.246878981590271, 1.1146104335784912, 0.8001970052719116, 0.3282909095287323, 0.2004275918006897, 0.25519508123397827, 0.36465173959732056, 0.22876496613025665, 0.4846411645412445, 0.7092537879943848, 0.8154720664024353, 0.26884451508522034, 0.2858816385269165, 0.5275075435638428, 0.2812935411930084, 0.2855304181575775, 0.45179903507232666, 0.35310569405555725, 0.7414623498916626]]
Time 910.9184772968292
