Created graph
[-7.0, -5, -3.0]
[-6.0, -5, -4.0]
[-4.5, -4.0, -3.5]
[-4.25, -4.0, -3.75]
[-4.125, -4.0, -3.875]
[-3.9375, -3.875, -3.8125]
10 3 50
Score: 76.90782
Signatures: [[0.0, 0.0, 0.0, 0.0, 0.0, 0.0, 0.00019519020861480385, 0.0, 0.0, 0.0, 0.025770507752895355, 0.0001163471388281323, 4.446141719818115, 0.8480130434036255, 0.3913514018058777, 1.4760714769363403, 0.06380199640989304, 0.017999812960624695, 0.08731819689273834, 0.0002134023525286466, 0.0966600552201271, 0.0, 0.0, 0.12563824653625488, 0.014956244267523289, 0.0, 0.0035170684568583965, 0.06325364857912064, 23.053916931152344, 7.689595699310303, 1.6298373937606812, 31.509153366088867, 0.029978983104228973, 0.0, 0.0, 0.0, 0.8354929089546204, 0.0, 0.0, 0.0, 0.0, 0.0, 0.0, 0.0018494005780667067, 40.22722625732422, 8.193548202514648, 8.305594444274902, 18.039201736450195, 0.0, 0.0, 0.08896949887275696, 0.0, 0.1524946093559265, 0.0, 0.0, 0.0, 0.013710806146264076, 0.0, 0.0, 0.0, 0.0, 0.0, 0.0, 0.0, 0.0, 0.0, 0.0, 0.0, 0.0, 0.0011565464083105326, 0.0, 0.0, 0.0, 0.0, 0.0, 0.018683213740587234, 0.0, 0.0, 0.0, 0.0, 0.0, 0.0, 0.0, 0.0, 0.0, 0.0, 0.0, 0.0, 0.0, 0.0, 0.0, 0.0, 0.0, 0.0, 0.14264672994613647, 0.0], [0.0, 0.0, 0.0, 0.0, 0.0, 0.0, 4.282784720999189e-05, 0.0, 0.0, 0.0, 0.027714654803276062, 0.0, 4.034615516662598, 1.6941579580307007, 0.9092608094215393, 1.6772961616516113, 0.049051303416490555, 0.0, 0.0, 0.0, 0.2517271637916565, 0.0, 0.0, 0.3901725709438324, 0.11035391688346863, 0.0, 0.0, 0.0, 16.37822151184082, 5.615014553070068, 1.2849942445755005, 22.670696258544922, 0.36837148666381836, 0.0, 0.0, 0.08402470499277115, 1.4686923027038574, 0.0, 0.0, 0.3530868589878082, 0.09140423685312271, 0.0, 0.0, 0.27902066707611084, 37.55561065673828, 8.9741792678833, 10.023101806640625, 19.936519622802734, 0.0, 0.0, 0.12705150246620178, 0.0, 0.16349007189273834, 0.0, 0.0, 0.0, 0.0, 0.0, 0.0, 0.0, 0.0, 0.0, 0.0, 0.0, 0.0, 0.0, 0.0, 0.0, 0.0, 0.0, 0.0, 0.0, 0.0, 0.0, 0.0, 0.040478263050317764, 0.0, 0.0, 0.0, 0.0, 0.0, 0.0, 0.0, 0.0, 0.0, 0.0, 0.0, 0.0, 0.0, 0.0, 0.0, 0.0, 0.0, 0.0, 0.011696308851242065, 0.0], [3.2614331245422363, 4.432779788970947, 1.222028136253357, 2.4610352516174316, 3.183445930480957, 3.3761513233184814, 1.2876389026641846, 3.182255506515503, 3.1350815296173096, 3.1122426986694336, 0.8443257808685303, 2.7801520824432373, 3.198563575744629, 4.683943271636963, 1.2449513673782349, 4.538113117218018, 2.458730936050415, 2.0599563121795654, 1.4405877590179443, 2.481846809387207, 2.1043505668640137, 2.282862424850464, 1.6239498853683472, 3.1593432426452637, 1.265203595161438, 1.9865138530731201, 0.8973183035850525, 2.2919983863830566, 4.250702857971191, 3.5459487438201904, 1.5670267343521118, 6.194552421569824, 4.3542094230651855, 3.950669765472412, 17.048690795898438, 3.761341094970703, 5.308749198913574, 4.5049147605896, 15.540943145751953, 5.70796012878418, 5.570752143859863, 5.77034854888916, 16.475223541259766, 5.123612403869629, 7.4213786125183105, 8.609735488891602, 12.15944766998291, 6.954362392425537, 0.9305675029754639, 1.8444292545318604, 1.5584688186645508, 1.1020021438598633, 0.5779886245727539, 1.987791895866394, 2.2219343185424805, 1.6547282934188843, 0.6541114449501038, 1.2522722482681274, 1.1648658514022827, 0.9375590682029724, 0.9153082966804504, 0.9827550649642944, 0.8438243865966797, 1.1198575496673584, 2.417191743850708, 1.9377750158309937, 3.563845634460449, 3.456092596054077, 1.2044692039489746, 2.488982915878296, 2.6945881843566895, 2.6804516315460205, 2.824885368347168, 1.568159818649292, 2.436445474624634, 2.058471918106079, 1.66276216506958, 2.2634761333465576, 1.5484168529510498, 1.5295369625091553, 0.5367844104766846, 0.5203323364257812, 0.9353652000427246, 0.8061015009880066, 0.514686107635498, 1.0013465881347656, 1.6876726150512695, 1.8801262378692627, 0.5797154307365417, 0.8199865221977234, 1.2554229497909546, 0.7778151631355286, 0.69498211145401, 0.9123048782348633, 1.0022571086883545, 1.4622747898101807]]
Time 1202.4406521320343
