Created graph
[-7.0, -5, -3.0]
[-6.0, -5, -4.0]
[-4.5, -4.0, -3.5]
[-4.25, -4.0, -3.75]
[-4.125, -4.0, -3.875]
[-3.9375, -3.875, -3.8125]
10 4 50
Score: 76.23216
Signatures: [[0.0, 0.14676673710346222, 0.0, 0.0, 0.0, 0.0, 0.0207008458673954, 0.1254785656929016, 0.0, 0.0, 0.1253088414669037, 0.06329345703125, 3.135723829269409, 1.5109448432922363, 0.6617411375045776, 1.6408348083496094, 0.17753130197525024, 0.0, 0.08422961086034775, 0.0, 0.15346063673496246, 0.0, 0.0, 0.5024262070655823, 0.21987849473953247, 0.0, 0.0, 0.03979383781552315, 11.511792182922363, 4.24915075302124, 1.177398443222046, 16.920024871826172, 0.7247521877288818, 0.0, 0.0, 0.43082866072654724, 1.6666771173477173, 0.3395935595035553, 0.26609915494918823, 0.7473143935203552, 0.5715838670730591, 0.0, 0.0, 0.7872648239135742, 32.2606086730957, 8.538189888000488, 9.854497909545898, 16.43028450012207, 0.0, 0.0, 0.2542426884174347, 0.0, 0.0, 0.0, 0.0, 0.0, 0.2520192265510559, 0.08214182406663895, 0.0, 0.1362476348876953, 0.0, 0.02011755295097828, 0.0, 0.0, 0.0, 0.0, 0.04018646106123924, 0.05769488587975502, 0.0, 0.01619025692343712, 0.0, 0.0, 0.0, 0.0, 0.0, 0.20477010309696198, 0.003002646379172802, 0.0, 0.0, 0.04675627872347832, 0.0, 0.0, 0.0, 0.0, 0.0, 0.0, 0.0, 0.0, 0.0, 0.1570708155632019, 0.0, 0.0, 0.0, 0.0, 0.07578379660844803, 0.0], [0.0, 0.0, 0.0, 0.0, 0.0, 0.0, 0.0, 0.0, 0.0, 0.0, 6.369171751430258e-05, 0.0, 3.6738638877868652, 0.921627402305603, 0.3400362432003021, 1.3283741474151611, 0.0, 0.0, 0.0, 0.0, 0.04451404884457588, 0.0, 0.0, 0.0, 0.00010656325321178883, 0.0, 4.376858214527601e-06, 0.0, 16.638151168823242, 5.36641788482666, 1.0752439498901367, 22.90105628967285, 0.0, 0.0, 0.0, 0.0, 0.7610476016998291, 0.0, 0.0, 0.0, 0.0, 0.0, 0.0, 1.3353578651731368e-05, 34.20032501220703, 7.107970237731934, 7.918934345245361, 17.32476806640625, 0.0, 0.0, 0.06098655238747597, 0.0, 0.0, 0.0, 0.0, 0.0, 0.0, 0.0, 0.0, 0.0, 0.0, 0.0, 0.0, 0.0, 0.0, 0.0, 0.00030633556889370084, 0.0, 0.0, 0.0, 0.0, 0.0, 0.0, 0.0, 0.0, 8.145912579493597e-05, 0.0, 0.0, 0.0, 0.0, 0.0, 0.0, 0.0, 0.0, 0.0, 0.0, 0.0, 0.0, 0.0, 0.0, 0.0, 0.0, 0.0, 0.0, 0.060607850551605225, 0.0], [3.1372766494750977, 4.193099498748779, 1.1967475414276123, 2.372635841369629, 3.0591471195220947, 3.277728796005249, 1.239515781402588, 3.0057804584503174, 3.021127223968506, 3.0105555057525635, 0.7797099351882935, 2.686255931854248, 2.8442306518554688, 4.374170303344727, 1.1733065843582153, 4.190487861633301, 2.3375680446624756, 1.9623043537139893, 1.352252721786499, 2.361093521118164, 1.9591401815414429, 2.1997647285461426, 1.5750535726547241, 2.9437036514282227, 1.195474624633789, 1.8919142484664917, 0.8513798117637634, 2.158479928970337, 3.249584913253784, 3.0822932720184326, 1.3976255655288696, 4.719732284545898, 4.086685657501221, 3.809335470199585, 16.476909637451172, 3.5392258167266846, 4.930509090423584, 4.252385139465332, 14.838068962097168, 5.434979438781738, 5.258816242218018, 5.536594390869141, 15.923233032226562, 4.793292045593262, 5.248238563537598, 7.778085708618164, 11.094310760498047, 5.870066165924072, 0.907206118106842, 1.7819708585739136, 1.4749497175216675, 1.0724589824676514, 0.5000498294830322, 1.9372081756591797, 2.159533977508545, 1.5962026119232178, 0.5628333687782288, 1.1706833839416504, 1.1397459506988525, 0.850153923034668, 0.8737835884094238, 0.9561401605606079, 0.8110402822494507, 1.0624767541885376, 2.307994842529297, 1.8690745830535889, 3.385516881942749, 3.2858529090881348, 1.1552821397781372, 2.361032485961914, 2.5968494415283203, 2.590789318084717, 2.7213733196258545, 1.512325406074524, 2.3473362922668457, 1.9394923448562622, 1.5886465311050415, 2.179004192352295, 1.495444655418396, 1.4631857872009277, 0.5174180865287781, 0.5049158930778503, 0.906108021736145, 0.7813550233840942, 0.4913073182106018, 0.9703624844551086, 1.63124418258667, 1.8141201734542847, 0.5555717349052429, 0.7421273589134216, 1.216760516166687, 0.740199863910675, 0.6693388819694519, 0.880048394203186, 0.940294623374939, 1.4018502235412598], [0.00038087196298874915, 0.051623303443193436, 0.00021117276628501713, 2.6166746465605684e-05, 0.0003470437368378043, 0.0, 0.010904625058174133, 0.014786005951464176, 0.0, 0.0, 0.0176655575633049, 0.019327327609062195, 3.7126882076263428, 0.9362053275108337, 0.6218490600585938, 1.2593953609466553, 0.09834029525518417, 0.14529359340667725, 0.14390306174755096, 0.11514683067798615, 0.36290180683135986, 0.0, 0.0, 0.36939308047294617, 0.024623669683933258, 0.0, 0.050672244280576706, 0.17513123154640198, 20.568769454956055, 6.877806186676025, 1.446744680404663, 27.046619415283203, 0.08238114416599274, 0.0, 0.0, 0.0, 0.7585418820381165, 0.0, 0.0, 0.003183408174663782, 7.550574082415551e-05, 0.0, 0.0, 0.007310385350137949, 29.827966690063477, 5.91448974609375, 5.55109977722168, 12.864947319030762, 0.0, 0.0, 0.05593585595488548, 0.0, 0.5077220797538757, 0.0, 0.0, 0.02475789003074169, 0.0, 1.137334038503468e-06, 0.00039197111618705094, 0.0, 0.0, 0.006347226444631815, 0.00022224831627681851, 0.0, 0.00015946813800837845, 0.00041762905311770737, 0.033773865550756454, 0.0012359844986349344, 0.0, 0.06543130427598953, 0.0, 4.4745029299519956e-05, 0.0, 0.0, 0.0, 0.03981199860572815, 0.0, 0.00027142217732034624, 0.0, 0.0, 0.0, 0.0, 2.071257222269196e-05, 4.165400969213806e-05, 2.5353194814670132e-06, 3.111534533672966e-05, 0.0, 0.011412699706852436, 9.401638817507774e-05, 0.0, 0.0, 0.033320777118206024, 2.4211452910094522e-05, 0.0, 0.12381115555763245, 0.002307212445884943]]
Time 900.4411590099335
