Created graph
[-7.0, -5, -3.0]
[-6.0, -5, -4.0]
[-4.5, -4.0, -3.5]
[-4.25, -4.0, -3.75]
[-4.125, -4.0, -3.875]
[-4.1875, -4.125, -4.0625]
30 3 50
Score: 90.4191
Signatures: [[0.22099925577640533, 0.8483930230140686, 0.009016258642077446, 0.24935173988342285, 0.15595915913581848, 0.0, 0.1777055561542511, 0.5543043613433838, 0.07442452758550644, 0.12666411697864532, 0.2492504119873047, 0.2906823754310608, 4.426584243774414, 1.802452802658081, 0.7882892489433289, 1.897534966468811, 0.8254717588424683, 0.036010369658470154, 0.24579867720603943, 0.19282466173171997, 0.16548089683055878, 0.23697374761104584, 0.05284915864467621, 0.4173351526260376, 0.4480328857898712, 0.15609312057495117, 0.09791149944067001, 0.0, 19.048471450805664, 6.617337703704834, 1.447394609451294, 26.77751922607422, 1.201661467552185, 0.4154958426952362, 1.5443429946899414, 0.5781065821647644, 1.9934539794921875, 0.5102170705795288, 2.1213839054107666, 0.9496425986289978, 0.9511346817016602, 0.8091191053390503, 0.9555366039276123, 1.3489322662353516, 36.61412048339844, 9.388842582702637, 10.443099975585938, 17.933631896972656, 0.0, 0.4881124794483185, 0.16699790954589844, 0.0002466335135977715, 0.21632610261440277, 0.03389628604054451, 0.2060358226299286, 0.04247152432799339, 0.17918626964092255, 0.25720757246017456, 0.01998438872396946, 0.05390804260969162, 0.0, 0.11177422851324081, 0.2457212507724762, 0.20131897926330566, 0.24695289134979248, 0.26092851161956787, 0.5466797351837158, 0.574738085269928, 0.06167347729206085, 0.16091600060462952, 0.15944288671016693, 0.5963190197944641, 0.23551084101200104, 0.33212587237358093, 0.21806183457374573, 0.422924280166626, 0.06876151263713837, 0.14957566559314728, 0.1590457409620285, 0.22904865443706512, 0.0, 0.0886925756931305, 0.11071350425481796, 0.019227027893066406, 0.0, 0.10412517935037613, 0.0, 0.0, 0.0, 0.19142819941043854, 0.029999468475580215, 0.0, 0.055604636669158936, 0.10263804346323013, 0.6922301650047302, 0.10355973243713379], [2.570852518081665, 3.3421437740325928, 0.9887588620185852, 1.919304370880127, 2.453857660293579, 2.6112234592437744, 0.9759746193885803, 2.3396003246307373, 2.389293670654297, 2.392604112625122, 0.6887772679328918, 2.1342828273773193, 3.852882146835327, 4.176611423492432, 1.2099210023880005, 3.9881460666656494, 1.8393290042877197, 1.7481024265289307, 1.0656795501708984, 1.9390870332717896, 1.628018856048584, 1.749240756034851, 1.3309739828109741, 2.409531354904175, 0.9473558664321899, 1.58307683467865, 0.6981940269470215, 1.7057775259017944, 9.460077285766602, 4.822410583496094, 1.729191541671753, 13.315753936767578, 3.4945409297943115, 3.083040237426758, 13.426520347595215, 2.793588638305664, 4.562903881072998, 3.6198089122772217, 12.255970001220703, 4.554646015167236, 4.312379360198975, 4.201395511627197, 12.969130516052246, 3.96881103515625, 18.81140899658203, 9.531591415405273, 12.435039520263672, 11.656815528869629, 0.7112166881561279, 1.382586121559143, 1.3640097379684448, 0.905575692653656, 0.4875882565975189, 1.5805810689926147, 1.7526198625564575, 1.3282285928726196, 0.5109051465988159, 0.9632326364517212, 0.9135141968727112, 0.7922590374946594, 0.7341806888580322, 0.7826360464096069, 0.640083909034729, 0.8111074566841125, 1.8888357877731323, 1.4514492750167847, 2.7774949073791504, 2.7449915409088135, 0.8878353238105774, 1.7939772605895996, 2.142940044403076, 1.8997567892074585, 1.9867138862609863, 1.1722651720046997, 1.7950140237808228, 1.590915560722351, 1.1423746347427368, 1.6984144449234009, 1.1213401556015015, 1.158511757850647, 0.46952345967292786, 0.3848331570625305, 0.7528844475746155, 0.6616877913475037, 0.42987313866615295, 0.7634052634239197, 1.302746057510376, 1.4912461042404175, 0.44964084029197693, 0.6240785717964172, 0.998923659324646, 0.6736025810241699, 0.5515413880348206, 0.7068066596984863, 0.7468910813331604, 1.1485424041748047], [0.0, 0.24863609671592712, 0.0, 0.0, 0.006167850457131863, 0.0, 0.041269682347774506, 0.1806958168745041, 0.0, 0.0, 0.0, 0.07424039393663406, 5.127583980560303, 1.4808528423309326, 0.7504661083221436, 2.256537675857544, 0.0, 0.0, 0.16272790729999542, 0.0, 0.4999065101146698, 0.0, 0.0, 0.7140973806381226, 0.0, 0.0, 0.0, 0.49635276198387146, 24.013477325439453, 8.220521926879883, 1.7171754837036133, 33.957000732421875, 0.0, 0.0, 0.0, 0.31122952699661255, 1.3357629776000977, 0.047119904309511185, 0.0, 0.31332242488861084, 0.11597038805484772, 0.0, 0.0, 0.01387686375528574, 46.286407470703125, 10.43079948425293, 11.209827423095703, 22.934337615966797, 0.0, 0.0, 0.12007835507392883, 0.0, 0.19697105884552002, 0.0, 0.0, 0.0, 0.010996184311807156, 0.0, 0.06997904926538467, 0.0, 0.0, 0.021613042801618576, 0.0, 0.0, 0.0, 0.0, 0.0, 0.0, 0.08009489625692368, 0.3166513442993164, 0.0, 0.0, 0.0, 0.0, 0.0, 0.17860274016857147, 0.2670818865299225, 0.0, 0.0, 0.0, 0.0, 0.0, 0.0, 0.0, 0.0, 0.005340593867003918, 0.0, 0.008452358655631542, 0.017877962440252304, 0.0, 0.0, 0.0, 0.0, 0.0, 0.0, 0.0]]
Time 577.0792455673218
