Created graph
[-7.0, -5, -3.0]
[-4.0, -3.0, -2.0]
[-4.5, -4.0, -3.5]
[-4.75, -4.5, -4.25]
[-4.375, -4.25, -4.125]
[-4.4375, -4.375, -4.3125]
1 4 10
Score: 73.8472
Signatures: [[1.365182876586914, 1.784411907196045, 0.540360689163208, 0.9464774131774902, 1.2361977100372314, 1.294188380241394, 0.44493603706359863, 1.031758427619934, 0.7203220725059509, 1.1047782897949219, 0.281598836183548, 1.2257317304611206, 1.36928129196167, 2.4223098754882812, 0.32725220918655396, 2.1838324069976807, 1.1829860210418701, 0.9853639006614685, 0.8565720319747925, 1.3693093061447144, 1.2244312763214111, 1.0978362560272217, 0.4480209946632385, 1.8665825128555298, 0.5688844323158264, 1.0275806188583374, 0.4800979495048523, 1.3438955545425415, 4.285811901092529, 3.0498199462890625, 0.6754987835884094, 6.234686374664307, 1.4714150428771973, 1.0687121152877808, 1.3974095582962036, 1.0104683637619019, 1.586142659187317, 1.020477294921875, 0.5994676947593689, 1.7526280879974365, 1.104963779449463, 0.36078792810440063, 0.372146338224411, 1.562057614326477, 2.4054031372070312, 3.3335368633270264, 1.6232895851135254, 0.9923136830329895, 0.27299007773399353, 0.4756762683391571, 0.40397974848747253, 0.19014495611190796, 0.343026727437973, 0.6982564926147461, 0.832462728023529, 0.8776038885116577, 0.2900850772857666, 0.35615241527557373, 0.37906068563461304, 0.3656502068042755, 0.2411075085401535, 0.33279353380203247, 0.29441824555397034, 0.48912858963012695, 0.628107488155365, 0.6203740835189819, 0.7459526062011719, 1.0367029905319214, 0.29493778944015503, 0.6744122505187988, 0.8305191397666931, 0.9709087610244751, 0.22588105499744415, 0.47871091961860657, 0.002647619228810072, 0.812063992023468, 0.24399691820144653, 0.4894130825996399, 0.11737905442714691, 0.2781814932823181, 0.11944583058357239, 0.2621518671512604, 0.46431249380111694, 0.3035828769207001, 0.1825142502784729, 0.41500401496887207, 0.6621178388595581, 0.7516236305236816, 0.21743470430374146, 0.3146003186702728, 0.4390176236629486, 0.3601812720298767, 0.2823130786418915, 0.25274309515953064, 0.46945762634277344, 0.5060030221939087], [0.7092884182929993, 0.9911423921585083, 0.25548040866851807, 0.5922757983207703, 0.7594838738441467, 0.8389787673950195, 0.32494300603866577, 0.8672869801521301, 1.0788065195083618, 0.8003971576690674, 0.1995883285999298, 0.5996195077896118, 0.7462185621261597, 0.850206732749939, 0.3590181767940521, 0.8705593347549438, 0.4650103449821472, 0.4080018699169159, 0.18839214742183685, 0.3836979269981384, 0.3038969337940216, 0.4402623772621155, 0.4659101068973541, 0.45630699396133423, 0.26674553751945496, 0.3271230161190033, 0.14831551909446716, 0.3129216730594635, 0.0, 0.1303960382938385, 0.3162466883659363, 0.0, 1.1290690898895264, 1.136501669883728, 6.954891681671143, 1.1727280616760254, 1.41982102394104, 1.399978756904602, 6.334372043609619, 1.593984603881836, 1.8998355865478516, 2.446615219116211, 7.063996315002441, 1.4811793565750122, 1.278845191001892, 1.9463450908660889, 4.082080364227295, 2.2007951736450195, 0.2797107398509979, 0.5459449291229248, 0.4449992775917053, 0.37560415267944336, 0.07649818807840347, 0.5144386887550354, 0.527672529220581, 0.29117685556411743, 0.131150022149086, 0.3748708665370941, 0.31804367899894714, 0.20639832317829132, 0.2833264172077179, 0.25225627422332764, 0.2125452309846878, 0.23793263733386993, 0.7417849898338318, 0.5280448198318481, 1.1214500665664673, 0.9383325576782227, 0.38273465633392334, 0.7963605523109436, 0.7400108575820923, 0.7072904109954834, 1.2340739965438843, 0.44815731048583984, 1.116323709487915, 0.49390697479248047, 0.6480346322059631, 0.771300733089447, 0.6633926033973694, 0.5212793350219727, 0.1644570231437683, 0.09284498542547226, 0.16642387211322784, 0.17768947780132294, 0.13663795590400696, 0.2120107114315033, 0.4107760190963745, 0.42820069193840027, 0.13506770133972168, 0.19006386399269104, 0.3264044523239136, 0.1418355107307434, 0.15888282656669617, 0.26348310708999634, 0.19903168082237244, 0.3622862994670868], [0.0, 0.0, 0.0, 0.0, 0.0, 0.0, 0.0, 0.0, 0.0, 0.0, 0.012802486307919025, 0.0, 1.2698798179626465, 0.5588590502738953, 0.3119947016239166, 0.6575971245765686, 0.0, 0.0, 0.0, 0.0, 0.0, 0.0, 0.0, 0.0, 0.009699138812720776, 0.0, 0.0, 0.0, 3.2505011558532715, 1.2308951616287231, 0.143699049949646, 7.016103744506836, 0.07933201640844345, 0.0, 0.0, 0.02266182191669941, 0.5538089275360107, 0.05944114178419113, 0.08082368969917297, 0.1075810045003891, 0.05351001024246216, 0.0, 0.0, 0.008900735527276993, 18.444904327392578, 4.0270843505859375, 5.215444564819336, 9.646178245544434, 0.0, 0.0, 0.08356215804815292, 0.0, 0.0, 0.0, 0.0, 0.0, 0.0, 0.0, 0.0, 0.0, 0.0, 0.0, 0.0, 0.0, 0.0, 0.0, 0.0, 0.0, 0.0, 0.0, 0.0, 0.0, 0.0, 0.0, 0.0, 0.0, 0.0, 0.0, 0.0, 0.019428208470344543, 0.0, 0.0, 0.0, 0.0, 0.0, 0.0, 0.0, 0.0, 0.0, 0.003375852946192026, 0.0, 0.0, 0.0, 0.0, 0.0, 0.0], [0.0, 0.0, 0.0, 0.0, 0.0, 0.0, 0.0, 0.0, 0.0, 0.0, 0.0, 0.0, 1.597198724746704, 0.0, 0.1337669938802719, 0.24333448708057404, 0.0, 0.0, 0.0, 0.0, 0.0, 0.0, 0.0, 0.0, 0.0, 0.0, 0.0, 0.0, 11.24118423461914, 3.1197149753570557, 0.9456974864006042, 11.54538345336914, 0.0, 0.0, 0.3135587275028229, 0.0, 0.2268603891134262, 0.0, 0.34750473499298096, 0.0, 0.010480486787855625, 0.0, 0.31778138875961304, 0.0, 9.016609191894531, 1.5401145219802856, 1.6580543518066406, 3.83225679397583, 0.0, 0.0, 0.0, 0.0, 0.08558285236358643, 0.0, 0.0, 0.0, 0.0, 0.0, 0.0, 0.0, 0.0, 0.0, 0.0, 0.0, 0.0, 0.0, 0.04996490105986595, 0.0, 0.0, 0.028299517929553986, 0.0, 0.0, 0.0, 0.0, 0.0389714352786541, 0.0, 0.0067532300017774105, 0.005685063544660807, 0.02614145539700985, 0.0, 0.0, 0.0, 0.0, 0.0, 0.0, 0.0, 0.0, 0.0, 0.0, 0.0, 0.0, 0.0, 0.0, 0.0, 0.008569460362195969, 0.0]]
Time 1325.244558095932
