Created graph
[-7.0, -5, -3.0]
[-6.0, -5, -4.0]
[-4.5, -4.0, -3.5]
[-4.25, -4.0, -3.75]
[-3.875, -3.75, -3.625]
[-3.9375, -3.875, -3.8125]
10 3 10
Score: 73.06509
Signatures: [[0.0, 0.1503581404685974, 0.0, 0.0, 0.09996029734611511, 0.0, 0.16342823207378387, 0.25569626688957214, 0.0, 0.0, 0.12737871706485748, 0.18710297346115112, 1.5697548389434814, 1.2128411531448364, 0.6986573934555054, 1.4512906074523926, 0.07994347810745239, 0.0, 0.0, 0.0, 0.0, 0.0, 0.0, 0.0, 0.16114141047000885, 0.024275394156575203, 0.0, 0.0, 0.0, 0.4682316780090332, 0.09269136935472488, 4.805034160614014, 0.552085816860199, 0.14379003643989563, 1.4534180164337158, 0.4822496473789215, 2.034370183944702, 0.7663146257400513, 2.0141427516937256, 1.17893648147583, 0.7764413356781006, 0.6426512598991394, 0.6773166656494141, 0.48271116614341736, 30.19268798828125, 7.668496131896973, 11.188735008239746, 19.357913970947266, 0.0, 0.08562752604484558, 0.3330252468585968, 0.061176907271146774, 0.0, 0.032482706010341644, 0.17032822966575623, 0.0, 0.09092763811349869, 0.06837338209152222, 0.060881927609443665, 0.05209058150649071, 0.0, 0.05475274845957756, 0.02772335149347782, 0.0, 0.0, 0.0, 0.0, 0.16246254742145538, 0.04059549421072006, 0.0, 0.157857283949852, 0.0, 0.0, 0.08997250348329544, 0.0, 0.06563984602689743, 0.05269306153059006, 0.0, 0.0, 0.25902822613716125, 0.0, 0.0, 0.0, 0.0, 0.0, 0.0, 0.0, 0.0, 0.0, 0.1688746213912964, 0.0, 0.0, 0.0, 0.10915221273899078, 0.06777545064687729, 0.0], [0.09882451593875885, 0.15274539589881897, 0.03751619532704353, 0.04312866926193237, 0.07154741138219833, 0.0, 0.008554465137422085, 0.08409428596496582, 0.0, 0.0, 0.07449769228696823, 0.08706147223711014, 5.09898567199707, 1.4720231294631958, 0.5846917033195496, 1.7973527908325195, 0.26767227053642273, 0.24073182046413422, 0.25459614396095276, 0.21707592904567719, 0.464425653219223, 0.0, 0.0, 0.6696575284004211, 0.12102096527814865, 0.0248885340988636, 0.07963430881500244, 0.323933482170105, 28.300716400146484, 9.120882987976074, 2.13586688041687, 34.78055191040039, 0.3951864242553711, 0.002994538750499487, 0.000559722539037466, 0.08432662487030029, 0.9292911291122437, 0.0, 0.0, 0.06835655868053436, 0.09004941582679749, 0.0, 0.0, 0.3734418749809265, 37.07307052612305, 8.05972671508789, 7.621308326721191, 15.535787582397461, 0.0, 0.0009310014429502189, 0.12435739487409592, 0.0, 0.302227646112442, 0.0, 0.0, 0.09648222476243973, 0.037948571145534515, 0.025374289602041245, 0.006539370398968458, 0.018446549773216248, 0.0, 0.037616897374391556, 0.009125608950853348, 0.0, 0.07224344462156296, 0.062397804111242294, 0.260438472032547, 0.08706521987915039, 0.0, 0.2226482331752777, 0.0, 0.04408683627843857, 0.0, 0.0, 0.0, 0.19991159439086914, 0.010874468833208084, 0.029794147238135338, 0.0003543939965311438, 0.0, 0.0, 0.0, 0.0025035750586539507, 0.016967158764600754, 0.014750643633306026, 0.040540196001529694, 0.0, 0.10765111446380615, 0.0004647512105293572, 0.0, 0.0, 0.06634394824504852, 0.01483602449297905, 0.0, 0.1784927248954773, 0.07558333873748779], [2.7196695804595947, 3.5999701023101807, 1.0517019033432007, 2.0842597484588623, 2.652113914489746, 2.972592830657959, 1.0256844758987427, 2.594041347503662, 2.781235933303833, 2.6693193912506104, 0.605975329875946, 2.316953420639038, 2.336554765701294, 3.510624885559082, 0.8997815847396851, 3.416606903076172, 1.9737627506256104, 1.6853537559509277, 1.1634521484375, 2.057107925415039, 1.722347378730774, 1.9936652183532715, 1.3462554216384888, 2.5506110191345215, 0.9890143871307373, 1.6524029970169067, 0.7590514421463013, 1.8438843488693237, 3.361936569213867, 2.784804344177246, 1.198908805847168, 4.215376377105713, 3.372681140899658, 3.22904896736145, 13.970975875854492, 3.062333822250366, 3.823235273361206, 3.4629275798797607, 12.120912551879883, 4.461539268493652, 4.425579071044922, 4.768918991088867, 13.48990535736084, 4.08750581741333, 0.3973640203475952, 5.530749797821045, 7.825080871582031, 2.4740350246429443, 0.8290190696716309, 1.5096760988235474, 1.174033761024475, 0.8982610702514648, 0.4649890661239624, 1.6925660371780396, 1.8187949657440186, 1.4428186416625977, 0.4911104142665863, 1.0571482181549072, 0.9904534816741943, 0.7485867738723755, 0.7978193759918213, 0.7905657291412354, 0.6842678189277649, 0.9811992645263672, 2.0394742488861084, 1.6608229875564575, 2.83451247215271, 2.754056692123413, 1.000314474105835, 2.1176059246063232, 2.221815347671509, 2.327396869659424, 2.518686294555664, 1.3093794584274292, 2.132352590560913, 1.696334719657898, 1.4375141859054565, 1.9674450159072876, 1.3803094625473022, 1.185907006263733, 0.4400958716869354, 0.4558066725730896, 0.7782521843910217, 0.6621471643447876, 0.44913291931152344, 0.8260437846183777, 1.451755166053772, 1.5710371732711792, 0.48675379157066345, 0.6200258731842041, 1.0687845945358276, 0.6198377013206482, 0.590480387210846, 0.7285307049751282, 0.7719223499298096, 1.1854772567749023]]
Time 871.5688319206238
