Created graph
[-7.0, -5, -3.0]
[-4.0, -3.0, -2.0]
[-4.5, -4.0, -3.5]
[-4.75, -4.5, -4.25]
[-4.375, -4.25, -4.125]
[-4.4375, -4.375, -4.3125]
1 4 5
Score: 71.68985
Signatures: [[1.3404017686843872, 1.7071646451950073, 0.5343012809753418, 0.9483126997947693, 1.2115195989608765, 1.2916035652160645, 0.4430676996707916, 1.008603811264038, 0.7080520391464233, 1.0952911376953125, 0.26650547981262207, 1.2273099422454834, 1.2046012878417969, 2.3000264167785645, 0.3119961619377136, 2.1372005939483643, 1.1508806943893433, 0.9626571536064148, 0.8493199348449707, 1.3558982610702515, 1.1813050508499146, 1.0984114408493042, 0.442198783159256, 1.8070764541625977, 0.5716133117675781, 1.0063735246658325, 0.4824680685997009, 1.3303347826004028, 3.675447702407837, 2.8372364044189453, 0.6461814641952515, 5.565578937530518, 1.38815176486969, 1.0197564363479614, 0.9459971785545349, 0.9810115098953247, 1.511744499206543, 0.9904060959815979, 0.38266733288764954, 1.66715669631958, 1.0514370203018188, 0.304257869720459, 0.10324011743068695, 1.4868965148925781, 1.9955729246139526, 3.148994207382202, 1.3742414712905884, 0.844418466091156, 0.2584516406059265, 0.474846214056015, 0.38279810547828674, 0.18123149871826172, 0.3125287890434265, 0.7311392426490784, 0.8308352828025818, 0.8637087941169739, 0.27538102865219116, 0.36306238174438477, 0.3902546465396881, 0.35474997758865356, 0.23655539751052856, 0.31759846210479736, 0.2933614253997803, 0.4705318510532379, 0.5940111875534058, 0.6052938103675842, 0.7003690600395203, 0.9844292998313904, 0.2895001173019409, 0.6233105063438416, 0.7919349074363708, 0.8944374918937683, 0.17784956097602844, 0.44228050112724304, 0.0, 0.7602307796478271, 0.2132122814655304, 0.49355289340019226, 0.10989747196435928, 0.2737653851509094, 0.10883259028196335, 0.25463786721229553, 0.45251816511154175, 0.2962586283683777, 0.1813688427209854, 0.39160245656967163, 0.6430284976959229, 0.7367721199989319, 0.21840424835681915, 0.3243686258792877, 0.44875288009643555, 0.34663480520248413, 0.270399808883667, 0.2240319401025772, 0.4902661144733429, 0.4733072817325592], [0.6008438467979431, 0.8735848069190979, 0.22037766873836517, 0.5127972364425659, 0.669909656047821, 0.7389031052589417, 0.2809232771396637, 0.7815772891044617, 0.9913666844367981, 0.7051509618759155, 0.17374467849731445, 0.5162549614906311, 0.695222020149231, 0.724306046962738, 0.3260093927383423, 0.737869381904602, 0.40125811100006104, 0.3447069227695465, 0.14432907104492188, 0.308994859457016, 0.24527610838413239, 0.3630942404270172, 0.41216203570365906, 0.36630648374557495, 0.22013604640960693, 0.27072271704673767, 0.11887954920530319, 0.23789604008197784, 0.0, 0.07646074146032333, 0.2754705846309662, 0.0, 1.0153573751449585, 1.0347272157669067, 6.69362211227417, 1.07809579372406, 1.2695518732070923, 1.26627779006958, 5.9102582931518555, 1.4403371810913086, 1.7426555156707764, 2.305323839187622, 6.650043487548828, 1.3326327800750732, 1.0939838886260986, 1.6750715970993042, 3.7722415924072266, 2.0003509521484375, 0.2602066397666931, 0.4898192584514618, 0.3984529674053192, 0.34499090909957886, 0.0701574832201004, 0.43693119287490845, 0.4513227045536041, 0.2512052059173584, 0.11167670786380768, 0.33290091156959534, 0.2747631371021271, 0.1771847903728485, 0.2616472840309143, 0.22436246275901794, 0.18185833096504211, 0.2074553668498993, 0.6831355690956116, 0.4745732545852661, 1.025010108947754, 0.8489667773246765, 0.35121220350265503, 0.7479276061058044, 0.675495445728302, 0.6573385000228882, 1.1807798147201538, 0.41686826944351196, 1.0562975406646729, 0.4516150653362274, 0.6179035305976868, 0.707457959651947, 0.6252391338348389, 0.47088372707366943, 0.15148654580116272, 0.07911188900470734, 0.13788248598575592, 0.1546810120344162, 0.11888056248426437, 0.18934552371501923, 0.36600461602211, 0.3708246946334839, 0.11579655110836029, 0.15940828621387482, 0.28148937225341797, 0.11928952485322952, 0.1410638689994812, 0.2487960010766983, 0.15590350329875946, 0.3241315484046936], [0.0, 0.0, 0.0, 0.0, 0.0, 0.0, 0.0, 0.0, 0.0, 0.0, 0.015868106856942177, 0.0, 1.119950771331787, 0.5157230496406555, 0.29325804114341736, 0.6500906944274902, 0.0, 0.0, 0.0, 0.0, 0.0, 0.0, 0.0, 0.0, 0.006158451549708843, 0.0, 0.0, 0.0, 2.5787010192871094, 1.060155987739563, 0.10683178156614304, 6.007250785827637, 0.08635491132736206, 0.0, 0.0, 0.021574506536126137, 0.5571184754371643, 0.06907792389392853, 0.10262870043516159, 0.11975821852684021, 0.06726093590259552, 0.01727541908621788, 0.0, 0.02340594492852688, 16.677143096923828, 3.757784605026245, 4.807196617126465, 8.84729290008545, 0.0, 0.0, 0.08764022588729858, 0.0, 0.0, 0.0, 0.0, 0.0, 0.0, 0.0, 0.0, 0.0, 0.0, 0.0, 0.0, 0.0, 0.0, 0.0, 0.0, 0.0, 0.0, 0.0, 0.0, 0.0, 0.0, 0.0, 0.0, 0.0, 0.0, 0.0, 0.0, 0.02368062362074852, 0.0, 0.0, 0.0, 0.0, 0.0, 0.0, 0.0, 0.0, 0.0, 0.0010415974538773298, 0.0, 0.0, 0.0, 0.0, 0.0, 0.0], [0.0, 0.0, 0.0, 0.0, 0.0, 0.0, 0.0, 0.0, 0.0, 0.0, 0.0, 0.0, 1.4822713136672974, 0.0, 0.10455583781003952, 0.11840370297431946, 0.0, 0.0, 0.0, 0.0, 0.0, 0.0, 0.0, 0.0, 0.0, 0.0, 0.0, 0.0, 10.52428150177002, 2.8318567276000977, 0.8679414391517639, 10.646846771240234, 0.0, 0.0, 0.4242721199989319, 0.0, 0.14751915633678436, 0.0, 0.40140536427497864, 0.0, 0.006138633470982313, 0.0, 0.4088885486125946, 0.0, 7.864734172821045, 1.2355049848556519, 1.4011876583099365, 3.214472770690918, 0.0, 0.0, 0.0, 0.0, 0.07768566906452179, 0.0, 0.0, 0.0, 0.0, 0.0, 0.0, 0.0, 0.0, 0.0, 0.0, 0.0, 0.0, 0.0, 0.0475761704146862, 0.0, 0.0, 0.03174725919961929, 0.0, 0.0, 0.0, 0.0, 0.034472234547138214, 0.0, 0.010741909965872765, 0.0, 0.022009050473570824, 0.0, 0.0, 0.0, 0.0, 0.0, 0.0, 0.0, 0.0, 0.0, 0.0, 0.0, 0.0, 0.0, 0.0, 0.0, 0.0, 0.0]]
Time 1325.2815244197845
