Created graph
[-7.0, -5, -3.0]
[-4.0, -3.0, -2.0]
[-3.5, -3.0, -2.5]
[-3.75, -3.5, -3.25]
[-3.875, -3.75, -3.625]
[-3.9375, -3.875, -3.8125]
1 3 5
Score: 73.91045
Signatures: [[0.10660083591938019, 0.1786259263753891, 0.04082062467932701, 0.06458549201488495, 0.10911446064710617, 0.0, 0.044754911214113235, 0.12929359078407288, 0.0, 0.02164168655872345, 0.057871315628290176, 0.13910111784934998, 2.8114657402038574, 0.9698818325996399, 0.35475099086761475, 1.2304648160934448, 0.2112785428762436, 0.1509675830602646, 0.1439710259437561, 0.1490301638841629, 0.2775545120239258, 0.01414707861840725, 0.0, 0.40165817737579346, 0.1245918795466423, 0.049882058054208755, 0.05256018042564392, 0.1911858171224594, 14.241739273071289, 4.743862152099609, 1.1329928636550903, 18.536540985107422, 0.295206755399704, 0.030169935896992683, 0.0, 0.11642763018608093, 0.6569120287895203, 1.8410419215797447e-05, 0.0, 0.17296543717384338, 0.10576891154050827, 0.0, 0.0, 0.30044010281562805, 20.4621639251709, 4.644862651824951, 4.230283737182617, 8.68493938446045, 0.0, 0.01571391522884369, 0.10572762787342072, 0.0, 0.15307243168354034, 0.00025765362079255283, 0.03218676149845123, 0.071725033223629, 0.05049583315849304, 0.0517125129699707, 0.026478411629796028, 0.03736700117588043, 0.0, 0.049988873302936554, 0.017689161002635956, 0.014399416744709015, 0.05036558955907822, 0.07226710021495819, 0.1600465029478073, 0.14167295396327972, 0.0, 0.15193793177604675, 0.0, 0.06828534603118896, 0.0, 0.0, 0.0, 0.1530979573726654, 0.004905307199805975, 0.05584963411092758, 0.029195766896009445, 0.0, 0.0, 0.002784513868391514, 0.011960783042013645, 0.02278277277946472, 0.016486454755067825, 0.03383507952094078, 0.0, 0.07995964586734772, 0.004408980719745159, 0.0, 0.015529781579971313, 0.039074383676052094, 0.022600332275032997, 0.0, 0.13025201857089996, 0.06090665981173515], [1.5631680488586426, 2.0936365127563477, 0.6079177260398865, 1.2103166580200195, 1.513597846031189, 1.7418804168701172, 0.5792548656463623, 1.494842290878296, 1.6238194704055786, 1.5574054718017578, 0.32812851667404175, 1.3402314186096191, 1.3062344789505005, 1.9753050804138184, 0.45064032077789307, 1.9569023847579956, 1.1476558446884155, 0.9972190856933594, 0.6943408250808716, 1.2164665460586548, 1.0263770818710327, 1.1738137006759644, 0.7452574968338013, 1.5098977088928223, 0.5851802825927734, 0.966246485710144, 0.4520939588546753, 1.1028525829315186, 1.9208027124404907, 1.6790130138397217, 0.6953937411308289, 2.878649950027466, 1.831762671470642, 1.765295147895813, 7.347936153411865, 1.705836296081543, 2.0292234420776367, 1.864417552947998, 6.093878269195557, 2.424406051635742, 2.3766252994537354, 2.567775249481201, 7.018741130828857, 2.260956287384033, 0.0, 2.6631226539611816, 3.0042834281921387, 0.12227238714694977, 0.4866974949836731, 0.8226388096809387, 0.6120340824127197, 0.4910619258880615, 0.290719598531723, 0.9989862442016602, 1.070663571357727, 0.8589892983436584, 0.28778257966041565, 0.597052812576294, 0.559873104095459, 0.4294281303882599, 0.4526878297328949, 0.4456292688846588, 0.3831138610839844, 0.5775440335273743, 1.1184520721435547, 0.9495168924331665, 1.548372745513916, 1.5492408275604248, 0.5773563981056213, 1.235064148902893, 1.2210829257965088, 1.3485326766967773, 1.4095348119735718, 0.7290864586830139, 1.183867335319519, 0.9689151644706726, 0.7850842475891113, 1.1398299932479858, 0.7789396047592163, 0.6359255313873291, 0.23791374266147614, 0.2640560269355774, 0.4575974941253662, 0.3729180693626404, 0.25944992899894714, 0.4663478434085846, 0.8671489953994751, 0.9159612059593201, 0.2855322062969208, 0.3563854992389679, 0.6225343942642212, 0.3664695620536804, 0.33809763193130493, 0.40789076685905457, 0.44808441400527954, 0.6736260652542114], [0.0, 0.0, 0.0, 0.0, 0.042495690286159515, 0.0, 0.06241020932793617, 0.07620060443878174, 0.02079450711607933, 0.0, 0.06602151691913605, 0.026694457978010178, 0.43448469042778015, 0.3876170516014099, 0.3376041650772095, 0.4032174348831177, 0.0, 0.0, 0.0, 0.0, 0.0, 0.0, 0.04019036516547203, 0.0, 0.004635725170373917, 0.0, 0.0, 0.0, 0.0, 0.0, 0.0, 0.12273797392845154, 0.3206450641155243, 0.195876345038414, 1.7830965518951416, 0.28584519028663635, 0.9820408821105957, 0.5474278926849365, 2.1991336345672607, 0.62913578748703, 0.5822964310646057, 0.6331011056900024, 1.466033935546875, 0.2795273959636688, 12.838663101196289, 3.356766700744629, 6.483240604400635, 9.340849876403809, 0.0, 0.10015839338302612, 0.18569570779800415, 0.06617999076843262, 0.0, 0.003947253338992596, 0.05368897318840027, 0.0, 0.002910523908212781, 0.02178199775516987, 0.03205517306923866, 0.004417552147060633, 0.018097616732120514, 0.010262630879878998, 0.02393929846584797, 0.0, 0.0763225331902504, 0.0, 0.09335025399923325, 0.06297027319669724, 0.044070884585380554, 0.0, 0.2052570879459381, 0.0, 0.09040257334709167, 0.10506050288677216, 0.04384728893637657, 0.030729064717888832, 0.12882304191589355, 0.0, 0.010754702612757683, 0.1956333965063095, 0.018358027562499046, 0.0, 0.0, 0.0, 0.0, 0.00684655737131834, 0.0, 0.0, 0.0, 0.08491235226392746, 0.0, 0.0, 0.0, 0.07445051521062851, 0.0, 0.0]]
Time 1295.794009923935
