Created graph
[-7.0, -5, -3.0]
[-6.0, -5, -4.0]
[-4.5, -4.0, -3.5]
[-4.25, -4.0, -3.75]
[-4.125, -4.0, -3.875]
[-4.0625, -4.0, -3.9375]
30 4 10
Score: 75.14709
Signatures: [[0.0, 0.0, 0.0, 0.0, 0.0, 0.0, 0.0, 0.0, 0.0, 0.0, 0.05379091203212738, 0.0, 3.1573188304901123, 1.2067985534667969, 0.5887411236763, 1.2681926488876343, 0.0, 0.0, 0.0, 0.0, 0.0, 0.0, 0.0, 0.10828199237585068, 0.1611834466457367, 0.0, 0.0, 0.0, 11.208179473876953, 3.998929262161255, 0.9212070107460022, 17.603443145751953, 0.3634685277938843, 0.0, 0.0, 0.36824432015419006, 1.4929323196411133, 0.2190047651529312, 0.133827343583107, 0.4541078209877014, 0.4959152638912201, 0.17712445557117462, 0.0, 0.5033794045448303, 36.53546142578125, 8.527400970458984, 10.311281204223633, 18.500200271606445, 0.0, 0.0, 0.12048585712909698, 0.0, 0.0, 0.0, 0.0, 0.0, 0.17909160256385803, 0.015962369740009308, 0.0, 0.07094030827283859, 0.0, 0.011876039206981659, 0.0, 0.0, 0.0, 0.0, 0.0, 0.0, 0.0, 0.0, 0.0, 0.0, 0.0, 0.0, 0.0, 0.11545584350824356, 0.02673565223813057, 0.0, 0.0, 0.03290087729692459, 0.0, 0.0, 0.0, 0.0, 0.0, 0.0, 0.0, 0.0, 0.0, 0.0644591897726059, 0.0, 0.0, 0.0, 0.0, 0.0, 0.0], [0.0, 0.0, 0.0, 0.0, 0.0, 0.0, 0.0, 0.0, 0.0, 0.0, 0.02194897085428238, 0.0, 3.711052656173706, 1.1098723411560059, 0.41365858912467957, 1.5891697406768799, 0.18999433517456055, 0.0, 0.0, 0.0, 0.12673255801200867, 0.0, 0.0, 0.06487436592578888, 0.0, 0.0, 0.0, 0.0, 15.787405014038086, 5.189598083496094, 1.0221936702728271, 21.638731002807617, 0.15352056920528412, 0.0, 0.0, 0.0, 1.030882477760315, 0.0, 0.0, 0.23650914430618286, 0.0, 0.0, 0.0, 0.0, 33.42616653442383, 7.25430965423584, 8.69182014465332, 17.738574981689453, 0.0, 0.0, 0.10560233145952225, 0.0, 0.0, 0.0, 0.0, 0.0, 0.0, 0.0, 0.0, 0.0, 0.0, 0.0, 0.0072023458778858185, 0.0, 0.0, 0.0, 0.0, 0.0, 0.0, 0.0, 0.0, 0.0, 0.0, 0.0, 0.0, 0.0, 0.0, 0.0, 0.0, 0.0, 0.0, 0.0, 0.0, 0.0, 0.0, 0.0, 0.0, 0.0, 0.0, 0.0, 0.0, 0.0, 0.0, 0.04906141385436058, 0.07784001529216766, 0.0], [2.7705790996551514, 3.7167890071868896, 1.0361720323562622, 2.110366106033325, 2.678462266921997, 2.8696601390838623, 1.083145260810852, 2.6960439682006836, 2.6430256366729736, 2.6496429443359375, 0.6881908774375916, 2.420947313308716, 2.702090263366699, 3.8942668437957764, 1.0421240329742432, 3.831085681915283, 2.000918388366699, 1.7177196741104126, 1.1979156732559204, 2.0533604621887207, 1.6938831806182861, 1.9561388492584229, 1.378190517425537, 2.6190826892852783, 1.033826470375061, 1.6831482648849487, 0.7603743076324463, 1.8928711414337158, 3.676909923553467, 2.945615768432617, 1.3316141366958618, 5.35181188583374, 3.5973803997039795, 3.3491392135620117, 14.334541320800781, 3.0895490646362305, 4.3666462898254395, 3.7460687160491943, 12.949543952941895, 4.792313575744629, 4.582440376281738, 4.678719520568848, 13.716500282287598, 4.201881408691406, 6.569125175476074, 7.234602451324463, 10.209223747253418, 6.109440803527832, 0.7711988687515259, 1.5660706758499146, 1.3187508583068848, 0.9410342574119568, 0.438831627368927, 1.7131586074829102, 1.9285246133804321, 1.4121901988983154, 0.515385627746582, 1.0689587593078613, 1.0404099225997925, 0.7732489109039307, 0.7733135223388672, 0.8391479849815369, 0.7068859934806824, 0.9285028576850891, 1.9992799758911133, 1.6070549488067627, 2.9380624294281006, 2.8651509284973145, 0.9998194575309753, 2.0063600540161133, 2.244077444076538, 2.2056612968444824, 2.267080783843994, 1.310864806175232, 1.9734666347503662, 1.6993217468261719, 1.3371683359146118, 1.8503047227859497, 1.2283393144607544, 1.2817869186401367, 0.4628804326057434, 0.4360256791114807, 0.7875242829322815, 0.6903663277626038, 0.4411463439464569, 0.8575032353401184, 1.4100334644317627, 1.5814158916473389, 0.4934011995792389, 0.6681020259857178, 1.0610045194625854, 0.6405640244483948, 0.5956338047981262, 0.7334486246109009, 0.8239853382110596, 1.209746241569519], [0.055641382932662964, 0.2174014300107956, 0.07867837697267532, 0.030291249975562096, 0.04569757729768753, 0.0, 0.05442586913704872, 0.1154274195432663, 0.0, 0.0, 0.07733568549156189, 0.05582236871123314, 3.8614449501037598, 1.1232441663742065, 0.6625386476516724, 1.3582534790039062, 0.22295112907886505, 0.2516528367996216, 0.33927232027053833, 0.29163599014282227, 0.5325065851211548, 0.0067032380029559135, 0.0, 0.6288301348686218, 0.10452116280794144, 0.020250115543603897, 0.09437233954668045, 0.38360509276390076, 23.3819580078125, 7.846776962280273, 1.7456214427947998, 29.438432693481445, 0.25519195199012756, 0.0, 0.0, 0.009939213283360004, 0.8500604629516602, 0.0016073434380814433, 0.0, 0.02716275490820408, 0.06026408076286316, 0.0, 0.0, 0.26130157709121704, 29.101638793945312, 6.2897257804870605, 5.0962605476379395, 12.032243728637695, 0.0, 0.0, 0.09640507400035858, 0.0, 0.5075598359107971, 0.0, 0.0, 0.1175355538725853, 0.0003883465251419693, 0.0, 0.00527865020558238, 0.006711489055305719, 0.0, 0.013690445572137833, 0.010430355556309223, 0.020742220804095268, 0.05899443104863167, 0.053276777267456055, 0.16168509423732758, 0.06756684929132462, 0.0, 0.2720334231853485, 0.0, 0.08473721146583557, 0.0, 0.0, 0.0, 0.15438012778759003, 0.01108549628406763, 0.09190265089273453, 0.003269545268267393, 0.0, 0.0, 0.0, 0.008760766126215458, 0.009516331367194653, 0.012374272570014, 0.02706773579120636, 0.0, 0.08937258273363113, 0.020610684528946877, 0.0, 0.0, 0.10338594764471054, 0.005141026806086302, 0.0, 0.2246297150850296, 0.03742799907922745]]
Time 923.6497163772583
