Created graph
[-7.0, -5, -3.0]
[-6.0, -5, -4.0]
[-4.5, -4.0, -3.5]
[-4.25, -4.0, -3.75]
[-4.125, -4.0, -3.875]
[-4.0625, -4.0, -3.9375]
10 4 100
Score: 83.96618
Signatures: [[0.0, 0.0, 0.0, 0.0, 0.0, 0.0, 0.0, 0.0, 0.0, 0.0, 4.0553550206823274e-05, 0.0, 4.115682125091553, 0.8910753130912781, 0.5235268473625183, 1.8027491569519043, 0.0, 0.0, 4.926283145323396e-05, 0.0, 0.14729250967502594, 0.0, 0.0, 0.17697258293628693, 4.9115442379843444e-05, 0.0, 0.0, 0.0, 18.921056747436523, 6.542947292327881, 1.3477323055267334, 26.024438858032227, 0.0, 0.0, 0.0, 0.0, 1.2393145561218262, 0.0, 0.0, 0.0, 0.0, 0.0, 0.0, 0.0, 34.718955993652344, 7.691380023956299, 8.137584686279297, 17.267457962036133, 0.0, 0.0, 0.15794196724891663, 0.0, 0.0410345233976841, 0.0, 0.0, 0.0, 0.00010992553143296391, 0.0, 0.0, 0.006974664982408285, 0.0, 0.0, 0.14408697187900543, 0.0, 0.0, 0.0, 0.0, 0.0, 0.0, 0.0, 0.0, 0.0, 0.0, 0.0, 0.0, 0.006607913412153721, 0.0, 0.0, 0.0, 0.0, 0.0, 0.0, 0.0, 0.0, 0.0, 0.0, 0.0, 0.0, 0.0, 0.0, 0.0, 0.002724343677982688, 0.0, 0.0, 0.2315932959318161, 0.0], [0.714668333530426, 1.5523778200149536, 0.1625855714082718, 0.6391626596450806, 0.7112810015678406, 0.7517728209495544, 0.5109802484512329, 1.0123677253723145, 0.8418776988983154, 0.7540364265441895, 0.19204075634479523, 0.8882489204406738, 3.8681955337524414, 2.225729465484619, 0.9569660425186157, 2.5788285732269287, 0.7542255520820618, 0.6802157759666443, 0.4386877715587616, 0.6923561692237854, 0.8493217825889587, 0.5854278206825256, 0.03425632417201996, 1.264797568321228, 0.39737755060195923, 0.7974824905395508, 0.19476059079170227, 0.8847933411598206, 13.758535385131836, 5.405587196350098, 1.2952903509140015, 18.303197860717773, 1.4466450214385986, 0.8256037831306458, 3.5557572841644287, 1.2181456089019775, 2.240285873413086, 1.1597959995269775, 3.6086947917938232, 2.187171697616577, 1.9121183156967163, 1.1997408866882324, 2.9088966846466064, 1.931525707244873, 24.669225692749023, 7.510229110717773, 8.689369201660156, 13.990589141845703, 0.0, 0.1697474867105484, 0.38534560799598694, 0.06348715722560883, 0.17058536410331726, 0.528391420841217, 0.6852552890777588, 0.5262215733528137, 0.09043761342763901, 0.5139642953872681, 0.6492121815681458, 0.11813557893037796, 0.07931584864854813, 0.4847344160079956, 0.11997328698635101, 0.4209050238132477, 0.5079350471496582, 0.36056414246559143, 0.8441645503044128, 0.6860755085945129, 0.3588634133338928, 0.7332601547241211, 0.5137124061584473, 0.486138254404068, 0.9825678467750549, 0.29150334000587463, 0.4746778905391693, 0.6742743849754333, 0.5194617509841919, 0.3026806712150574, 0.3853832185268402, 0.4113108813762665, 0.0, 0.005802413448691368, 0.1353011280298233, 0.01117207296192646, 0.19362087547779083, 0.09109989553689957, 0.2849024832248688, 0.4305829405784607, 0.014052136801183224, 0.1828862577676773, 0.19238032400608063, 0.06081227958202362, 0.22174499928951263, 0.26989543437957764, 0.33378201723098755, 0.20003634691238403], [2.7041635513305664, 3.6075103282928467, 1.0422782897949219, 2.0199193954467773, 2.5943174362182617, 2.7226035594940186, 1.0242334604263306, 2.5615105628967285, 2.473369598388672, 2.5277605056762695, 0.7429600954055786, 2.258948802947998, 2.9406991004943848, 4.052222728729248, 1.079993724822998, 3.9039993286132812, 2.0328242778778076, 1.675451397895813, 1.1913502216339111, 2.0164783000946045, 1.6977070569992065, 1.8801158666610718, 1.4531995058059692, 2.595991849899292, 1.0415945053100586, 1.5795713663101196, 0.7269396781921387, 1.827876091003418, 4.940038204193115, 3.3101305961608887, 1.4295072555541992, 7.133886337280273, 3.6518983840942383, 3.310933828353882, 14.146166801452637, 3.0337729454040527, 4.527207851409912, 3.7677011489868164, 12.973097801208496, 4.694488525390625, 4.5128302574157715, 4.586983680725098, 13.68759536743164, 4.161298751831055, 9.628178596496582, 7.925512313842773, 10.95446491241455, 7.1991071701049805, 0.7899664640426636, 1.586406946182251, 1.3512941598892212, 0.9598655700683594, 0.48468726873397827, 1.6267552375793457, 1.8120484352111816, 1.3145068883895874, 0.5718379616737366, 0.9718663692474365, 0.8950355648994446, 0.8082446455955505, 0.7637358903884888, 0.7846953868865967, 0.6937927603721619, 0.8698480725288391, 1.9793424606323242, 1.6024836301803589, 2.953167200088501, 2.934948205947876, 0.9522008299827576, 1.9316918849945068, 2.2362184524536133, 2.163750410079956, 2.0679585933685303, 1.302777647972107, 1.939565896987915, 1.6913163661956787, 1.2515839338302612, 1.8407483100891113, 1.1894605159759521, 1.2269395589828491, 0.4774036407470703, 0.45148468017578125, 0.791527271270752, 0.7341794967651367, 0.40036141872406006, 0.85768061876297, 1.3608169555664062, 1.5400640964508057, 0.49522894620895386, 0.6993100047111511, 1.0335078239440918, 0.668584406375885, 0.5593175292015076, 0.7415287494659424, 0.8312844634056091, 1.2537071704864502], [0.0, 0.0, 0.0, 0.0, 0.0, 0.0, 0.0, 0.0, 0.0, 0.0, 2.610898627608549e-05, 0.0, 3.8250579833984375, 0.9833886027336121, 0.514452338218689, 1.0060031414031982, 0.0, 0.0, 0.0, 0.0, 0.0002290883712703362, 0.0, 0.0, 0.0, 0.026784202083945274, 0.0, 0.0, 0.0, 19.948497772216797, 6.417135238647461, 1.3670234680175781, 28.349735260009766, 0.0, 0.0, 0.0, 0.0, 0.5724779963493347, 0.0, 0.0, 0.0, 0.0, 0.0, 0.0, 0.0, 41.98320007324219, 8.59957504272461, 8.949954986572266, 19.46723175048828, 0.0, 0.0, 0.0, 0.0, 0.2510831356048584, 0.0, 0.0, 0.0, 0.0, 0.0, 0.0, 0.0, 0.0, 0.0, 0.0, 0.0, 0.0, 0.0, 0.0, 0.0, 0.0, 0.0, 0.0, 0.0, 0.0, 0.0, 0.0, 0.0, 0.0, 0.0, 0.0, 0.0, 0.0, 0.0, 0.0, 0.0, 0.0, 0.0, 0.0, 0.0, 0.0, 0.0, 0.0, 0.0, 0.0, 0.0, 0.0, 0.0]]
Time 889.1884937286377
