Created graph
[-7.0, -5, -3.0]
[-6.0, -5, -4.0]
[-4.5, -4.0, -3.5]
[-3.75, -3.5, -3.25]
[-3.875, -3.75, -3.625]
[-3.9375, -3.875, -3.8125]
1 4 200
Score: 72.15784
Signatures: [[2.397071361541748, 3.1667873859405518, 0.9132225513458252, 1.7344872951507568, 2.2584965229034424, 2.0474047660827637, 0.8632239103317261, 2.1074955463409424, 1.1751422882080078, 1.997768759727478, 0.3995576500892639, 2.447255849838257, 3.3600709438323975, 4.156730651855469, 0.6070207357406616, 4.699795246124268, 2.2183680534362793, 1.5235027074813843, 1.6676785945892334, 2.5130748748779297, 2.1922051906585693, 1.8858197927474976, 0.590645968914032, 3.226830005645752, 1.0444928407669067, 1.8995463848114014, 0.8990788459777832, 2.366053581237793, 11.024324417114258, 6.715920925140381, 1.6491180658340454, 15.40324878692627, 2.568498134613037, 1.5660938024520874, 2.0767829418182373, 1.9340461492538452, 2.9048914909362793, 1.7118722200393677, 1.2212880849838257, 3.4629714488983154, 2.12107515335083, 0.954452395439148, 0.0, 3.2141737937927246, 11.393243789672852, 7.069438457489014, 4.272263050079346, 6.705658435821533, 0.40726640820503235, 0.8055266737937927, 0.7672772407531738, 0.30161747336387634, 0.6522306203842163, 1.3532131910324097, 1.3965431451797485, 1.656166672706604, 0.4580988585948944, 0.7281330227851868, 0.6881588101387024, 0.6207252144813538, 0.34853610396385193, 0.5521299839019775, 0.4704928696155548, 0.8931068181991577, 1.064762830734253, 1.0741544961929321, 1.1075470447540283, 1.638201117515564, 0.5030795931816101, 1.3339439630508423, 1.2675507068634033, 1.699575424194336, 0.5654183030128479, 0.7759155631065369, 0.0615018792450428, 1.4757312536239624, 0.599513053894043, 0.9659379124641418, 0.2844127416610718, 0.5057023167610168, 0.11820407211780548, 0.4039507806301117, 0.7742159962654114, 0.41121047735214233, 0.3253246545791626, 0.6232090592384338, 0.937703013420105, 1.2444978952407837, 0.2973771393299103, 0.5054758787155151, 0.8269920349121094, 0.5782711505889893, 0.5296345353126526, 0.5139930248260498, 0.7415321469306946, 0.7689113616943359], [2.1006977558135986, 2.8707141876220703, 0.802055835723877, 1.6288386583328247, 2.095451831817627, 2.3800783157348633, 0.8571410179138184, 2.1558659076690674, 2.4756643772125244, 2.1141605377197266, 0.5760290622711182, 1.718883991241455, 1.8626089096069336, 2.922363042831421, 0.8938411474227905, 2.6165719032287598, 1.4751505851745605, 1.3235304355621338, 0.7536881566047668, 1.3883905410766602, 1.1967973709106445, 1.434386134147644, 1.2341755628585815, 1.8014421463012695, 0.7982048392295837, 1.137420654296875, 0.5121892094612122, 1.270438313484192, 0.7643105387687683, 1.3240888118743896, 0.8747664093971252, 0.8751269578933716, 3.0327506065368652, 2.954882860183716, 14.604650497436523, 2.7801406383514404, 3.62911057472229, 3.3939952850341797, 13.150668144226074, 4.033795356750488, 4.32584285736084, 4.917881488800049, 14.661886215209961, 3.5806984901428223, 1.7408331632614136, 5.2353835105896, 8.846506118774414, 3.5945329666137695, 0.7131871581077576, 1.3628846406936646, 1.1098657846450806, 0.8734280467033386, 0.3032713830471039, 1.3420337438583374, 1.5108799934387207, 0.965480625629425, 0.41963034868240356, 0.8894221782684326, 0.8274737596511841, 0.6109183430671692, 0.7094347476959229, 0.6902246475219727, 0.5853539705276489, 0.7094447016716003, 1.8143242597579956, 1.3818764686584473, 2.696817636489868, 2.48274564743042, 0.91128009557724, 1.8408352136611938, 1.9817068576812744, 1.8659884929656982, 2.4398934841156006, 1.1530535221099854, 2.209104537963867, 1.386863112449646, 1.33677339553833, 1.7306673526763916, 1.338402509689331, 1.1832141876220703, 0.4263305366039276, 0.3304575979709625, 0.5716449618339539, 0.5622419118881226, 0.35637515783309937, 0.6739164590835571, 1.195264458656311, 1.2568738460540771, 0.4086979031562805, 0.5562331080436707, 0.8477566838264465, 0.4795830547809601, 0.44386619329452515, 0.6394724249839783, 0.6338003277778625, 1.0246663093566895], [0.0, 0.0, 0.0, 0.0, 0.0, 0.0, 0.0, 0.0, 0.0, 0.0, 0.0, 0.0, 3.5122385025024414, 0.913737952709198, 0.7717317342758179, 1.4101227521896362, 0.0, 0.0, 0.0, 0.0, 0.0, 0.0, 0.0, 0.0, 0.0, 0.0, 0.0, 0.0, 10.928309440612793, 3.489509105682373, 0.5848098397254944, 19.358684539794922, 0.04665481671690941, 0.0, 0.0301214549690485, 0.0, 1.2806514501571655, 0.06759989261627197, 0.4691433608531952, 0.05924833193421364, 0.04430580139160156, 0.0, 0.0, 0.0, 46.618019104003906, 9.76650619506836, 12.892106056213379, 24.8846435546875, 0.0, 0.0, 0.14367352426052094, 0.0, 0.0, 0.0, 0.0, 0.0, 0.0, 0.0, 0.0, 0.0, 0.0, 0.0, 0.0, 0.0, 0.0, 0.0, 0.0, 0.0, 0.0, 0.0, 0.0, 0.0, 0.0, 0.0, 0.0, 0.0, 0.0, 0.0, 0.0, 0.029330870136618614, 0.0, 0.0, 0.0, 0.0, 0.0, 0.0, 0.0, 0.0, 0.0, 0.0, 0.0, 0.0, 0.0, 0.0, 0.0, 0.0], [0.0, 0.0, 0.0, 0.0, 0.0, 0.0, 0.0, 0.0, 0.0, 0.0, 0.08311494439840317, 0.0, 3.9092187881469727, 0.7445721626281738, 0.414742112159729, 0.768577516078949, 0.0, 0.00807602982968092, 0.0, 0.0, 0.06971099972724915, 0.0, 0.0, 0.08932284265756607, 0.0, 0.0, 0.0, 0.0, 26.032176971435547, 7.84365701675415, 2.0532641410827637, 29.530534744262695, 0.12432124465703964, 0.0, 0.5280013680458069, 0.0, 0.814513087272644, 0.0, 0.08522126078605652, 0.0, 0.030605878680944443, 0.0, 0.34790363907814026, 0.0, 25.222841262817383, 5.249978542327881, 4.940748691558838, 9.771986961364746, 0.0, 0.0, 0.0482986755669117, 0.0, 0.25481629371643066, 0.0, 0.0, 0.0, 0.0, 0.0, 0.0, 0.0, 0.0, 0.0, 0.0, 0.0, 0.0, 0.0, 0.21873781085014343, 0.0, 0.0, 0.06766072660684586, 0.0, 0.0, 0.0, 0.0, 0.0, 0.0, 0.0, 0.0, 0.0, 0.0, 0.0, 0.0, 0.0, 0.0, 0.0, 0.0, 0.0, 0.0, 0.0, 0.0, 0.0, 0.017676278948783875, 0.0, 0.0, 0.14723603427410126, 0.0]]
Time 1336.2635354995728
