Created graph
[-7.0, -5, -3.0]
[-6.0, -5, -4.0]
[-4.5, -4.0, -3.5]
[-4.25, -4.0, -3.75]
[-4.125, -4.0, -3.875]
[-4.0625, -4.0, -3.9375]
10 4 150
Score: 88.69101
Signatures: [[0.0, 0.11650702357292175, 0.0, 0.0, 0.0, 0.0, 0.0, 0.0, 0.0, 0.0, 0.0, 0.0, 3.624424457550049, 0.9439722895622253, 0.4496324062347412, 1.1972949504852295, 0.0, 0.0, 0.11423777043819427, 0.2166769951581955, 0.0, 0.0, 0.0, 0.14648540318012238, 0.0, 0.0, 0.10676199197769165, 0.1422441601753235, 18.3035888671875, 5.877920627593994, 1.1747812032699585, 24.9857234954834, 0.0, 0.0, 0.0, 0.0, 0.6407079696655273, 0.0, 0.0, 0.26328569650650024, 0.0, 0.0, 0.0, 0.0, 35.083492279052734, 7.678154945373535, 7.597120761871338, 16.710660934448242, 0.0, 0.0, 0.0, 0.0, 0.3245297372341156, 0.0, 0.0, 0.0, 0.0, 0.0, 0.0, 0.0, 0.012689419090747833, 0.0, 0.0, 0.0, 0.0, 0.0, 0.0, 0.0, 0.03564326465129852, 0.0, 0.0, 0.0, 0.0, 0.0, 0.0, 0.0, 0.0, 0.0, 0.11098860204219818, 0.10568580031394958, 0.0, 0.0, 0.0, 0.0, 0.0, 0.0, 0.0, 0.11566979438066483, 0.0974501520395279, 0.03616040199995041, 0.0, 0.03777720034122467, 0.08323397487401962, 0.0, 0.05582984909415245, 0.0], [2.7858715057373047, 3.6856281757354736, 1.0485221147537231, 2.0952401161193848, 2.68884015083313, 2.879664421081543, 1.132707118988037, 2.5377650260925293, 2.5896408557891846, 2.651775598526001, 0.7380633354187012, 2.404317617416382, 3.204150438308716, 4.242232799530029, 1.1893486976623535, 4.010488033294678, 2.002955198287964, 1.755777359008789, 1.1534805297851562, 2.026592493057251, 1.6941322088241577, 1.9673805236816406, 1.4639885425567627, 2.6776633262634277, 1.0842920541763306, 1.6420584917068481, 0.7299224734306335, 1.9405148029327393, 6.019989013671875, 3.767645835876465, 1.5077708959579468, 8.504071235656738, 3.705986976623535, 3.43351674079895, 14.534524917602539, 3.047884225845337, 4.684626579284668, 3.898832082748413, 13.321672439575195, 4.876507759094238, 4.6905388832092285, 4.638880729675293, 14.01922607421875, 4.286444664001465, 11.619531631469727, 8.461417198181152, 11.399858474731445, 8.338793754577637, 0.7746579051017761, 1.5474969148635864, 1.3531324863433838, 0.9984919428825378, 0.5056453347206116, 1.6860055923461914, 1.864535927772522, 1.3451638221740723, 0.5216756463050842, 1.0002307891845703, 0.9998907446861267, 0.8409839272499084, 0.7522536516189575, 0.8531883955001831, 0.7016465663909912, 0.9092849493026733, 2.0179898738861084, 1.5967612266540527, 3.033133029937744, 2.958728075027466, 0.9502330422401428, 1.9645345211029053, 2.305638551712036, 2.200282573699951, 2.1428627967834473, 1.2718195915222168, 1.9438201189041138, 1.7744015455245972, 1.191298007965088, 1.8175557851791382, 1.196840763092041, 1.306890606880188, 0.48166483640670776, 0.4508392810821533, 0.8289042711257935, 0.6911879777908325, 0.4335383474826813, 0.9027518630027771, 1.4167412519454956, 1.5764340162277222, 0.4781261682510376, 0.7031121253967285, 1.072352647781372, 0.6837146282196045, 0.559643030166626, 0.728992760181427, 0.8678538203239441, 1.3306668996810913], [0.0, 0.009783532470464706, 0.0, 0.0, 0.0, 0.0, 0.0, 0.0, 0.0, 0.0, 0.0, 0.0, 4.375746726989746, 0.9518569111824036, 0.38087329268455505, 1.3229135274887085, 0.0, 0.09490934759378433, 0.0, 0.0, 0.3686465322971344, 0.0, 0.0, 0.024485765025019646, 0.03028886206448078, 0.07664938271045685, 0.0, 0.0, 18.370241165161133, 6.365088939666748, 1.3991466760635376, 26.329538345336914, 0.06347104907035828, 0.0, 0.0, 0.025468735024333, 0.6004811525344849, 0.0, 0.0, 0.0, 0.0, 0.0, 0.0, 0.1471884697675705, 36.031795501708984, 7.9434051513671875, 8.523405075073242, 17.54141616821289, 0.0, 0.0, 0.0, 0.0, 0.02934635430574417, 0.0, 0.0, 0.0, 0.020296180620789528, 0.0, 0.05363708734512329, 0.0, 0.0, 0.0, 0.0, 0.0, 0.0, 0.0, 0.0, 0.0, 0.0, 0.0, 0.0, 0.0, 0.0, 0.0, 0.0, 0.0, 0.0, 0.0, 0.0, 0.0, 0.0, 0.0, 0.0, 0.0, 0.0, 0.0, 0.0, 0.0, 0.0, 0.0, 0.0, 0.0, 0.0, 0.0, 0.036730535328388214, 0.0], [0.2704038619995117, 0.6428781151771545, 0.0, 0.06433669477701187, 0.08409299701452255, 0.0, 0.06893149763345718, 0.7484457492828369, 0.07524900138378143, 0.018317099660634995, 0.1962396800518036, 0.1996876746416092, 3.5170369148254395, 1.7089656591415405, 0.9156656861305237, 2.5020501613616943, 0.7462456226348877, 0.12901870906352997, 0.33446672558784485, 0.09415532648563385, 0.38017207384109497, 0.023972732946276665, 0.0, 0.7571345567703247, 0.22060199081897736, 0.16211152076721191, 0.0, 0.16952307522296906, 15.979700088500977, 5.745861530303955, 1.3793936967849731, 22.470863342285156, 0.8793273568153381, 0.24552972614765167, 1.357679843902588, 0.73256915807724, 2.318662405014038, 0.43031632900238037, 1.661089301109314, 0.7574185729026794, 0.848726749420166, 0.5414441227912903, 0.6489492058753967, 0.8962991833686829, 31.37783432006836, 7.940688133239746, 9.304388046264648, 16.203227996826172, 0.0, 0.3112199604511261, 0.5885277986526489, 0.0, 0.0790417343378067, 0.15234699845314026, 0.3516080975532532, 0.2611437141895294, 0.2676180303096771, 0.3001779317855835, 0.0, 0.04416538402438164, 0.0, 0.16279920935630798, 0.23567189276218414, 0.16515935957431793, 0.1682197004556656, 0.23553398251533508, 0.5196629166603088, 0.4917229413986206, 0.19848395884037018, 0.3994711637496948, 0.035901617258787155, 0.1593572050333023, 0.24097619950771332, 0.3531961441040039, 0.013957374729216099, 0.3974073827266693, 0.6310102343559265, 0.09454197436571121, 0.0, 0.0, 0.0, 0.0, 0.00939435139298439, 0.15431341528892517, 0.031332407146692276, 0.0, 0.0, 0.0, 0.0, 0.06249389052391052, 0.035910021513700485, 0.0, 0.028674332424998283, 0.2961428165435791, 0.2865298092365265, 0.0]]
Time 893.7253262996674
