Created graph
[-7.0, -5, -3.0]
[-6.0, -5, -4.0]
[-4.5, -4.0, -3.5]
[-4.25, -4.0, -3.75]
[-4.125, -4.0, -3.875]
[-4.1875, -4.125, -4.0625]
30 3 150
Score: 125.669876
Signatures: [[0.6648683547973633, 1.4647585153579712, 0.08590859174728394, 0.22701890766620636, 0.7050198912620544, 0.8092629313468933, 0.4003865718841553, 0.4473230838775635, 0.38403579592704773, 0.48630571365356445, 0.3346293270587921, 0.9607294201850891, 4.293918132781982, 2.119595766067505, 1.0283074378967285, 2.3462154865264893, 0.8982394933700562, 0.5662454962730408, 0.53233802318573, 0.7455277442932129, 0.7537172436714172, 0.6147435307502747, 0.30214446783065796, 1.1915273666381836, 0.36865195631980896, 0.45431071519851685, 0.12035025656223297, 1.1770448684692383, 17.673160552978516, 6.498806476593018, 1.5598781108856201, 25.64574432373047, 1.1745455265045166, 0.8841462731361389, 3.4733481407165527, 0.7749535441398621, 2.6639997959136963, 1.104002833366394, 3.816253423690796, 1.6453369855880737, 1.8714871406555176, 1.3098949193954468, 3.558650493621826, 1.4186792373657227, 34.339935302734375, 9.906997680664062, 11.045686721801758, 17.559865951538086, 0.16303463280200958, 0.4465012848377228, 0.3896713852882385, 0.058994077146053314, 0.23722462356090546, 0.711369514465332, 0.2881278395652771, 0.3686986267566681, 0.11929803341627121, 0.17576968669891357, 0.509672999382019, 0.19809401035308838, 0.1127646267414093, 0.2997804880142212, 0.31043541431427, 0.40420156717300415, 0.6026648879051208, 0.2008659988641739, 0.7472279667854309, 1.3563640117645264, 0.34046193957328796, 0.9373151659965515, 0.48245981335639954, 0.48170724511146545, 0.6828230619430542, 0.2614317834377289, 0.44232532382011414, 0.5340961217880249, 0.5543298125267029, 0.40937063097953796, 0.5851138830184937, 0.3705933094024658, 0.0006652281153947115, 0.005634521134197712, 0.061195529997348785, 0.0, 0.2797977328300476, 0.11679557710886002, 0.37915486097335815, 0.42416125535964966, 0.013960491865873337, 0.07086410373449326, 0.1775994449853897, 0.032634247094392776, 0.02555275708436966, 0.1816404014825821, 0.2085867077112198, 0.30784448981285095], [0.9291741847991943, 1.2233079671859741, 0.48258063197135925, 0.8170284032821655, 0.9626383185386658, 0.6185013055801392, 0.1641124039888382, 1.3769339323043823, 0.7467998266220093, 0.916476309299469, 0.17833063006401062, 0.9154396057128906, 4.7206950187683105, 2.580026626586914, 0.9864227175712585, 2.6798746585845947, 0.9635894298553467, 0.7440681457519531, 0.6222712993621826, 0.6793801188468933, 0.8090628385543823, 0.42087435722351074, 0.37150606513023376, 1.2661393880844116, 0.42292413115501404, 0.26513463258743286, 0.4648614823818207, 0.39663565158843994, 17.368173599243164, 7.212247848510742, 1.8031665086746216, 25.719274520874023, 1.6228116750717163, 0.9187344908714294, 5.1117963790893555, 1.0542114973068237, 2.5670506954193115, 1.539420247077942, 4.98858642578125, 2.076847791671753, 1.9140948057174683, 1.597408413887024, 4.190407752990723, 2.034623861312866, 34.306663513183594, 10.164166450500488, 11.283679962158203, 17.60967254638672, 0.1520371288061142, 0.4366169273853302, 0.7532574534416199, 0.31563013792037964, 0.3404255211353302, 0.4854010343551636, 0.8068536520004272, 0.4096074104309082, 0.15242426097393036, 0.15592417120933533, 0.23702125251293182, 0.27547362446784973, 0.1978406012058258, 0.15448221564292908, 0.31623464822769165, 0.21741433441638947, 0.5289324522018433, 0.5311311483383179, 0.8023050427436829, 1.1761754751205444, 0.17094877362251282, 0.5488121509552002, 0.681215763092041, 0.8742678165435791, 0.3466596007347107, 0.584357500076294, 0.4601888656616211, 0.44288375973701477, 0.5956054329872131, 0.6759217381477356, 0.3103135824203491, 0.5475521683692932, 0.18715550005435944, 0.10061179101467133, 0.3951667249202728, 0.2594189941883087, 0.07045547664165497, 0.07698354125022888, 0.13960623741149902, 0.5298322439193726, 0.37427380681037903, 0.1968759298324585, 0.08510814607143402, 0.20798009634017944, 0.03806034475564957, 0.32159218192100525, 0.5227842926979065, 0.3043067455291748], [1.9185291528701782, 2.6476287841796875, 0.707904577255249, 1.4987094402313232, 1.8116689920425415, 1.8728057146072388, 0.8158442378044128, 1.799208402633667, 1.8292467594146729, 1.774366855621338, 0.5698767304420471, 1.5212289094924927, 3.811501979827881, 3.5241241455078125, 0.9927564859390259, 3.4122302532196045, 1.3533767461776733, 1.2068278789520264, 0.7650906443595886, 1.409825325012207, 1.2430062294006348, 1.3466204404830933, 1.0554356575012207, 1.8822318315505981, 0.7563785910606384, 1.238224744796753, 0.4600948393344879, 1.3158342838287354, 11.22039794921875, 4.860198020935059, 1.5427364110946655, 16.11487579345703, 2.6916069984436035, 2.4652304649353027, 10.333271026611328, 2.3278708457946777, 3.7503721714019775, 2.801581621170044, 9.495030403137207, 3.470550775527954, 3.1726481914520264, 3.174461841583252, 9.792731285095215, 3.003673791885376, 21.88580322265625, 9.15030574798584, 11.462684631347656, 12.571457862854004, 0.5164505839347839, 1.1379215717315674, 1.0212360620498657, 0.7146471738815308, 0.3999806344509125, 1.087229609489441, 1.3282607793807983, 0.946925163269043, 0.45038121938705444, 0.8295996785163879, 0.6652204990386963, 0.6001495718955994, 0.5429027080535889, 0.6509235501289368, 0.4845049977302551, 0.6284258961677551, 1.4279193878173828, 1.1926770210266113, 2.3071203231811523, 2.0526506900787354, 0.7324792742729187, 1.3265330791473389, 1.6738743782043457, 1.4421499967575073, 1.4507086277008057, 0.9125996232032776, 1.3819336891174316, 1.3861680030822754, 0.7800865173339844, 1.2383477687835693, 0.7455854415893555, 0.8625322580337524, 0.35857343673706055, 0.33226773142814636, 0.5727106332778931, 0.5629830956459045, 0.2669888734817505, 0.7152200937271118, 0.9728192687034607, 1.0837154388427734, 0.3209243416786194, 0.5706671476364136, 0.8300794363021851, 0.5275558829307556, 0.4969886839389801, 0.5498437285423279, 0.6850268244743347, 0.9434571266174316]]
Time 551.5338332653046
