Created graph
[-7.0, -5, -3.0]
[-6.0, -5, -4.0]
[-4.5, -4.0, -3.5]
[-4.25, -4.0, -3.75]
[-3.875, -3.75, -3.625]
[-3.8125, -3.75, -3.6875]
30 3 5
Score: 73.39439
Signatures: [[0.39131635427474976, 0.9319779276847839, 0.0, 0.3771193027496338, 0.4801557958126068, 0.006328004878014326, 0.3566546142101288, 0.7251077890396118, 0.18578727543354034, 0.3155706524848938, 0.13732942938804626, 0.6799762845039368, 1.535207986831665, 1.7217700481414795, 0.8051717281341553, 2.2861883640289307, 0.4698237180709839, 0.014711851254105568, 0.0, 0.11412283033132553, 0.16239255666732788, 0.11180555075407028, 0.16793642938137054, 0.3107008934020996, 0.3235810399055481, 0.290562242269516, 0.04162611812353134, 0.10291863977909088, 0.0, 0.0, 0.036830876022577286, 1.5761016607284546, 1.2422106266021729, 0.6861328482627869, 2.9595985412597656, 0.8997997641563416, 2.636615037918091, 1.3202564716339111, 3.7231979370117188, 1.9634504318237305, 1.3811590671539307, 1.422860026359558, 1.9207881689071655, 1.3184500932693481, 27.464609146118164, 8.184459686279297, 12.421555519104004, 19.788379669189453, 0.0, 0.30750253796577454, 0.631691575050354, 0.21232083439826965, 0.0, 0.4109826385974884, 0.4512985646724701, 0.0, 0.16739815473556519, 0.24213196337223053, 0.21513648331165314, 0.17836429178714752, 0.02179075963795185, 0.2115686535835266, 0.1096554547548294, 0.01910937763750553, 0.23278655111789703, 0.06542365998029709, 0.27676162123680115, 0.5131352543830872, 0.16307997703552246, 0.0, 0.543366014957428, 0.0, 0.017883548513054848, 0.24051684141159058, 0.0, 0.293998122215271, 0.2286742478609085, 0.0, 0.019300807267427444, 0.4911837875843048, 0.019598543643951416, 0.0, 0.09277725964784622, 0.003039351897314191, 0.026483651250600815, 0.1111132875084877, 0.0, 0.0, 0.0, 0.2925160825252533, 0.09681254625320435, 0.0, 0.04308105260133743, 0.2648946940898895, 0.18634487688541412, 0.0], [0.001246067462489009, 0.0053328159265220165, 0.04759933799505234, 0.00017613614909350872, 0.0012571499682962894, 0.0, 0.0, 0.0014387109549716115, 0.0, 0.0, 0.09516829252243042, 0.00024597239098511636, 5.426724910736084, 1.475579857826233, 0.659884512424469, 1.6304644346237183, 0.15143044292926788, 0.2145736813545227, 0.23945559561252594, 0.16414642333984375, 0.4134601950645447, 9.864633466349915e-05, 0.0, 0.5664179921150208, 0.09081736207008362, 4.486472244025208e-05, 0.05809376761317253, 0.26689109206199646, 28.82210922241211, 9.599383354187012, 2.2156710624694824, 37.19623565673828, 0.2304946482181549, 0.0, 0.0, 0.0194237120449543, 1.0011605024337769, 0.0, 0.0, 0.0010104733519256115, 0.010541564784944057, 0.0, 0.0, 0.16155147552490234, 42.06764221191406, 8.951963424682617, 8.781449317932129, 17.892333984375, 0.0, 0.0, 0.06573546677827835, 0.0, 0.30477175116539, 0.0, 0.0, 0.09744410961866379, 0.026792367920279503, 0.00016460737970191985, 0.0, 0.0005482913111336529, 0.0, 0.005265224725008011, 0.00014021690003573895, 0.000492028659209609, 0.015665777027606964, 0.05458883196115494, 0.18971803784370422, 0.023794619366526604, 0.0, 0.23537394404411316, 0.0, 0.05916218459606171, 0.0, 0.0, 0.0, 0.12875178456306458, 0.0, 0.04194164276123047, 0.004715208429843187, 0.0, 0.0, 1.0250100785924587e-05, 0.0, 0.014973081648349762, 0.012907653115689754, 0.006210167892277241, 0.0, 0.1071292981505394, 6.36879340163432e-05, 0.0, 0.0, 0.0639231726527214, 0.004437774419784546, 0.0, 0.15662842988967896, 0.07429694384336472], [3.0473952293395996, 3.973036766052246, 1.242038369178772, 2.3115952014923096, 2.965078115463257, 3.457109212875366, 1.1221404075622559, 2.8884241580963135, 3.1738970279693604, 2.9663360118865967, 0.7175342440605164, 2.5179004669189453, 2.563324451446533, 3.9266555309295654, 0.9515714049339294, 3.6991612911224365, 2.2284860610961914, 1.9895132780075073, 1.3721325397491455, 2.388209342956543, 1.992618203163147, 2.26165771484375, 1.5147764682769775, 2.948801279067993, 1.1193968057632446, 1.852988839149475, 0.8770735859870911, 2.155912399291992, 3.892867088317871, 3.335905075073242, 1.4091964960098267, 5.046921730041504, 3.747814178466797, 3.6034045219421387, 15.97513484954834, 3.472977638244629, 4.208323001861572, 3.8636553287506104, 13.567166328430176, 4.93886661529541, 5.013199806213379, 5.23751974105835, 15.538537979125977, 4.546165943145752, 0.0, 5.718578815460205, 7.798358917236328, 1.113919973373413, 0.9867182374000549, 1.6739501953125, 1.258220911026001, 0.9817960858345032, 0.5593953132629395, 1.8257019519805908, 2.0234620571136475, 1.709709644317627, 0.5539676547050476, 1.1737866401672363, 1.1012732982635498, 0.836839497089386, 0.9295164346694946, 0.8708600401878357, 0.780243992805481, 1.125167965888977, 2.315544843673706, 1.910753607749939, 3.274423599243164, 3.141242504119873, 1.1402006149291992, 2.5171899795532227, 2.4595823287963867, 2.7465622425079346, 2.9446825981140137, 1.493786096572876, 2.519946336746216, 1.947420597076416, 1.6273226737976074, 2.31760573387146, 1.6004568338394165, 1.293190836906433, 0.5097916722297668, 0.5367465615272522, 0.8712173104286194, 0.7778871059417725, 0.5023807287216187, 0.9476404190063477, 1.720048427581787, 1.886248230934143, 0.5870496034622192, 0.6808912754058838, 1.2219491004943848, 0.7517015337944031, 0.6789172291755676, 0.7881327271461487, 0.8769263625144958, 1.413163661956787]]
Time 599.7667090892792
