Created graph
[-7.0, -5, -3.0]
[-6.0, -5, -4.0]
[-4.5, -4.0, -3.5]
[-4.25, -4.0, -3.75]
[-3.875, -3.75, -3.625]
[-3.9375, -3.875, -3.8125]
1 3 100
Score: 74.85199
Signatures: [[2.602038860321045, 3.4756321907043457, 0.9958157539367676, 1.9938298463821411, 2.5593321323394775, 2.8598573207855225, 1.0195101499557495, 2.5708112716674805, 2.7018043994903564, 2.5815517902374268, 0.6069959998130798, 2.2665512561798096, 2.2534024715423584, 3.493687868118286, 0.9306187629699707, 3.395576000213623, 1.9025102853775024, 1.5836350917816162, 1.0844475030899048, 1.9484566450119019, 1.6324394941329956, 1.8987771272659302, 1.3105183839797974, 2.384638786315918, 0.9815722107887268, 1.6023731231689453, 0.7107775807380676, 1.7226929664611816, 2.1456265449523926, 2.374828815460205, 1.0934017896652222, 2.9348087310791016, 3.3527510166168213, 3.1706035137176514, 14.09878921508789, 3.089207649230957, 3.903895378112793, 3.519148826599121, 12.342772483825684, 4.511690139770508, 4.478646278381348, 4.867134094238281, 13.50351333618164, 4.039947509765625, 1.8448388576507568, 5.8892951011657715, 8.553564071655273, 3.7692878246307373, 0.8016932606697083, 1.4902708530426025, 1.1762712001800537, 0.894290566444397, 0.42482948303222656, 1.662732720375061, 1.8133933544158936, 1.3472034931182861, 0.49400174617767334, 1.0328530073165894, 0.9645637273788452, 0.7246153354644775, 0.7764425873756409, 0.7714906930923462, 0.6645918488502502, 0.9432915449142456, 1.9631452560424805, 1.593226432800293, 2.7464840412139893, 2.707756996154785, 0.9946662783622742, 2.0309996604919434, 2.230695962905884, 2.213698387145996, 2.4697840213775635, 1.3062385320663452, 2.083354949951172, 1.6414660215377808, 1.4219920635223389, 1.8795245885849, 1.3417257070541382, 1.219897985458374, 0.4245447516441345, 0.43031546473503113, 0.7432131767272949, 0.6288297176361084, 0.4213198125362396, 0.7866995930671692, 1.4021568298339844, 1.4888907670974731, 0.45717862248420715, 0.6356885433197021, 1.03384268283844, 0.5792044401168823, 0.5697432160377502, 0.7511231899261475, 0.7379189729690552, 1.1337164640426636], [0.1858953833580017, 0.423880934715271, 0.09423822164535522, 0.12644657492637634, 0.18739670515060425, 0.0, 0.09888230264186859, 0.22960059344768524, 0.0, 0.00464091170579195, 0.15242618322372437, 0.21671251952648163, 4.674302577972412, 1.7646560668945312, 0.45468443632125854, 2.006929636001587, 0.39831027388572693, 0.33267879486083984, 0.347282737493515, 0.30877578258514404, 0.5837647914886475, 0.027150241658091545, 0.0, 0.8785496354103088, 0.22288912534713745, 0.09906202554702759, 0.12065459787845612, 0.47514963150024414, 27.460460662841797, 9.23770523071289, 2.2567405700683594, 32.06423568725586, 0.6671279668807983, 0.07192329317331314, 0.1354484111070633, 0.22580304741859436, 1.1659152507781982, 0.05303146317601204, 0.0, 0.37951403856277466, 0.37987276911735535, 0.0, 0.0, 0.686869204044342, 26.213979721069336, 6.4958038330078125, 5.237033843994141, 9.786489486694336, 0.0, 0.03526324778795242, 0.19018571078777313, 0.0, 0.3554418087005615, 0.0, 0.03703606501221657, 0.18065625429153442, 0.08472809195518494, 0.059918638318777084, 0.050294555723667145, 0.06666750460863113, 0.0, 0.0789509266614914, 0.04887975752353668, 0.018535472452640533, 0.11498868465423584, 0.10287079960107803, 0.32141801714897156, 0.20973323285579681, 0.0, 0.29135310649871826, 0.0, 0.14829160273075104, 0.0, 0.0010995554039254785, 0.0, 0.3056243062019348, 0.03953002393245697, 0.08791125565767288, 0.000828801654279232, 0.0, 0.0, 0.006330214440822601, 0.04099307581782341, 0.033635854721069336, 0.031104374676942825, 0.06975290179252625, 0.0, 0.18262839317321777, 0.03315148875117302, 0.0, 0.014984328299760818, 0.1262996792793274, 0.018751515075564384, 0.0, 0.27450430393218994, 0.1111677810549736], [0.0, 0.0, 0.0, 0.0, 0.0, 0.0, 0.0, 0.0, 0.0, 0.0, 0.0005658080335706472, 0.0, 2.193171262741089, 0.6643800735473633, 0.7073404788970947, 1.0639082193374634, 0.0, 0.0, 0.0, 0.0, 0.0, 0.0, 0.0, 0.0, 0.0, 0.0, 0.0, 0.0, 4.158868789672852, 1.3328222036361694, 0.17829513549804688, 10.910600662231445, 0.0708160400390625, 0.0, 0.32973501086235046, 0.1074293777346611, 1.3161762952804565, 0.3247028887271881, 0.6556952595710754, 0.38500264286994934, 0.11432870477437973, 0.06377150863409042, 0.0, 0.0, 38.49211502075195, 8.158158302307129, 11.385577201843262, 22.334901809692383, 0.0, 0.0, 0.1632986068725586, 0.0, 0.0, 0.0, 0.0, 0.0, 0.0, 0.0, 0.0, 0.0, 0.0, 0.0, 0.0, 0.0, 0.0, 0.0, 0.0, 0.0, 0.0, 0.0, 0.0, 0.0, 0.0, 0.0, 0.0, 0.0, 0.0, 0.0, 0.0, 0.10315325856208801, 0.0, 0.0, 0.0, 0.0, 0.0, 0.0, 0.0, 0.0, 0.0, 0.07575930655002594, 0.0, 0.0, 0.0, 0.008432206697762012, 0.0, 0.0]]
Time 1333.2750487327576
