Created graph
[-7.0, -5, -3.0]
[-4.0, -3.0, -2.0]
[-4.5, -4.0, -3.5]
[-4.75, -4.5, -4.25]
[-4.375, -4.25, -4.125]
[-4.4375, -4.375, -4.3125]
1 3 10
Score: 76.72711
Signatures: [[0.13798053562641144, 0.2774057984352112, 0.07325783371925354, 0.09395131468772888, 0.12529192864894867, 0.0, 0.06188681349158287, 0.13353964686393738, 0.0, 0.027137180790305138, 0.07866652309894562, 0.12055468559265137, 1.822214961051941, 0.8213434815406799, 0.13838735222816467, 0.9565405249595642, 0.21747630834579468, 0.19840721786022186, 0.1975027620792389, 0.1811090111732483, 0.3112124502658844, 0.06387552618980408, 0.0, 0.46246811747550964, 0.11246252804994583, 0.07880724966526031, 0.07108432799577713, 0.28165382146835327, 11.39087200164795, 3.982147216796875, 0.9906176924705505, 12.530607223510742, 0.33464834094047546, 0.05869526416063309, 0.06841560453176498, 0.12520265579223633, 0.618760883808136, 0.08741530776023865, 0.0, 0.2616513669490814, 0.2257820963859558, 0.0, 0.0, 0.3576248288154602, 7.811123847961426, 2.40242862701416, 1.3648499250411987, 2.469611644744873, 0.0, 0.027353676036000252, 0.08958759903907776, 0.0, 0.1793571412563324, 7.346950951614417e-06, 0.03532637655735016, 0.13105636835098267, 0.04783735051751137, 0.028857147321105003, 0.03454800695180893, 0.04340863972902298, 0.0, 0.043459657579660416, 0.04552533105015755, 0.03704571723937988, 0.08058522641658783, 0.07514529675245285, 0.18526731431484222, 0.12114674597978592, 0.0, 0.18022018671035767, 0.009980949573218822, 0.12703150510787964, 0.0, 0.016542447730898857, 0.0, 0.16682496666908264, 0.02540094591677189, 0.09060786664485931, 0.0146492850035429, 0.0, 0.0, 0.012839211151003838, 0.044547390192747116, 0.031217269599437714, 0.024494605138897896, 0.04890475422143936, 0.002420741133391857, 0.12555992603302002, 0.034800149500370026, 0.0, 0.022549185901880264, 0.089261993765831, 0.013970340602099895, 0.0, 0.1543409824371338, 0.07619000971317291], [0.0, 0.0, 0.0, 0.0, 0.0, 0.0, 0.0, 0.0, 0.0, 0.0, 0.0, 0.0, 1.159856915473938, 0.25741857290267944, 0.3245251774787903, 0.4104163646697998, 0.0, 0.0, 0.0, 0.0, 0.0, 0.0, 0.0, 0.0, 0.0, 0.0, 0.0, 0.0, 3.270564079284668, 0.8934096693992615, 0.1600797325372696, 6.46959114074707, 0.006945854518562555, 0.0, 0.0786246806383133, 0.019563592970371246, 0.4337814450263977, 0.05346386507153511, 0.20416490733623505, 0.06335639208555222, 0.005610040854662657, 0.0024038648698478937, 0.0, 0.0, 18.167879104614258, 3.5533719062805176, 5.085231781005859, 9.990884780883789, 0.0, 0.0, 0.059439368546009064, 0.0, 0.0, 0.0, 0.0, 0.0, 0.0, 0.0, 0.0, 0.0, 0.0, 0.0, 0.0, 0.0, 0.0, 0.0, 0.0, 0.0, 0.0, 0.0, 0.0, 0.0, 0.0, 0.0, 0.0, 0.0, 0.0, 0.0, 0.0, 0.03133365139365196, 0.0, 0.0, 0.0, 0.0, 0.0, 0.0, 0.0, 0.0, 0.0, 0.017936356365680695, 0.0, 0.0, 0.0, 0.003251332091167569, 0.0, 0.0], [1.2557388544082642, 1.6833038330078125, 0.47752636671066284, 0.9684039354324341, 1.2374932765960693, 1.40176260471344, 0.4916211664676666, 1.2526819705963135, 1.325156331062317, 1.2633461952209473, 0.2916708290576935, 1.1112020015716553, 1.1163763999938965, 1.7111479043960571, 0.4739684462547302, 1.6704611778259277, 0.9194461107254028, 0.7548378705978394, 0.5171294212341309, 0.9415174722671509, 0.7790785431861877, 0.9185671210289001, 0.64206463098526, 1.137488603591919, 0.4753130078315735, 0.7798908948898315, 0.3462523818016052, 0.8165853023529053, 0.8135607242584229, 1.0811463594436646, 0.5121979713439941, 1.4061698913574219, 1.6432347297668457, 1.5469952821731567, 6.948023796081543, 1.524634599685669, 1.9240341186523438, 1.7371060848236084, 6.080218315124512, 2.2172961235046387, 2.1883444786071777, 2.3992748260498047, 6.593960285186768, 1.9583081007003784, 1.7681127786636353, 3.049722194671631, 4.523152828216553, 2.400014877319336, 0.3921821713447571, 0.7259697318077087, 0.5766927599906921, 0.4362391531467438, 0.1979883313179016, 0.8154738545417786, 0.8843534588813782, 0.642174243927002, 0.2413395643234253, 0.5077847838401794, 0.4731113016605377, 0.34950315952301025, 0.38260361552238464, 0.37561577558517456, 0.3175865113735199, 0.4485880434513092, 0.9499534964561462, 0.7667034268379211, 1.3171303272247314, 1.3076566457748413, 0.48660480976104736, 0.9741533994674683, 1.0939713716506958, 1.0613629817962646, 1.2059290409088135, 0.638611912727356, 1.0156241655349731, 0.7930481433868408, 0.6926074624061584, 0.894428551197052, 0.6460021734237671, 0.6031584143638611, 0.20784659683704376, 0.2064116895198822, 0.3533834218978882, 0.2985837757587433, 0.2032906413078308, 0.37675678730010986, 0.6841222047805786, 0.7095827460289001, 0.21486684679985046, 0.3174988627433777, 0.5004080533981323, 0.2684624195098877, 0.2760045826435089, 0.36907580494880676, 0.3479729890823364, 0.5401346683502197]]
Time 1327.0818088054657
