Created graph
[-7.0, -5, -3.0]
[-6.0, -5, -4.0]
[-4.5, -4.0, -3.5]
[-4.25, -4.0, -3.75]
[-4.125, -4.0, -3.875]
[-4.1875, -4.125, -4.0625]
10 3 5
Score: 74.79535
Signatures: [[1.953572392463684, 2.6139371395111084, 0.7444068193435669, 1.5032919645309448, 1.930599331855774, 2.142225742340088, 0.7650643587112427, 1.9193954467773438, 2.0155656337738037, 1.927770733833313, 0.45990946888923645, 1.7140519618988037, 1.786402940750122, 2.6725056171417236, 0.7207504510879517, 2.618669033050537, 1.4419342279434204, 1.1839946508407593, 0.816310465335846, 1.4618490934371948, 1.217195749282837, 1.430137276649475, 0.9829678535461426, 1.7905904054641724, 0.7431947588920593, 1.209396243095398, 0.5346207618713379, 1.2877347469329834, 1.7994509935379028, 1.87233567237854, 0.8419196605682373, 2.6813859939575195, 2.5565378665924072, 2.395718574523926, 10.57202434539795, 2.338819980621338, 2.985811948776245, 2.6756694316864014, 9.334921836853027, 3.4266679286956787, 3.3510491847991943, 3.6524899005889893, 10.07597541809082, 3.0391931533813477, 2.4693093299865723, 4.63195276260376, 6.792119026184082, 3.3306288719177246, 0.5972443222999573, 1.121821641921997, 0.8924900889396667, 0.6728367209434509, 0.3107883036136627, 1.2366596460342407, 1.3641719818115234, 1.0024425983428955, 0.36879342794418335, 0.7838774919509888, 0.7226540446281433, 0.5444796085357666, 0.5810453295707703, 0.586505651473999, 0.5017081499099731, 0.6979992985725403, 1.4687296152114868, 1.1908570528030396, 2.0537166595458984, 2.0359408855438232, 0.7460348010063171, 1.5092144012451172, 1.660620093345642, 1.6553372144699097, 1.8318103551864624, 0.9775575399398804, 1.550952434539795, 1.215215802192688, 1.0665745735168457, 1.388528823852539, 0.9961113929748535, 0.9119552373886108, 0.3147405683994293, 0.3248980939388275, 0.5579965114593506, 0.4648075997829437, 0.31034156680107117, 0.5911128520965576, 1.0484206676483154, 1.1123536825180054, 0.3363434672355652, 0.4887852966785431, 0.7699105739593506, 0.4228713810443878, 0.42109641432762146, 0.5664796829223633, 0.5510838627815247, 0.8536679744720459], [0.1192132756114006, 0.29633045196533203, 0.07116284221410751, 0.06848461925983429, 0.10835576057434082, 0.0, 0.07280527055263519, 0.15597008168697357, 0.0, 0.0, 0.1082221120595932, 0.13514578342437744, 3.20375657081604, 1.1717288494110107, 0.31794968247413635, 1.294054627418518, 0.28144514560699463, 0.23587903380393982, 0.2615698575973511, 0.21900996565818787, 0.4375639855861664, 0.011134710162878036, 0.0, 0.630774199962616, 0.1345316618680954, 0.055740438401699066, 0.0873027965426445, 0.35299909114837646, 19.36968231201172, 6.455974102020264, 1.6842024326324463, 22.637392044067383, 0.4507572054862976, 0.02601887844502926, 0.13134460151195526, 0.12654659152030945, 0.9166858196258545, 0.015030181035399437, 0.0, 0.22934146225452423, 0.3238275647163391, 0.0, 0.0, 0.4880949854850769, 17.936859130859375, 4.678911209106445, 3.9156060218811035, 6.777245044708252, 0.0, 0.010704409331083298, 0.1452712118625641, 0.0, 0.2644825875759125, 0.0, 0.010628702118992805, 0.1308513581752777, 0.0665213018655777, 0.01773783378303051, 0.03440262749791145, 0.04366075620055199, 0.0, 0.042847149074077606, 0.03206978738307953, 0.02057826519012451, 0.0803355723619461, 0.06565871089696884, 0.22224727272987366, 0.11401795595884323, 0.0, 0.22351236641407013, 0.0, 0.09405896067619324, 0.0, 0.0, 0.0, 0.22917790710926056, 0.012431238777935505, 0.08223487436771393, 0.0018621900817379355, 0.0, 0.0, 0.00024950929218903184, 0.024636300280690193, 0.03210676088929176, 0.02547198161482811, 0.04504767060279846, 0.0, 0.1189802885055542, 0.032513298094272614, 0.0, 0.00838474091142416, 0.10348547995090485, 0.0119935292750597, 0.0, 0.21792200207710266, 0.07149368524551392], [0.0, 0.0, 0.0, 0.0, 0.0, 0.0, 0.0, 0.0, 0.0, 0.0, 0.0, 0.0, 1.804912805557251, 0.5609795451164246, 0.5035682320594788, 0.8680643439292908, 0.0, 0.0, 0.0, 0.0, 0.0, 0.0, 0.0, 0.0, 0.018843505531549454, 0.0, 0.0, 0.0, 4.315835475921631, 1.3992581367492676, 0.13134577870368958, 9.105073928833008, 0.033390823751688004, 0.0, 0.06372641772031784, 0.07851095497608185, 0.814990758895874, 0.18438921868801117, 0.2629238963127136, 0.2587132751941681, 0.009758293628692627, 0.012908060103654861, 0.0, 0.0, 28.676786422729492, 5.840817928314209, 7.766562461853027, 16.148574829101562, 0.0, 0.0, 0.09187083691358566, 0.0, 0.0, 0.0, 0.0, 0.0, 0.0, 0.0, 0.0, 0.0, 0.0, 0.0, 0.0, 0.0, 0.0, 0.0, 0.0, 0.0, 0.0, 0.0, 0.0, 0.0, 0.0, 0.0, 0.0, 0.0, 0.0, 0.0, 0.0, 0.06620658934116364, 0.0, 0.0, 0.0, 0.0, 0.0, 0.0, 0.0, 0.0, 0.0, 0.036643560975790024, 0.0, 0.0, 0.0, 0.0023244298063218594, 0.0, 0.0]]
Time 1338.5508198738098
