Created graph
[-7.0, -5, -3.0]
[-4.0, -3.0, -2.0]
[-4.5, -4.0, -3.5]
[-4.25, -4.0, -3.75]
[-3.875, -3.75, -3.625]
[-3.9375, -3.875, -3.8125]
1 3 25
Score: 74.30879
Signatures: [[0.0, 0.0, 0.0, 0.0, 0.0, 0.0, 0.0, 0.0, 0.0, 0.0, 0.018313860520720482, 0.0, 3.296126127243042, 0.8154816031455994, 0.537407636642456, 1.2351866960525513, 0.0, 0.0, 0.0, 0.0, 0.0068482160568237305, 0.0, 0.0, 0.0, 0.0, 0.0, 0.0, 0.0, 15.353564262390137, 4.909757614135742, 1.099143147468567, 21.110342025756836, 0.0817781388759613, 0.0, 0.0, 0.0, 0.8921130299568176, 0.0, 0.0, 0.0, 0.0, 0.0, 0.0, 0.0, 33.24224090576172, 7.007543563842773, 8.40845012664795, 16.054180145263672, 0.0, 0.0, 0.09932630509138107, 0.0, 0.07477864623069763, 0.0, 0.0, 0.0, 0.0, 0.0, 0.0, 0.0, 0.0, 0.0, 0.0, 0.0, 0.0, 0.0, 0.0, 0.0, 0.0, 0.0, 0.0, 0.0, 0.0, 0.0, 0.0, 0.0, 0.0, 0.0, 0.0, 0.0, 0.0, 0.0, 0.0, 0.0, 0.0, 0.0, 0.0, 0.0, 0.0, 0.0, 0.0, 0.0, 0.0, 0.0, 0.0, 0.0], [2.702094793319702, 3.4677114486694336, 1.0351598262786865, 2.041764497756958, 2.366299867630005, 2.5974161624908447, 0.9151711463928223, 2.034578800201416, 1.7609771490097046, 2.249945640563965, 0.4623786211013794, 2.2190401554107666, 2.4933786392211914, 3.511298418045044, 0.4686740040779114, 3.8165242671966553, 2.1875932216644287, 1.9953736066818237, 1.5819337368011475, 2.5480258464813232, 2.147158145904541, 2.290079355239868, 0.8469429016113281, 3.300260543823242, 1.0431689023971558, 1.7126922607421875, 0.905548095703125, 2.5123484134674072, 9.193754196166992, 5.465475082397461, 1.6834741830825806, 11.18400764465332, 2.3799798488616943, 1.999808430671692, 3.9445407390594482, 1.9289568662643433, 2.788262128829956, 1.9272505044937134, 2.5167007446289062, 3.151704788208008, 2.309899091720581, 1.4093658924102783, 2.6967217922210693, 3.1057040691375732, 0.0, 3.431094169616699, 0.0, 0.0, 0.5285791158676147, 0.9490404725074768, 0.6669740080833435, 0.46214962005615234, 0.7043461203575134, 1.5243618488311768, 1.783555269241333, 1.7556875944137573, 0.4476068615913391, 0.7811394333839417, 0.7786638736724854, 0.6646715998649597, 0.47144150733947754, 0.6422865986824036, 0.6379837989807129, 0.9115774035453796, 1.2350159883499146, 1.3289755582809448, 1.6715511083602905, 1.9980921745300293, 0.6947134137153625, 1.5863151550292969, 1.4223837852478027, 2.009397506713867, 0.8096928000450134, 0.8319210410118103, 0.5632355213165283, 1.4409699440002441, 0.6652209162712097, 1.5391030311584473, 0.6004642248153687, 0.5923980474472046, 0.22727297246456146, 0.4803003668785095, 0.886654794216156, 0.5651997923851013, 0.4135776162147522, 0.7024280428886414, 1.3895933628082275, 1.520574927330017, 0.5131922960281372, 0.5455818176269531, 0.9287930727005005, 0.7450388073921204, 0.5098061561584473, 0.4228816330432892, 0.9339483976364136, 0.9515053033828735], [0.7808833718299866, 1.1274415254592896, 0.2879055142402649, 0.6063527464866638, 0.931386411190033, 0.9725384712219238, 0.38899847865104675, 1.1149381399154663, 1.2966828346252441, 0.9632201790809631, 0.3049842119216919, 0.789644718170166, 1.051137089729309, 1.4390588998794556, 0.605069637298584, 1.1308034658432007, 0.5360220074653625, 0.3683290481567383, 0.13932612538337708, 0.3530294597148895, 0.3263791501522064, 0.36093854904174805, 0.6493514776229858, 0.489432692527771, 0.3320203721523285, 0.43969640135765076, 0.1389721781015396, 0.23497115075588226, 0.0, 0.0, 0.17304661870002747, 0.0, 1.7618731260299683, 1.6253070831298828, 10.213421821594238, 1.6757868528366089, 2.1990039348602295, 2.0952208042144775, 9.583744049072266, 2.356355667114258, 2.75587797164917, 3.4546821117401123, 10.248074531555176, 1.983558177947998, 6.137774467468262, 4.193274974822998, 8.326387405395508, 5.471959114074707, 0.37107551097869873, 0.7608816623687744, 0.6923672556877136, 0.506669282913208, 0.020863166078925133, 0.5584242343902588, 0.5603340864181519, 0.2299002856016159, 0.2071375697851181, 0.46808114647865295, 0.40019240975379944, 0.26727303862571716, 0.39145106077194214, 0.329909086227417, 0.24045570194721222, 0.2707306444644928, 1.0352894067764282, 0.5878075957298279, 1.5046918392181396, 1.2774312496185303, 0.4814930558204651, 0.9667623043060303, 1.1095969676971436, 0.7984855771064758, 1.6822330951690674, 0.6653387546539307, 1.4779280424118042, 0.6775988936424255, 0.8722454905509949, 0.7929144501686096, 0.8202187418937683, 0.7569737434387207, 0.2365589141845703, 0.10052450746297836, 0.16226214170455933, 0.22888505458831787, 0.14060208201408386, 0.30293330550193787, 0.4257155656814575, 0.4650968313217163, 0.11628307402133942, 0.2763688564300537, 0.3653634488582611, 0.11101900786161423, 0.2082168608903885, 0.40741294622421265, 0.20840036869049072, 0.4726429879665375]]
Time 1290.9938206672668
