Created graph
[-7.0, -5, -3.0]
[-6.0, -5, -4.0]
[-4.5, -4.0, -3.5]
[-4.75, -4.5, -4.25]
[-4.625, -4.5, -4.375]
[-4.4375, -4.375, -4.3125]
10 3 1
Score: 77.22706
Signatures: [[0.12437494099140167, 0.23680759966373444, 0.06094670668244362, 0.08573513478040695, 0.11498022824525833, 0.0, 0.055534470826387405, 0.12077127397060394, 0.0, 0.03411427512764931, 0.06547310948371887, 0.11141965538263321, 1.438069224357605, 0.6754572987556458, 0.10047268122434616, 0.7266342639923096, 0.1799773871898651, 0.1672983318567276, 0.15929128229618073, 0.15713007748126984, 0.2510303854942322, 0.056108858436346054, 0.0, 0.3797454833984375, 0.09381323307752609, 0.07128280401229858, 0.060919977724552155, 0.23294439911842346, 9.483452796936035, 3.255387783050537, 0.8227168917655945, 10.15161418914795, 0.28240469098091125, 0.06614170223474503, 0.03608357161283493, 0.10172045230865479, 0.45238059759140015, 0.06762579083442688, 0.0, 0.21490946412086487, 0.19028566777706146, 0.0, 0.0, 0.3036929666996002, 5.4661688804626465, 1.769762635231018, 0.6708431839942932, 1.386664628982544, 0.0, 0.02998470328748226, 0.06162423640489578, 0.0, 0.1434057354927063, 0.004058981314301491, 0.0425918810069561, 0.10710450261831284, 0.04038279876112938, 0.030767012387514114, 0.033640168607234955, 0.039279546588659286, 0.0, 0.04002172499895096, 0.03936892747879028, 0.030811212956905365, 0.07081404328346252, 0.06441421061754227, 0.15794527530670166, 0.11610075831413269, 0.0, 0.1469094157218933, 0.01633141003549099, 0.10655921697616577, 0.0, 0.015899382531642914, 0.0, 0.14201945066452026, 0.025394603610038757, 0.07699219137430191, 0.014177695848047733, 0.0, 0.0, 0.012569813057780266, 0.04046405106782913, 0.029290273785591125, 0.022030122578144073, 0.044845569878816605, 0.00789705105125904, 0.10576379299163818, 0.03020528331398964, 0.0, 0.02277735434472561, 0.07200271636247635, 0.01451827771961689, 0.0, 0.12456123530864716, 0.06601715832948685], [0.0, 0.0, 0.0, 0.0, 0.0, 0.0, 0.0, 0.0, 0.0, 0.0, 0.0, 0.0, 0.8661418557167053, 0.18902412056922913, 0.26024672389030457, 0.3443668782711029, 0.0, 0.0, 0.0, 0.0, 0.0, 0.0, 0.0, 0.0, 0.0, 0.0, 0.0, 0.0, 1.9604731798171997, 0.5308616757392883, 0.08474941551685333, 4.506383895874023, 0.011947700753808022, 0.0, 0.17075201869010925, 0.028093481436371803, 0.380144327878952, 0.06831041723489761, 0.25159573554992676, 0.07115438580513, 0.02029019221663475, 0.01889032870531082, 0.0, 0.0, 14.378336906433105, 2.8031368255615234, 4.2937822341918945, 8.056437492370605, 0.0, 0.0, 0.060989998281002045, 0.0, 0.0, 0.0, 0.0, 0.0, 0.0, 0.0, 0.0, 0.0, 0.0, 0.0, 0.0, 0.0, 0.0, 0.0, 0.0, 0.0, 0.0, 0.0, 0.0, 0.0, 0.0, 0.0, 0.0, 0.0, 0.0, 0.0, 0.0, 0.03250418230891228, 0.0, 0.0, 0.0, 0.0, 0.0, 0.0, 0.0, 0.0, 0.0, 0.018711067736148834, 0.0, 0.0, 0.0, 0.005832361523061991, 0.0, 0.0], [1.0757423639297485, 1.442654013633728, 0.4104401171207428, 0.831085741519928, 1.064438819885254, 1.220185399055481, 0.42069560289382935, 1.0744175910949707, 1.1674922704696655, 1.0867271423339844, 0.24651703238487244, 0.9490519762039185, 0.9317324161529541, 1.441359519958496, 0.40021592378616333, 1.4179530143737793, 0.7911579012870789, 0.6465787887573242, 0.44188162684440613, 0.8040807843208313, 0.6719603538513184, 0.7929372787475586, 0.5492286682128906, 0.9724874496459961, 0.4080166518688202, 0.6667495369911194, 0.29584264755249023, 0.6973784565925598, 0.5168212056159973, 0.8762722611427307, 0.41586992144584656, 0.9846014380455017, 1.3960440158843994, 1.3192791938781738, 5.9946160316467285, 1.320819616317749, 1.633669137954712, 1.4844452142715454, 5.18668794631958, 1.894606590270996, 1.8746681213378906, 2.0925724506378174, 5.69114875793457, 1.677579402923584, 1.3101400136947632, 2.5556702613830566, 3.8115756511688232, 2.0059428215026855, 0.34636300802230835, 0.6192618012428284, 0.4896215796470642, 0.37532514333724976, 0.16886699199676514, 0.7054872512817383, 0.7534508109092712, 0.5550590753555298, 0.20503965020179749, 0.43423953652381897, 0.4032668471336365, 0.29675230383872986, 0.3330550491809845, 0.3191930055618286, 0.2715502083301544, 0.3929741084575653, 0.8160231113433838, 0.6641578674316406, 1.1252236366271973, 1.113452434539795, 0.4216262996196747, 0.8475233316421509, 0.9471441507339478, 0.920692503452301, 1.0631513595581055, 0.5534630417823792, 0.8868499398231506, 0.6824870109558105, 0.6034680008888245, 0.7785703539848328, 0.5689565539360046, 0.5173446536064148, 0.1769407093524933, 0.1784074604511261, 0.3027835786342621, 0.252914160490036, 0.1745074838399887, 0.3205975592136383, 0.5949854254722595, 0.6082559823989868, 0.18311265110969543, 0.2700851857662201, 0.4317109286785126, 0.22981853783130646, 0.23783573508262634, 0.3195968568325043, 0.29527685046195984, 0.46130791306495667]]
Time 1349.1027126312256
