Created graph
[-7.0, -5, -3.0]
[-6.0, -5, -4.0]
[-4.5, -4.0, -3.5]
[-4.75, -4.5, -4.25]
[-4.625, -4.5, -4.375]
[-4.4375, -4.375, -4.3125]
1 3 1
Score: 77.23011
Signatures: [[0.12429291009902954, 0.2366521656513214, 0.060899633914232254, 0.08568187803030014, 0.1149185448884964, 0.0, 0.0555071160197258, 0.12070697546005249, 0.0, 0.034109000116586685, 0.06543173640966415, 0.11136439442634583, 1.4370871782302856, 0.6750203371047974, 0.10035745054483414, 0.7260762453079224, 0.17986564338207245, 0.16718101501464844, 0.1591719090938568, 0.15702728927135468, 0.2508509159088135, 0.05606741085648537, 0.0, 0.37948504090309143, 0.09375825524330139, 0.07124084234237671, 0.06087920069694519, 0.23277847468852997, 9.478227615356445, 3.253486156463623, 0.8222646713256836, 10.145255088806152, 0.2822435200214386, 0.06612817198038101, 0.035951197147369385, 0.10166197270154953, 0.4519583582878113, 0.06757360696792603, 0.0, 0.214763805270195, 0.19017784297466278, 0.0, 0.0, 0.30350983142852783, 5.459933280944824, 1.7680937051773071, 0.6692178249359131, 1.3838878870010376, 0.0, 0.029979683458805084, 0.06156563386321068, 0.0, 0.14330056309700012, 0.004063664004206657, 0.042581021785736084, 0.10701820999383926, 0.0403602197766304, 0.03076276183128357, 0.03362420201301575, 0.03925652429461479, 0.0, 0.0400015227496624, 0.03934614732861519, 0.030787337571382523, 0.07076962292194366, 0.06437278538942337, 0.1578514575958252, 0.1160578727722168, 0.0, 0.14680366218090057, 0.01632641814649105, 0.106471486389637, 0.0, 0.015887625515460968, 0.0, 0.14193323254585266, 0.025384332984685898, 0.0769345685839653, 0.014172718860208988, 0.0, 0.0, 0.012561128474771976, 0.04043811559677124, 0.02927285246551037, 0.022015035152435303, 0.04481798782944679, 0.00789797306060791, 0.10568583756685257, 0.030183685943484306, 0.0, 0.02276363968849182, 0.0719456672668457, 0.014514738693833351, 0.0, 0.12447687983512878, 0.06597400456666946], [0.0, 0.0, 0.0, 0.0, 0.0, 0.0, 0.0, 0.0, 0.0, 0.0, 0.0, 0.0, 0.8653268814086914, 0.18883751332759857, 0.2600769102573395, 0.34411123394966125, 0.0, 0.0, 0.0, 0.0, 0.0, 0.0, 0.0, 0.0, 0.0, 0.0, 0.0, 0.0, 1.9571385383605957, 0.5298929214477539, 0.084546759724617, 4.50128698348999, 0.01193784549832344, 0.0, 0.17087888717651367, 0.02809046022593975, 0.3799421787261963, 0.06831194460391998, 0.2515822649002075, 0.07114416360855103, 0.020301565527915955, 0.01892753690481186, 0.0, 0.0, 14.368185043334961, 2.8011105060577393, 4.291331768035889, 8.051197052001953, 0.0, 0.0, 0.06096697226166725, 0.0, 0.0, 0.0, 0.0, 0.0, 0.0, 0.0, 0.0, 0.0, 0.0, 0.0, 0.0, 0.0, 0.0, 0.0, 0.0, 0.0, 0.0, 0.0, 0.0, 0.0, 0.0, 0.0, 0.0, 0.0, 0.0, 0.0, 0.0, 0.03249625489115715, 0.0, 0.0, 0.0, 0.0, 0.0, 0.0, 0.0, 0.0, 0.0, 0.018706195056438446, 0.0, 0.0, 0.0, 0.005838125944137573, 0.0, 0.0], [1.0753458738327026, 1.4421226978302002, 0.41029536724090576, 0.8307812213897705, 1.0640487670898438, 1.219760775566101, 0.4205343723297119, 1.0740251541137695, 1.1671152114868164, 1.086330533027649, 0.2464178055524826, 0.9486975073814392, 0.9313762187957764, 1.4407949447631836, 0.40006741881370544, 1.4174185991287231, 0.7908608317375183, 0.646342396736145, 0.44172173738479614, 0.8037862181663513, 0.6717295050621033, 0.7926509976387024, 0.5490225553512573, 0.972124457359314, 0.40786078572273254, 0.6665035486221313, 0.2957364320755005, 0.6971230506896973, 0.5165045857429504, 0.8759215474128723, 0.41568800806999207, 0.9841588139533997, 1.395506739616394, 1.3187735080718994, 5.992473602294922, 1.3203519582748413, 1.633042573928833, 1.4838744401931763, 5.184706687927246, 1.8938852548599243, 1.8739664554595947, 2.0918426513671875, 5.689085006713867, 1.6769518852233887, 1.309747338294983, 2.5547122955322266, 3.810182809829712, 2.005343198776245, 0.3462502360343933, 0.6190257668495178, 0.48942893743515015, 0.37518608570098877, 0.16880860924720764, 0.705231785774231, 0.7531635761260986, 0.5548682808876038, 0.20496125519275665, 0.43407532572746277, 0.40311723947525024, 0.2966380715370178, 0.33294370770454407, 0.31906941533088684, 0.2714478373527527, 0.3928442597389221, 0.8157284259796143, 0.6639265418052673, 1.1247951984405518, 1.1130210161209106, 0.42147669196128845, 0.8472405672073364, 0.9468137621879578, 0.9203792810440063, 1.0628079175949097, 0.5532735586166382, 0.8865492939949036, 0.6822446584701538, 0.6032650470733643, 0.7783068418502808, 0.5687688589096069, 0.5171509981155396, 0.17687375843524933, 0.17834317684173584, 0.3026721477508545, 0.25281617045402527, 0.1744457334280014, 0.32047632336616516, 0.594775378704071, 0.608037531375885, 0.183045893907547, 0.2699791193008423, 0.43155521154403687, 0.2297358363866806, 0.23774729669094086, 0.3194812536239624, 0.2951613664627075, 0.46113333106040955]]
Time 1347.4952268600464
