Created graph
[-7.0, -5, -3.0]
[-4.0, -3.0, -2.0]
[-4.5, -4.0, -3.5]
[-4.75, -4.5, -4.25]
[-4.625, -4.5, -4.375]
[-4.4375, -4.375, -4.3125]
1000 3 1
Score: 76.86136
Signatures: [[0.13182640075683594, 0.25166070461273193, 0.06547890603542328, 0.09046921133995056, 0.12041210383176804, 0.0, 0.05796312540769577, 0.12656532227993011, 0.0, 0.0337095782160759, 0.06956439465284348, 0.11621934175491333, 1.5405206680297852, 0.7194094657897949, 0.11239536851644516, 0.7848309874534607, 0.1907372623682022, 0.17875921726226807, 0.17128613591194153, 0.16684181988239288, 0.26914316415786743, 0.05948084220290184, 0.0, 0.4057462513446808, 0.09913041442632675, 0.07480629533529282, 0.06482439488172531, 0.2493215650320053, 10.025272369384766, 3.4528982639312744, 0.8692644834518433, 10.814897537231445, 0.2981761693954468, 0.0666181743144989, 0.04807085543870926, 0.10715138912200928, 0.4962628185749054, 0.07200311124324799, 0.0, 0.22911226749420166, 0.20043650269508362, 0.0, 0.0, 0.32152804732322693, 6.127491474151611, 1.9448269605636597, 0.8457057476043701, 1.6830816268920898, 0.0, 0.029985396191477776, 0.06773623824119568, 0.0, 0.15421456098556519, 0.0032277521677315235, 0.042949482798576355, 0.11551972478628159, 0.04249110072851181, 0.030780036002397537, 0.03494752198457718, 0.04139591380953789, 0.0, 0.0418214425444603, 0.04144466295838356, 0.032949987798929214, 0.07494857907295227, 0.06822212040424347, 0.16714483499526978, 0.11941207200288773, 0.0, 0.1574549376964569, 0.016298839822411537, 0.11492834985256195, 0.0, 0.016769185662269592, 0.0, 0.15033979713916779, 0.02624688856303692, 0.08248271048069, 0.014463397674262524, 0.0, 0.0, 0.01325338426977396, 0.04273879528045654, 0.030788103118538857, 0.023425953462719917, 0.047424763441085815, 0.007310997229069471, 0.11327126622200012, 0.03221750631928444, 0.0, 0.02383296750485897, 0.0777270495891571, 0.014637390151619911, 0.0, 0.13302405178546906, 0.07009369134902954], [0.0, 0.0, 0.0, 0.0, 0.0, 0.0, 0.0, 0.0, 0.0, 0.0, 0.0, 0.0, 0.9514594078063965, 0.20881326496601105, 0.2778550982475281, 0.37000370025634766, 0.0, 0.0, 0.0, 0.0, 0.0, 0.0, 0.0, 0.0, 0.0, 0.0, 0.0, 0.0, 2.3131868839263916, 0.6332905888557434, 0.10611453652381897, 5.043306350708008, 0.0127476891502738, 0.0, 0.15532530844211578, 0.02813824824988842, 0.4000982642173767, 0.06773069500923157, 0.24943333864212036, 0.07164224982261658, 0.01872776821255684, 0.014430392533540726, 0.0, 0.0, 15.43364429473877, 3.0139458179473877, 4.543281078338623, 8.600914001464844, 0.0, 0.0, 0.06302110105752945, 0.0, 0.0, 0.0, 0.0, 0.0, 0.0, 0.0, 0.0, 0.0, 0.0, 0.0, 0.0, 0.0, 0.0, 0.0, 0.0, 0.0, 0.0, 0.0, 0.0, 0.0, 0.0, 0.0, 0.0, 0.0, 0.0, 0.0, 0.0, 0.03301587700843811, 0.0, 0.0, 0.0, 0.0, 0.0, 0.0, 0.0, 0.0, 0.0, 0.019055532291531563, 0.0, 0.0, 0.0, 0.005069376435130835, 0.0, 0.0], [1.1179546117782593, 1.4991796016693115, 0.42586401104927063, 0.8634629845619202, 1.1058354377746582, 1.2646143436431885, 0.43783286213874817, 1.1160420179367065, 1.2067971229553223, 1.1286357641220093, 0.2570999264717102, 0.9867151975631714, 0.9714158177375793, 1.5021113157272339, 0.4162352681159973, 1.475643515586853, 0.8229004144668579, 0.6718332171440125, 0.4590257704257965, 0.8355554938316345, 0.6966728568077087, 0.8233692646026611, 0.5708703994750977, 1.0114144086837769, 0.42464959621429443, 0.6930193901062012, 0.307182639837265, 0.7248159646987915, 0.5607830286026001, 0.9171201586723328, 0.43611374497413635, 1.0465478897094727, 1.4532151222229004, 1.3726614713668823, 6.219633102416992, 1.3701342344284058, 1.7007538080215454, 1.5449179410934448, 5.395358085632324, 1.9710936546325684, 1.9488098621368408, 2.16876482963562, 5.9069037437438965, 1.7441695928573608, 1.3700480461120605, 2.660851001739502, 3.962822675704956, 2.076561212539673, 0.3580879867076874, 0.6442263126373291, 0.5101050734519958, 0.3899078965187073, 0.1752365231513977, 0.7323688864707947, 0.783888041973114, 0.5753617286682129, 0.2134159356355667, 0.451612263917923, 0.4191490113735199, 0.30889445543289185, 0.3447074294090271, 0.332324743270874, 0.2824195325374603, 0.40673884749412537, 0.8471481204032898, 0.6886135935783386, 1.1704946756362915, 1.1591829061508179, 0.4372609853744507, 0.8774517774581909, 0.9819613695144653, 0.953908383846283, 1.098934292793274, 0.573477566242218, 0.918157696723938, 0.708237886428833, 0.6247447729110718, 0.8063929080963135, 0.588570237159729, 0.537757158279419, 0.18397024273872375, 0.18524916470050812, 0.314689040184021, 0.2633534371852875, 0.18108206987380981, 0.33346471190452576, 0.6171457171440125, 0.6315349340438843, 0.190227210521698, 0.2812860608100891, 0.44819459319114685, 0.23868083953857422, 0.24719655513763428, 0.33172157406806946, 0.30763179063796997, 0.4798526167869568]]
Time 1323.6510212421417
