Created graph
[-7.0, -5, -3.0]
[-4.0, -3.0, -2.0]
[-4.5, -4.0, -3.5]
[-4.75, -4.5, -4.25]
[-4.375, -4.25, -4.125]
[-4.4375, -4.375, -4.3125]
5000 3 1
Score: 75.4667
Signatures: [[0.13655896484851837, 0.27581891417503357, 0.07265739142894745, 0.09146013855934143, 0.12119191139936447, 0.0, 0.059022773057222366, 0.12954002618789673, 0.0, 0.018967334181070328, 0.07872909307479858, 0.11591867357492447, 1.8562196493148804, 0.837892472743988, 0.14663122594356537, 0.9680103659629822, 0.20998309552669525, 0.20119541883468628, 0.20006902515888214, 0.18023063242435455, 0.31477248668670654, 0.053445588797330856, 0.0, 0.46787387132644653, 0.1097765564918518, 0.07186588644981384, 0.07116521894931793, 0.28528445959091187, 11.653017044067383, 4.056479454040527, 1.0043696165084839, 12.86664867401123, 0.33056628704071045, 0.05312832444906235, 0.044363681226968765, 0.11153551191091537, 0.6330546736717224, 0.07180941849946976, 0.0, 0.2555025517940521, 0.21510574221611023, 0.0, 0.0, 0.3564605116844177, 8.31006145477295, 2.5011179447174072, 1.457018256187439, 2.678443431854248, 0.0, 0.02246963232755661, 0.08575727790594101, 0.0, 0.18438813090324402, 0.0, 0.03220346197485924, 0.13064256310462952, 0.04515806585550308, 0.02556103654205799, 0.033112600445747375, 0.04282258823513985, 0.0, 0.04244552180171013, 0.04412340000271797, 0.03313747048377991, 0.07941814512014389, 0.07103090733289719, 0.1860104203224182, 0.11571062356233597, 0.0, 0.18063686788082123, 0.007440680637955666, 0.1264895796775818, 0.0, 0.01361395325511694, 0.0, 0.16752634942531586, 0.025271309539675713, 0.08990837633609772, 0.01061177160590887, 0.0, 0.0, 0.011596154421567917, 0.042764537036418915, 0.03014448471367359, 0.024893786758184433, 0.05063244700431824, 0.0005513628711923957, 0.12621228396892548, 0.03496918827295303, 0.0, 0.020827237516641617, 0.09108757227659225, 0.011751264333724976, 0.0, 0.15473268926143646, 0.07544703036546707], [0.0, 0.0, 0.0, 0.0, 0.0, 0.0, 0.0, 0.0, 0.0, 0.0, 0.0, 0.0, 1.216045618057251, 0.2670948803424835, 0.33157551288604736, 0.4286910593509674, 0.0, 0.0, 0.0, 0.0, 0.0, 0.0, 0.0, 0.0, 0.0, 0.0, 0.0, 0.0, 3.44842529296875, 0.958241879940033, 0.17374417185783386, 6.748890399932861, 0.01135755144059658, 0.0, 0.0839281752705574, 0.024742966517806053, 0.44207486510276794, 0.06047471612691879, 0.19190293550491333, 0.06565079838037491, 0.007483488880097866, 4.976744094165042e-06, 0.0, 0.0, 18.64742660522461, 3.64676570892334, 5.221840858459473, 10.25826358795166, 0.0, 0.0, 0.06395065039396286, 0.0, 0.0, 0.0, 0.0, 0.0, 0.0, 0.0, 0.0, 0.0, 0.0, 0.0, 0.0, 0.0, 0.0, 0.0, 0.0, 0.0, 0.0, 0.0, 0.0, 0.0, 0.0, 0.0, 0.0, 0.0, 0.0, 0.0, 0.0, 0.03010518103837967, 0.0, 0.0, 0.0, 0.0, 0.0, 0.0, 0.0, 0.0, 0.0, 0.01814236491918564, 0.0, 0.0, 0.0, 0.0012786012375727296, 0.0, 0.0], [1.2617082595825195, 1.691536545753479, 0.4788224399089813, 0.973594605922699, 1.2457959651947021, 1.4067827463150024, 0.4958251416683197, 1.2565356492996216, 1.3304892778396606, 1.267226219177246, 0.29329606890678406, 1.1145625114440918, 1.1273531913757324, 1.716924786567688, 0.4728672206401825, 1.6825283765792847, 0.9325269460678101, 0.759579598903656, 0.5194316506385803, 0.9450675249099731, 0.7829504013061523, 0.9263812303543091, 0.6410599946975708, 1.1473233699798584, 0.48140183091163635, 0.783411979675293, 0.3462792932987213, 0.8210180401802063, 0.8335390686988831, 1.097059965133667, 0.5154377818107605, 1.431888222694397, 1.64792001247406, 1.5496866703033447, 6.948540210723877, 1.533766269683838, 1.9341099262237549, 1.745917558670044, 6.079514503479004, 2.227849245071411, 2.1945619583129883, 2.408372163772583, 6.59472131729126, 1.9678715467453003, 1.794126033782959, 3.0607244968414307, 4.514397144317627, 2.401296377182007, 0.39483174681663513, 0.7269517183303833, 0.5797048807144165, 0.43689942359924316, 0.1991369128227234, 0.818833589553833, 0.8855462670326233, 0.6454813480377197, 0.24237774312496185, 0.5090118646621704, 0.47276175022125244, 0.3502638339996338, 0.38193458318710327, 0.3767576217651367, 0.3185322880744934, 0.4536800682544708, 0.9499203562736511, 0.7702386975288391, 1.3200020790100098, 1.3114652633666992, 0.4872675836086273, 0.9774147868156433, 1.0956335067749023, 1.0661978721618652, 1.2110227346420288, 0.6394704580307007, 1.0162838697433472, 0.7948398590087891, 0.6928940415382385, 0.8987388610839844, 0.6515517830848694, 0.6045472025871277, 0.20680218935012817, 0.208532452583313, 0.3559018671512604, 0.2996118664741516, 0.20347090065479279, 0.37671780586242676, 0.6889694333076477, 0.7113074660301208, 0.2146037369966507, 0.31842511892318726, 0.5034639835357666, 0.26985791325569153, 0.27836573123931885, 0.37046754360198975, 0.3503381311893463, 0.5430856347084045]]
Time 1319.32533121109
