Created graph
[-7.0, -5, -3.0]
[-4.0, -3.0, -2.0]
[-4.5, -4.0, -3.5]
[-4.75, -4.5, -4.25]
[-4.625, -4.5, -4.375]
[-4.4375, -4.375, -4.3125]
100 3 1
Score: 77.196144
Signatures: [[0.1251762956380844, 0.2383367270231247, 0.06141022965312004, 0.08625557273626328, 0.11558271199464798, 0.0, 0.05580161511898041, 0.12139977514743805, 0.0, 0.03415510058403015, 0.06588184088468552, 0.11195878684520721, 1.447838544845581, 0.6797927021980286, 0.10162029415369034, 0.7321805953979492, 0.18107879161834717, 0.1684558242559433, 0.16047273576259613, 0.15814082324504852, 0.2528088390827179, 0.05650944262742996, 0.0, 0.382322758436203, 0.09435544162988663, 0.07168963551521301, 0.06132160872220993, 0.2345830798149109, 9.53549575805664, 3.2743024826049805, 0.8272114992141724, 10.21495246887207, 0.28399574756622314, 0.06626644730567932, 0.03737953305244446, 0.10229198634624481, 0.45657387375831604, 0.06813069432973862, 0.0, 0.2163459062576294, 0.19134670495986938, 0.0, 0.0, 0.3054991364479065, 5.528392314910889, 1.7863844633102417, 0.6870842576026917, 1.4143604040145874, 0.0, 0.0300283245742321, 0.06220639869570732, 0.0, 0.14444991946220398, 0.004007698968052864, 0.0426911786198616, 0.10795585066080093, 0.04060448706150055, 0.030804306268692017, 0.03379470482468605, 0.03950538486242294, 0.0, 0.040219392627477646, 0.03959130495786667, 0.03104473650455475, 0.071249820291996, 0.06482025980949402, 0.15887051820755005, 0.11651276797056198, 0.0, 0.1479545384645462, 0.016374222934246063, 0.10742146521806717, 0.0, 0.016011154279112816, 0.0, 0.14286848902702332, 0.02549469657242298, 0.07755852490663528, 0.014225121587514877, 0.0, 0.0, 0.012653370387852192, 0.0407167449593544, 0.029459981247782707, 0.022177960723638535, 0.04511604085564613, 0.007881217636168003, 0.10653086751699448, 0.030416851863265038, 0.0, 0.02290922962129116, 0.07256679981946945, 0.014550410211086273, 0.0, 0.12539604306221008, 0.06644123792648315], [0.0, 0.0, 0.0, 0.0, 0.0, 0.0, 0.0, 0.0, 0.0, 0.0, 0.0, 0.0, 0.8742526769638062, 0.19087696075439453, 0.2619325816631317, 0.3469015657901764, 0.0, 0.0, 0.0, 0.0, 0.0, 0.0, 0.0, 0.0, 0.0, 0.0, 0.0, 0.0, 1.99362313747406, 0.5404985547065735, 0.08676324039697647, 4.557082176208496, 0.01204349659383297, 0.0, 0.16947023570537567, 0.028123172000050545, 0.38214847445487976, 0.06829272210597992, 0.2516930401325226, 0.0712527334690094, 0.020173292607069016, 0.018514281138777733, 0.0, 0.0, 14.479281425476074, 2.8232932090759277, 4.318104267120361, 8.108569145202637, 0.0, 0.0, 0.06121635064482689, 0.0, 0.0, 0.0, 0.0, 0.0, 0.0, 0.0, 0.0, 0.0, 0.0, 0.0, 0.0, 0.0, 0.0, 0.0, 0.0, 0.0, 0.0, 0.0, 0.0, 0.0, 0.0, 0.0, 0.0, 0.0, 0.0, 0.0, 0.0, 0.03258013352751732, 0.0, 0.0, 0.0, 0.0, 0.0, 0.0, 0.0, 0.0, 0.0, 0.018758071586489677, 0.0, 0.0, 0.0, 0.005773341283202171, 0.0, 0.0], [1.079702615737915, 1.4479542970657349, 0.41188475489616394, 0.8341237902641296, 1.0683255195617676, 1.2244117259979248, 0.4223036766052246, 1.078331708908081, 1.1712462902069092, 1.0906801223754883, 0.24750740826129913, 0.9525861144065857, 0.9353046417236328, 1.4469975233078003, 0.40169960260391235, 1.4232866764068604, 0.7941234111785889, 0.6489385962486267, 0.4434780478477478, 0.8070214986801147, 0.6742637753486633, 0.7957944869995117, 0.5512822270393372, 0.976111888885498, 0.4095720648765564, 0.6692072749137878, 0.2969026565551758, 0.6999306678771973, 0.5200892090797424, 0.8798145055770874, 0.417694628238678, 0.989179253578186, 1.4014025926589966, 1.3243145942687988, 6.0159382820129395, 1.32547926902771, 1.6399229764938354, 1.4901387691497803, 5.206420421600342, 1.9017956256866455, 1.8816598653793335, 2.099832057952881, 5.711691379547119, 1.683840036392212, 1.3142261505126953, 2.565248489379883, 3.8254871368408203, 2.0119845867156982, 0.34748375415802, 0.621614933013916, 0.49154242873191833, 0.37670955061912537, 0.16945122182369232, 0.7080330848693848, 0.7563143372535706, 0.5569624304771423, 0.2058219462633133, 0.43587642908096313, 0.4047587513923645, 0.29789143800735474, 0.3341643810272217, 0.32042524218559265, 0.2725716531276703, 0.394267737865448, 0.818960964679718, 0.6664628982543945, 1.1294968128204346, 1.11775803565979, 0.4231142997741699, 0.8503434062004089, 0.9504382610321045, 0.9238157272338867, 1.0665708780288696, 0.5553542971611023, 0.8898400664329529, 0.6849057674407959, 0.6054894328117371, 0.7811965346336365, 0.5708232522010803, 0.5192739963531494, 0.17760753631591797, 0.1790492683649063, 0.3038952946662903, 0.25389161705970764, 0.1751238852739334, 0.3218074440956116, 0.5970805287361145, 0.6104384064674377, 0.18377898633480072, 0.27114152908325195, 0.4332619309425354, 0.2306443303823471, 0.23871755599975586, 0.320747435092926, 0.2964295744895935, 0.4630497694015503]]
Time 1335.309012889862
