Created graph
[-7.0, -5, -3.0]
[-4.0, -3.0, -2.0]
[-4.5, -4.0, -3.5]
[-4.75, -4.5, -4.25]
[-4.375, -4.25, -4.125]
[-4.4375, -4.375, -4.3125]
5000 4 1
Score: 73.16994
Signatures: [[1.3282029628753662, 1.7166117429733276, 0.535111665725708, 0.9486149549484253, 1.2215776443481445, 1.2622604370117188, 0.4437026083469391, 1.024101734161377, 0.6997604370117188, 1.0893341302871704, 0.2755829393863678, 1.2459646463394165, 1.309395670890808, 2.37453031539917, 0.3118637800216675, 2.160233736038208, 1.1655871868133545, 0.9693587422370911, 0.8633497357368469, 1.3601611852645874, 1.1978126764297485, 1.084099531173706, 0.43869227170944214, 1.8289916515350342, 0.5597867965698242, 1.0083963871002197, 0.4835330545902252, 1.3360577821731567, 4.278885841369629, 3.0204272270202637, 0.6942765116691589, 6.15500020980835, 1.4276974201202393, 1.027604341506958, 1.1930744647979736, 0.9900583624839783, 1.5719975233078003, 0.9835360646247864, 0.44031259417533875, 1.7250339984893799, 1.0828700065612793, 0.3072565495967865, 0.12068308889865875, 1.5058754682540894, 2.4049134254455566, 3.2778995037078857, 1.4975169897079468, 0.9816441535949707, 0.25404995679855347, 0.46535390615463257, 0.3948473334312439, 0.1802796721458435, 0.3275318443775177, 0.7090432047843933, 0.8243251442909241, 0.8825927972793579, 0.2736082971096039, 0.36305397748947144, 0.38624832034111023, 0.35920679569244385, 0.23995767533779144, 0.31825730204582214, 0.28836947679519653, 0.4747787415981293, 0.6071106195449829, 0.60428786277771, 0.6968464255332947, 1.0000075101852417, 0.2882973849773407, 0.6488177180290222, 0.8017066121101379, 0.9309177994728088, 0.18021713197231293, 0.4714686870574951, 0.0, 0.7875276207923889, 0.2325388640165329, 0.4819004237651825, 0.09255868196487427, 0.26659783720970154, 0.10571906715631485, 0.25602075457572937, 0.45747268199920654, 0.2928546369075775, 0.1809806078672409, 0.40592125058174133, 0.6267443895339966, 0.7479314804077148, 0.20800082385540009, 0.31044483184814453, 0.43899664282798767, 0.3529852330684662, 0.270816445350647, 0.2454930990934372, 0.4678862392902374, 0.49478161334991455], [0.7094690203666687, 1.0057662725448608, 0.25513648986816406, 0.5862590074539185, 0.7523511648178101, 0.8462477326393127, 0.3187415599822998, 0.8612267971038818, 1.0686442852020264, 0.7966712117195129, 0.19641193747520447, 0.587960958480835, 0.753298819065094, 0.8551681041717529, 0.36441779136657715, 0.8771870136260986, 0.4669201672077179, 0.405281126499176, 0.18284307420253754, 0.3787248432636261, 0.308215469121933, 0.44239115715026855, 0.4587692618370056, 0.46064817905426025, 0.2661224603652954, 0.32956767082214355, 0.14587220549583435, 0.3063778281211853, 0.0, 0.1383964568376541, 0.308305561542511, 0.0, 1.1275712251663208, 1.1378825902938843, 6.926875591278076, 1.1698204278945923, 1.4010509252548218, 1.3975112438201904, 6.2663469314575195, 1.5844002962112427, 1.877671718597412, 2.4342544078826904, 7.026360511779785, 1.4720759391784668, 1.2268096208572388, 1.9232596158981323, 4.070624828338623, 2.170166015625, 0.28364136815071106, 0.5453881025314331, 0.44050389528274536, 0.37543487548828125, 0.08095952868461609, 0.5073157548904419, 0.5237239599227905, 0.2906685471534729, 0.1335510015487671, 0.36833834648132324, 0.3118375241756439, 0.2031170278787613, 0.28013885021209717, 0.253707617521286, 0.2091660499572754, 0.23869462311267853, 0.7368688583374023, 0.5282960534095764, 1.1173779964447021, 0.9366592764854431, 0.3801608383655548, 0.7963356375694275, 0.7409997582435608, 0.7083960771560669, 1.2318404912948608, 0.4391314685344696, 1.1029025316238403, 0.4940001368522644, 0.6435338258743286, 0.7615061402320862, 0.6608915328979492, 0.5163176655769348, 0.1669614613056183, 0.0931723341345787, 0.16375115513801575, 0.1799130141735077, 0.13552601635456085, 0.2117471694946289, 0.4202772080898285, 0.4201090335845947, 0.1374783217906952, 0.19013188779354095, 0.3201979994773865, 0.1406077891588211, 0.16055138409137726, 0.26002511382102966, 0.1962425261735916, 0.35510557889938354], [0.0, 0.0, 0.0, 0.0, 0.0, 0.0, 0.0, 0.0, 0.0, 0.0, 0.011762785725295544, 0.0, 1.2666239738464355, 0.5412871837615967, 0.3116106390953064, 0.6515359282493591, 0.0, 0.0, 0.0, 0.0, 0.0, 0.0, 0.0, 0.0, 0.004833761136978865, 0.0, 0.0, 0.0, 3.2126431465148926, 1.212298035621643, 0.13513825833797455, 6.930890083312988, 0.0717191994190216, 0.0, 0.0, 0.012358445674180984, 0.5580414533615112, 0.053587883710861206, 0.10553839057683945, 0.08996215462684631, 0.049084145575761795, 0.0010355990380048752, 0.0, 0.007105428259819746, 18.473363876342773, 4.013068675994873, 5.16041898727417, 9.638297080993652, 0.0, 0.0, 0.08560935407876968, 0.0, 0.0, 0.0, 0.0, 0.0, 0.0, 0.0, 0.0, 0.0, 0.0, 0.0, 0.0, 0.0, 0.0, 0.0, 0.0, 0.0, 0.0, 0.0, 0.0, 0.0, 0.0, 0.0, 0.0, 0.0, 0.0, 0.0, 0.0, 0.019480323418974876, 0.0, 0.0, 0.0, 0.0, 0.0, 0.0, 0.0, 0.0, 0.0, 0.0005392222665250301, 0.0, 0.0, 0.0, 0.0, 0.0, 0.0], [0.0, 0.0, 0.0, 0.0, 0.0, 0.0, 0.0, 0.0, 0.0, 0.0, 0.0, 0.0, 1.5808708667755127, 0.0, 0.1272314190864563, 0.20795494318008423, 0.0, 0.0, 0.0, 0.0, 0.0, 0.0, 0.0, 0.0, 0.0, 0.0, 0.0, 0.0, 11.019091606140137, 3.047896146774292, 0.9162840843200684, 11.398336410522461, 0.0, 0.0, 0.3365374505519867, 0.0, 0.20070157945156097, 0.0, 0.3599998354911804, 0.0, 0.0035702362656593323, 0.0, 0.3796240985393524, 0.0, 8.788171768188477, 1.5025681257247925, 1.6864659786224365, 3.7579238414764404, 0.0, 0.0, 0.0, 0.0, 0.08523660153150558, 0.0, 0.0, 0.0, 0.0, 0.0, 0.0, 0.0, 0.0, 0.0, 0.0, 0.0, 0.0, 0.0, 0.05451985448598862, 0.0, 0.0, 0.02400287427008152, 0.0, 0.0, 0.0, 0.0, 0.03556399792432785, 0.0, 0.004282227251678705, 3.9158418076112866e-05, 0.028676096349954605, 0.0, 0.0, 0.0, 0.0, 0.0, 0.0, 0.0, 0.0, 0.0, 0.0, 0.0, 0.0, 0.0, 0.0, 0.0, 0.003821516176685691, 0.0]]
Time 1327.2229299545288
