Created graph
[-11.0, -9, -7.0]
[-8.0, -7.0, -6.0]
[-6.5, -6.0, -5.5]
[-5.75, -5.5, -5.25]
[-5.625, -5.5, -5.375]
[-5.5625, -5.5, -5.4375]
0.1 5000 3
Score: 178.72365
Signatures: [[0.23903945088386536, 0.44670772552490234, 0.4128786325454712, 0.2930615544319153, 0.439594566822052, 0.3987952470779419, 0.06757108867168427, 0.3149675726890564, 0.5133227705955505, 0.3328983783721924, 0.24204467236995697, 0.36963555216789246, 0.6012377738952637, 0.546428382396698, 0.6114493012428284, 0.6482832431793213, 0.31536024808883667, 0.4997089207172394, 0.28750917315483093, 0.12104494869709015, 0.20771710574626923, 0.6278101801872253, 0.3381357192993164, 0.4317765533924103, 0.23961195349693298, 0.301656574010849, 0.09151540696620941, 0.0, 1.7072970867156982, 0.7844607830047607, 0.14863139390945435, 2.4536237716674805, 1.087388277053833, 0.396453857421875, 1.6495612859725952, 0.3591063618659973, 0.5873221755027771, 0.38437971472740173, 1.6195141077041626, 0.745396614074707, 0.46268948912620544, 0.4850348234176636, 1.7575749158859253, 0.6532776355743408, 3.2699451446533203, 1.4974606037139893, 2.0943212509155273, 1.9684714078903198, 0.12575605511665344, 0.2222006618976593, 0.17763255536556244, 0.142288476228714, 0.16128034889698029, 0.4801805019378662, 0.3556588590145111, 0.496440052986145, 0.1396789848804474, 0.0, 0.07053928077220917, 0.0501195527613163, 0.0, 0.2264595627784729, 0.23639312386512756, 0.12412284314632416, 0.2479180246591568, 0.19913676381111145, 0.32613688707351685, 0.4439501166343689, 0.0, 0.1419428288936615, 0.23248499631881714, 0.3238507807254791, 0.26447176933288574, 0.45301246643066406, 0.10030368715524673, 0.6080982685089111, 0.1371726095676422, 0.47067177295684814, 0.16694185137748718, 0.14068198204040527, 0.27731606364250183, 0.1697995364665985, 0.08129372447729111, 0.019481947645545006, 0.0, 0.41869258880615234, 0.0667949765920639, 0.3617844581604004, 0.11676553636789322, 0.0, 0.0, 0.0, 0.024022888392210007, 0.18973533809185028, 0.10368566960096359, 0.20433199405670166], [0.6031608581542969, 0.5836271047592163, 0.024644725024700165, 0.38437211513519287, 0.33347970247268677, 0.2397400438785553, 0.22269794344902039, 0.5214480757713318, 0.41427892446517944, 0.5836025476455688, 0.08215528726577759, 0.1927138864994049, 0.6681450605392456, 0.6813490390777588, 0.1201697438955307, 0.5869114398956299, 0.28885510563850403, 0.3583187758922577, 0.14383839070796967, 0.5144243240356445, 0.13576097786426544, 0.08956971764564514, 0.22261199355125427, 0.4740905165672302, 0.029799969866871834, 0.20065265893936157, 0.1768251657485962, 0.3623828589916229, 2.007965326309204, 0.852584719657898, 0.6031606793403625, 2.8178870677948, 0.38770896196365356, 0.8862050175666809, 2.0835814476013184, 0.4654989242553711, 0.6972185373306274, 0.7552859783172607, 1.6936856508255005, 0.5882557034492493, 0.5092959403991699, 0.41881364583969116, 1.7863386869430542, 0.3589969873428345, 3.4143893718719482, 1.749964952468872, 2.008530616760254, 2.04121470451355, 0.21511729061603546, 0.33414432406425476, 0.5617151260375977, 0.14435215294361115, 0.12399525195360184, 0.06040169671177864, 0.16122178733348846, 0.07968948781490326, 0.08387809991836548, 0.38994529843330383, 0.31495264172554016, 0.27820491790771484, 0.30955836176872253, 0.09232040494680405, 0.1640196293592453, 0.09481798857450485, 0.28787916898727417, 0.3318977952003479, 0.27426677942276, 0.6008496880531311, 0.41421419382095337, 0.1844436228275299, 0.30231913924217224, 0.33449989557266235, 0.3782201409339905, 0.18693026900291443, 0.38267982006073, 0.24067354202270508, 0.24881689250469208, 0.26931527256965637, 0.06780674308538437, 0.3265688121318817, 0.039751823991537094, 0.0, 0.09862029552459717, 0.19946718215942383, 0.020359067246317863, 0.11284112185239792, 0.3200068473815918, 0.06848706305027008, 0.025273563340306282, 0.23403294384479523, 0.2603377401828766, 0.3396144509315491, 0.11783277988433838, 0.0, 0.07506759464740753, 0.17800098657608032], [0.23806051909923553, 0.41313713788986206, 0.0273822583258152, 0.19994421303272247, 0.348577082157135, 0.49927639961242676, 0.1951836496591568, 0.24311678111553192, 0.23567862808704376, 0.13501709699630737, 0.03287016972899437, 0.3684617578983307, 0.6369114518165588, 0.5553844571113586, 0.1354912668466568, 0.5393946766853333, 0.28873082995414734, 0.07715598493814468, 0.15085618197917938, 0.17452004551887512, 0.39251524209976196, 0.09783811122179031, 0.30162179470062256, 0.3813351094722748, 0.26955342292785645, 0.18880823254585266, 0.17222994565963745, 0.57917320728302, 1.5306748151779175, 0.8187235593795776, 0.12182644754648209, 2.238468885421753, 0.1973714977502823, 0.2509954273700714, 1.6384021043777466, 0.34481555223464966, 0.6492635011672974, 0.42005279660224915, 1.5042482614517212, 0.6525887846946716, 0.8223578929901123, 0.9140910506248474, 1.676650881767273, 0.7159340381622314, 3.1510167121887207, 1.2716362476348877, 1.632844090461731, 1.8469706773757935, 0.17911988496780396, 0.2519659698009491, 0.0968484878540039, 0.12483994662761688, 0.020667212083935738, 0.285052627325058, 0.3057311475276947, 0.21467433869838715, 0.03321576118469238, 0.32492774724960327, 0.049357008188962936, 0.04545355960726738, 0.2832537293434143, 0.2876553237438202, 0.0, 0.13393667340278625, 0.2617369592189789, 0.2256338745355606, 0.6864429712295532, 0.17926007509231567, 0.06890922039747238, 0.5826169848442078, 0.3599435091018677, 0.2743847072124481, 0.2366940975189209, 0.0006482430617325008, 0.31422778964042664, 0.11898303776979446, 0.09450169652700424, 0.09619830548763275, 0.24483062326908112, 0.1368681937456131, 0.0, 0.12671148777008057, 0.12750795483589172, 0.36348092555999756, 0.20863142609596252, 0.0, 0.23765094578266144, 0.4263648986816406, 0.3719288110733032, 0.25214144587516785, 0.5207647085189819, 0.02224193513393402, 0.13330529630184174, 0.23991160094738007, 0.4052869975566864, 0.22370031476020813]]
Time 1292.0757446289062
