Created graph
[-7.0, -5, -3.0]
[-6.0, -5, -4.0]
[-4.5, -4.0, -3.5]
[-4.25, -4.0, -3.75]
[-4.125, -4.0, -3.875]
[-4.0625, -4.0, -3.9375]
0.1 100 3
Score: 90.44842
Signatures: [[0.0, 0.07023751735687256, 0.0, 0.0, 0.0, 0.0, 0.0, 0.0, 0.0, 0.0, 0.06484191119670868, 0.0, 4.439610481262207, 0.9941489100456238, 0.7764180302619934, 1.4162217378616333, 0.0102203618735075, 0.0, 0.0, 0.0, 0.1513904631137848, 0.0, 0.0, 0.1771467626094818, 0.035155750811100006, 0.0, 0.0, 0.24815022945404053, 22.131580352783203, 7.107174396514893, 1.4873206615447998, 30.861732482910156, 0.0, 0.0, 0.0, 0.0, 1.2735470533370972, 0.0, 0.0, 0.0, 0.00017338446923531592, 0.0, 0.0, 0.0, 43.14512252807617, 9.481485366821289, 10.182473182678223, 21.052274703979492, 0.0, 0.0, 2.8516005841083825e-05, 0.0, 0.11620762944221497, 0.0, 0.0, 0.0, 0.00010592483886284754, 0.0, 0.0, 0.0, 0.0, 0.0, 0.0, 0.0, 0.0, 0.0, 0.0, 0.014632508158683777, 0.0, 0.0316033698618412, 0.0, 0.0, 0.0, 0.0, 0.0, 0.06449298560619354, 0.0, 0.0, 0.0, 0.0, 0.0, 0.0, 0.0, 0.0, 0.005048893392086029, 0.0, 0.0, 0.0, 0.0, 0.0, 0.0, 0.0, 0.0, 0.0, 3.8411519199144095e-05, 0.0], [0.0, 0.06938157230615616, 0.0, 0.0, 0.0, 0.0, 0.0, 0.33844488859176636, 0.0, 0.0, 4.8243025958072394e-05, 0.0, 4.747338771820068, 1.5937644243240356, 0.7314918041229248, 1.9119317531585693, 0.22121459245681763, 0.09249046444892883, 0.18432095646858215, 0.0, 0.3040349781513214, 0.0, 0.0, 0.4257826507091522, 0.14524546265602112, 0.0, 0.10438242554664612, 0.0, 20.512638092041016, 7.571145057678223, 1.6956381797790527, 29.100339889526367, 0.43065324425697327, 0.0, 0.0, 0.12501709163188934, 1.3448762893676758, 0.19255319237709045, 0.012563656084239483, 0.5088276267051697, 0.23852753639221191, 0.0, 0.0, 0.5650644898414612, 40.56132125854492, 9.490942001342773, 10.167513847351074, 20.07389259338379, 0.0, 0.0, 0.32541874051094055, 0.0, 0.24439400434494019, 0.0, 0.0, 0.0, 0.02167758159339428, 0.0, 0.0, 0.0, 0.0, 0.0, 0.003444274887442589, 0.0, 0.0, 0.0, 0.0, 0.0, 0.0, 0.0, 0.0, 0.0, 0.0, 0.0, 0.0, 0.05036773905158043, 0.030927792191505432, 0.0, 0.0, 0.02539987489581108, 0.0, 0.0, 0.0, 0.0, 0.0, 0.0, 0.0, 0.0, 0.03528597578406334, 0.0, 0.0, 0.0, 0.0, 0.0, 0.2785775661468506, 0.0], [3.002145290374756, 3.9909632205963135, 1.1150121688842773, 2.2507565021514893, 2.8838376998901367, 3.073925733566284, 1.1880009174346924, 2.819185733795166, 2.837869644165039, 2.826643705368042, 0.778775155544281, 2.574272394180298, 3.420966148376465, 4.544438362121582, 1.1642444133758545, 4.321063995361328, 2.180910110473633, 1.8666965961456299, 1.277498722076416, 2.2719547748565674, 1.881555438041687, 2.102832317352295, 1.5144602060317993, 2.8311872482299805, 1.1311088800430298, 1.8426718711853027, 0.7714106440544128, 2.027041435241699, 6.2516632080078125, 3.8643503189086914, 1.5688116550445557, 8.57801342010498, 4.018723487854004, 3.655815839767456, 15.437199592590332, 3.41762375831604, 4.92207670211792, 4.0985846519470215, 14.173687934875488, 5.262117385864258, 5.085665225982666, 5.169806957244873, 15.02086353302002, 4.608649730682373, 11.474337577819824, 8.786822319030762, 11.984641075134277, 8.530349731445312, 0.829176127910614, 1.7248778343200684, 1.4288134574890137, 1.0160481929779053, 0.538213849067688, 1.8337528705596924, 2.0414986610412598, 1.527814507484436, 0.6112815141677856, 1.162559151649475, 1.0947684049606323, 0.8688300251960754, 0.837607204914093, 0.9205948114395142, 0.7604426741600037, 1.0278151035308838, 2.2261300086975098, 1.7518855333328247, 3.310025691986084, 3.124485731124878, 1.0939404964447021, 2.2167348861694336, 2.4633288383483887, 2.3818297386169434, 2.493028402328491, 1.4284323453903198, 2.1915576457977295, 1.9130643606185913, 1.4510406255722046, 2.0330281257629395, 1.3512299060821533, 1.386391520500183, 0.5072309374809265, 0.46933966875076294, 0.847168505191803, 0.7538700699806213, 0.4534388482570648, 0.9335155487060547, 1.4967728853225708, 1.714093565940857, 0.5059850811958313, 0.7831774353981018, 1.150739073753357, 0.7214575409889221, 0.6417568325996399, 0.8249256610870361, 0.9222211241722107, 1.3576339483261108]]
Time 1284.2724466323853
