Created graph
[-7.0, -5, -3.0]
[-4.0, -3.0, -2.0]
[-4.5, -4.0, -3.5]
[-4.25, -4.0, -3.75]
[-4.125, -4.0, -3.875]
[-4.1875, -4.125, -4.0625]
0.5 0 3
Score: 174.06976
Signatures: [[0.0018867924809455872, 0.15168695151805878, 0.023447763174772263, 0.12150168418884277, 0.11179998517036438, 0.08867499977350235, 0.004945639055222273, 0.17726919054985046, 0.0, 0.06134987995028496, 0.03443356230854988, 0.14081229269504547, 1.8468512296676636, 0.8493751883506775, 0.20096389949321747, 0.3787277936935425, 0.12908783555030823, 0.18648280203342438, 0.10032521933317184, 0.14815165102481842, 0.25792744755744934, 0.13018827140331268, 0.02586410939693451, 0.29129335284233093, 0.07715485990047455, 0.25239264965057373, 0.006293204613029957, 0.12288717180490494, 10.89730167388916, 2.7357540130615234, 0.9941737055778503, 8.114726066589355, 0.3484460413455963, 0.05737776309251785, 0.31220564246177673, 0.13811343908309937, 0.3536720275878906, 0.09220165759325027, 0.0, 0.0, 0.0, 0.0, 0.0, 0.051203664392232895, 5.990086555480957, 2.3572640419006348, 1.7286670207977295, 3.3403868675231934, 0.0, 0.11630649119615555, 0.14693249762058258, 0.01229539979249239, 0.22328463196754456, 0.09919910877943039, 0.0, 0.006581760477274656, 0.0, 0.0843614786863327, 0.04320310056209564, 0.0024432640057057142, 0.024159394204616547, 0.02822457253932953, 0.0, 0.0, 0.009855542331933975, 0.029233213514089584, 0.20197522640228271, 0.15232354402542114, 0.0, 0.09225938469171524, 0.01287922728806734, 0.058818887919187546, 0.0, 0.023354986682534218, 0.0, 0.0016444820212200284, 0.0, 0.0, 0.0, 0.0, 0.0, 0.004615039099007845, 0.0, 0.06439746171236038, 0.006274117156863213, 0.013331780210137367, 0.0, 0.19658903777599335, 0.0, 0.06314094364643097, 0.03336657956242561, 0.08813601732254028, 0.049955278635025024, 0.0, 0.153375506401062, 0.09281942993402481], [0.0, 0.0, 0.0, 0.0, 0.0, 0.0, 0.0817912220954895, 0.0, 0.0, 0.0, 0.07127167284488678, 0.0, 0.40170779824256897, 0.03679117187857628, 0.21249300241470337, 0.31956058740615845, 0.0, 0.0, 0.0, 0.0, 0.0, 0.0, 0.0, 0.0, 0.047540247440338135, 0.0, 0.0, 0.0, 1.000562071800232, 0.6260377764701843, 0.0, 5.32968807220459, 0.0, 0.0, 0.03906400874257088, 0.06173352152109146, 0.4165392816066742, 0.15881448984146118, 0.4981105923652649, 0.3242333233356476, 0.304598867893219, 0.0, 0.03653329238295555, 0.15250732004642487, 13.771819114685059, 2.3474209308624268, 4.009368419647217, 7.787735462188721, 0.0, 0.0, 0.05650460347533226, 0.0, 0.0, 0.0, 0.0, 0.0, 0.0, 0.0, 0.0, 0.021927574649453163, 0.0, 0.014434020034968853, 0.04677725210785866, 0.0, 0.00024300639051944017, 0.0, 0.03050839528441429, 0.0024760097730904818, 0.0, 0.0, 0.0, 0.0, 0.0, 0.0, 0.0063235098496079445, 0.0, 0.016485029831528664, 0.0, 0.0, 0.023278065025806427, 0.0, 0.0, 0.0, 0.0, 0.0, 0.0, 0.0, 0.0, 0.0, 0.0, 0.0, 0.0, 0.0, 0.012849744409322739, 0.0, 0.0], [1.3281481266021729, 1.205154538154602, 0.6466265916824341, 0.9892944693565369, 1.297215223312378, 1.2197290658950806, 0.4739576280117035, 0.9407171010971069, 1.0982716083526611, 1.2613861560821533, 0.27954646944999695, 0.7141457200050354, 0.8256460428237915, 1.2553331851959229, 0.29058516025543213, 1.6610807180404663, 1.047105312347412, 0.8060970902442932, 0.44013476371765137, 0.6245006322860718, 0.7553204894065857, 0.4990631639957428, 0.4359719753265381, 0.8840886950492859, 0.2527127265930176, 0.5075918436050415, 0.2742125391960144, 0.896996021270752, 0.5415337085723877, 0.7147997617721558, 0.35479122400283813, 1.1297374963760376, 1.3752524852752686, 1.6044747829437256, 6.499032020568848, 1.1598392724990845, 1.5651906728744507, 1.2190452814102173, 4.886648654937744, 1.8422751426696777, 1.8062766790390015, 2.3432421684265137, 6.101197719573975, 1.765745997428894, 1.2635525465011597, 2.743243932723999, 3.081916332244873, 1.07850980758667, 0.36606964468955994, 0.682007908821106, 0.3512336015701294, 0.3139043152332306, 0.19309929013252258, 0.6122170686721802, 0.7367496490478516, 0.5731989145278931, 0.31151753664016724, 0.4017649292945862, 0.37093284726142883, 0.2757304012775421, 0.28400978446006775, 0.42074188590049744, 0.2867875397205353, 0.46838444471359253, 0.8463487029075623, 0.7400744557380676, 1.2409626245498657, 1.139700174331665, 0.41681790351867676, 1.0044320821762085, 1.0219894647598267, 0.9142961502075195, 1.4222151041030884, 0.6086299419403076, 0.6592211723327637, 0.7957488298416138, 0.7492144107818604, 0.9405578374862671, 0.8036002516746521, 0.5059528350830078, 0.16771474480628967, 0.22322602570056915, 0.43108904361724854, 0.1853790432214737, 0.279453307390213, 0.3331919014453888, 0.7788808941841125, 0.623749315738678, 0.19811853766441345, 0.2565400302410126, 0.4917081892490387, 0.2940364181995392, 0.2641582787036896, 0.32491910457611084, 0.21840958297252655, 0.3754380941390991]]
Time 737.9646122455597
