Created graph
[-11.0, -9, -7.0]
[-8.0, -7.0, -6.0]
[-6.5, -6.0, -5.5]
[-6.25, -6.0, -5.75]
[-5.875, -5.75, -5.625]
[-5.8125, -5.75, -5.6875]
0.1 10000 3
Score: 178.45978
Signatures: [[0.17233723402023315, 0.36901283264160156, 0.0, 0.0, 0.0, 0.018652591854333878, 0.12200083583593369, 0.18086327612400055, 0.0, 0.12707632780075073, 0.0, 0.2448480874300003, 0.4285956621170044, 0.05914857238531113, 0.010489987209439278, 0.09924216568470001, 0.07477257400751114, 0.0, 0.0, 0.16205744445323944, 0.11955278366804123, 0.0, 0.17171110212802887, 0.19021180272102356, 0.0, 0.0, 0.0, 0.04168257489800453, 0.28164759278297424, 0.0019299359992146492, 0.06319937855005264, 0.7676684856414795, 0.2391035556793213, 0.12567751109600067, 0.4848727285861969, 0.10532157868146896, 0.030966948717832565, 0.0852755606174469, 0.06406914442777634, 0.00670997891575098, 0.015015601180493832, 0.3757188022136688, 0.34181296825408936, 0.0503070205450058, 0.694674551486969, 0.27956515550613403, 0.36865341663360596, 0.3888411223888397, 0.0, 0.029592446982860565, 0.1859583556652069, 0.0, 0.02923058159649372, 0.025359440594911575, 0.0, 0.0, 0.0, 0.0, 0.07991794496774673, 0.0, 0.0, 0.09333427250385284, 0.0, 0.0, 0.13323134183883667, 0.07278795540332794, 0.0, 0.31534016132354736, 0.06284952908754349, 0.0, 0.0, 0.0, 0.0, 0.0, 0.18019652366638184, 0.0, 0.1496819704771042, 0.0, 0.012671029195189476, 0.17419308423995972, 0.0, 0.03060060366988182, 0.15842606127262115, 0.0, 0.0, 0.024318408221006393, 0.14222554862499237, 0.08872444182634354, 0.07785619050264359, 0.0022034698631614447, 0.0, 0.06703419983386993, 0.0, 0.009948816150426865, 0.00289848237298429, 0.15265865623950958], [0.07063319534063339, 0.0, 0.1497252732515335, 0.0, 0.0429457426071167, 0.014881747774779797, 0.0, 0.05087850242853165, 0.012525669299066067, 0.0, 0.06523838639259338, 0.0, 0.0, 0.0, 0.0, 0.05375967547297478, 0.0, 0.08740750700235367, 0.03277473524212837, 0.02255498804152012, 0.0, 0.0, 0.0, 0.04521765187382698, 0.0, 0.10341935604810715, 0.14380957186222076, 0.1440306007862091, 0.39432138204574585, 0.4334166347980499, 0.13441984355449677, 0.6255335211753845, 0.04844271391630173, 0.12139444798231125, 0.5466355085372925, 0.1289612352848053, 0.3145579397678375, 0.13393160700798035, 0.6231771111488342, 0.16291052103042603, 0.0874033272266388, 0.02765590138733387, 0.42234936356544495, 0.025304222479462624, 1.0512479543685913, 0.5238338708877563, 0.44563907384872437, 0.7660690546035767, 0.0, 0.028307780623435974, 0.0, 0.040697433054447174, 0.0, 0.1343482881784439, 0.20524047315120697, 0.18724051117897034, 0.0, 0.03981487452983856, 0.013806074857711792, 0.0, 0.0, 0.0, 0.10059487074613571, 0.17333947122097015, 0.04999779909849167, 0.0857614129781723, 0.02802247554063797, 0.0, 0.008373989723622799, 0.033440396189689636, 0.0, 0.06781450659036636, 0.2232183963060379, 0.0, 0.0, 0.10127115994691849, 0.0, 0.2048388123512268, 0.0882919505238533, 0.0, 0.08237651735544205, 0.0, 0.0, 0.10141439735889435, 0.0, 0.04270680621266365, 0.0, 0.057563863694667816, 0.0, 0.04282029718160629, 0.0, 0.007170881610363722, 0.07245079427957535, 0.06644940376281738, 0.09312018752098083, 0.0], [0.0, 0.0, 0.0, 0.20845602452754974, 0.2025657743215561, 0.20671458542346954, 0.0, 0.0, 0.23313166201114655, 0.11038487404584885, 0.019719943404197693, 0.0, 0.03211140260100365, 0.3881126344203949, 0.1280192732810974, 0.25491130352020264, 0.11395464837551117, 0.08514240384101868, 0.07616563141345978, 0.0, 0.04312475398182869, 0.20780083537101746, 0.0, 0.004107045941054821, 0.10817898064851761, 0.05142530798912048, 0.0, 0.0, 0.5725215673446655, 0.14967069029808044, 0.0, 0.4412153959274292, 0.04292847216129303, 0.06863915920257568, 0.29347941279411316, 0.043811555951833725, 0.1323169320821762, 0.13504697382450104, 0.5152564644813538, 0.26945415139198303, 0.31476324796676636, 0.0, 0.48433616757392883, 0.3012736141681671, 0.7150425910949707, 0.3123633563518524, 0.550703763961792, 0.3040022850036621, 0.11307130753993988, 0.08625223487615585, 0.0, 0.052444253116846085, 0.02008245326578617, 0.0, 0.0, 0.0, 0.06615801155567169, 0.05770938843488693, 0.0, 0.08993858844041824, 0.11703547835350037, 0.0, 0.0, 0.0, 0.0, 0.0, 0.2666495442390442, 0.0, 0.012967848218977451, 0.13510991632938385, 0.2328633964061737, 0.12885922193527222, 0.0, 0.1688171923160553, 0.0, 0.07632216811180115, 0.0, 0.0, 0.0017041906248778105, 0.0, 0.0, 0.008637088350951672, 0.0, 0.0, 0.047987837344408035, 0.013891462236642838, 0.0, 0.0, 0.0, 0.021171940490603447, 0.10319943726062775, 0.0, 0.0, 0.0, 0.0, 0.0]]
Time 1283.265743970871
