Created graph
[-7.0, -5, -3.0]
[-4.0, -3.0, -2.0]
[-4.5, -4.0, -3.5]
[-4.25, -4.0, -3.75]
[-4.375, -4.25, -4.125]
[-4.4375, -4.375, -4.3125]
0.3 0 4
Score: 126.03645
Signatures: [[0.3163350820541382, 0.6245304942131042, 0.20827998220920563, 0.36735019087791443, 0.38126349449157715, 0.5817966461181641, 0.20850396156311035, 0.3882288634777069, 0.1591375321149826, 0.3939036726951599, 0.20300306379795074, 0.48745670914649963, 2.225524425506592, 1.2876136302947998, 0.2397780567407608, 1.2984329462051392, 0.6452207565307617, 0.35486900806427, 0.5008608102798462, 0.5477784276008606, 0.7736193537712097, 0.39351123571395874, 0.25050365924835205, 0.8543494939804077, 0.16251018643379211, 0.46722379326820374, 0.15694887936115265, 0.5238699913024902, 5.278970241546631, 1.7273292541503906, 0.7510237097740173, 4.561488151550293, 0.7862547636032104, 0.14488403499126434, 1.073976993560791, 0.5473252534866333, 1.3859127759933472, 0.4993238151073456, 0.0, 0.6374407410621643, 0.213552787899971, 0.0, 0.0, 0.707679033279419, 3.423137664794922, 1.7687163352966309, 1.3942044973373413, 3.359419822692871, 0.004714971873909235, 0.26324817538261414, 0.16327036917209625, 0.035634685307741165, 0.07644151896238327, 0.1864892840385437, 0.08583936840295792, 0.18936096131801605, 0.15247134864330292, 0.18880897760391235, 0.10477772355079651, 0.11000716686248779, 0.05245824530720711, 0.08555822819471359, 0.15961682796478271, 0.0696972981095314, 0.1556488424539566, 0.14935173094272614, 0.2536679208278656, 0.46607041358947754, 0.01032282318919897, 0.15593896806240082, 0.22462458908557892, 0.14801713824272156, 0.0, 0.12071773409843445, 0.10048708319664001, 0.11736296862363815, 0.0, 0.030300775542855263, 0.0, 0.08943583071231842, 0.002593287266790867, 0.08069445192813873, 0.2158353477716446, 0.12703444063663483, 0.06109780818223953, 0.09440570324659348, 0.26040270924568176, 0.43322423100471497, 0.05893975496292114, 0.07500522583723068, 0.14289124310016632, 0.10390356928110123, 0.07306589931249619, 0.07902731746435165, 0.2860129177570343, 0.1891205608844757], [0.0, 0.0, 0.0, 0.0, 0.0, 0.0, 0.0, 0.0, 0.0, 0.0, 0.0, 0.0, 0.19046403467655182, 0.0, 0.07293902337551117, 0.0, 0.0, 0.0, 0.0, 0.0, 0.0, 0.0, 0.0, 0.0, 0.0, 0.0, 0.0, 0.0, 7.936128616333008, 2.543813943862915, 0.43434402346611023, 9.38171100616455, 0.0, 0.011531522497534752, 0.0, 0.0, 0.0, 0.0, 0.2528996765613556, 0.0, 0.07472152262926102, 0.0, 0.23212680220603943, 0.0, 8.054420471191406, 1.694799780845642, 1.9580283164978027, 3.064889669418335, 0.0, 0.0, 0.0, 0.0, 0.11849119514226913, 0.0, 0.0, 0.0, 0.0, 0.0, 0.0, 0.0, 0.0, 0.0, 0.0, 0.0, 0.0, 0.0, 0.04641294851899147, 0.0, 0.0, 0.07306060194969177, 0.0, 0.0, 0.0027451084461063147, 0.0, 0.0, 0.019537830725312233, 0.0632406547665596, 0.06098151206970215, 0.014217077754437923, 0.0, 0.0, 0.0, 0.0, 0.0, 0.0, 0.0, 0.0, 0.0, 0.0, 0.0, 0.0, 0.0, 0.0, 0.0, 0.0, 0.0], [0.0, 0.0, 0.0, 0.0, 0.0, 0.0, 0.0, 0.0, 0.0, 0.0, 0.0038021006621420383, 0.0, 0.7716740369796753, 0.278442919254303, 0.2181779444217682, 0.3581993877887726, 0.0, 0.0, 0.0, 0.0, 0.0, 0.0, 0.0, 0.0, 0.0, 0.0, 0.0, 0.0, 0.08185382187366486, 0.17321766912937164, 0.0, 3.038257122039795, 0.0, 0.0, 0.003377005457878113, 0.0, 0.15486420691013336, 0.03337379917502403, 0.22866983711719513, 0.08799171447753906, 0.11753544211387634, 0.05467604100704193, 0.0, 0.0, 12.43488883972168, 2.3774216175079346, 3.378939151763916, 7.228130340576172, 0.0, 0.0, 0.05867278575897217, 0.0, 0.0, 0.0, 0.0, 0.0, 0.0, 0.0, 0.0, 0.0, 0.0, 0.0, 0.0, 0.0, 0.0, 0.0, 0.0, 0.0, 0.0, 0.0, 0.0, 0.0, 0.0, 0.0, 0.0, 0.0, 0.0, 0.0, 0.0, 0.009372667409479618, 0.0, 0.0, 0.0, 0.0, 0.0, 0.0, 0.0, 0.0, 0.0, 0.008937200531363487, 0.0, 0.0, 0.0, 0.0, 0.0, 0.0], [1.1631790399551392, 0.9690378904342651, 0.3609046936035156, 0.6710478663444519, 1.0386626720428467, 1.044679880142212, 0.36666226387023926, 0.9803500175476074, 1.0692819356918335, 1.0679359436035156, 0.19553706049919128, 0.791357696056366, 0.5112208724021912, 1.0950968265533447, 0.3070783317089081, 1.1568788290023804, 0.5784872770309448, 0.5827707052230835, 0.31465768814086914, 0.6489699482917786, 0.4102414548397064, 0.5472639203071594, 0.4190807044506073, 0.7579153776168823, 0.31668299436569214, 0.43136265873908997, 0.259662002325058, 0.5200063586235046, 0.30516308546066284, 0.6034236550331116, 0.27654457092285156, 0.8011077642440796, 1.138974905014038, 1.4878325462341309, 5.804927825927734, 1.1201242208480835, 1.3510491847991943, 1.3231035470962524, 5.020089626312256, 1.7239253520965576, 1.806105613708496, 2.345865249633789, 6.31734561920166, 1.5204347372055054, 1.3580050468444824, 2.656933546066284, 3.3710107803344727, 0.9357251524925232, 0.3459038734436035, 0.5783355236053467, 0.4139755666255951, 0.35403746366500854, 0.17073407769203186, 0.5398571491241455, 0.7712585926055908, 0.5379452705383301, 0.16411951184272766, 0.35922202467918396, 0.35589244961738586, 0.27323412895202637, 0.3178575932979584, 0.3751208782196045, 0.20295962691307068, 0.4217125475406647, 0.8195617198944092, 0.6519898772239685, 1.113476037979126, 0.9210273027420044, 0.4351861774921417, 0.8826088309288025, 0.8900458216667175, 0.9282363057136536, 1.2674331665039062, 0.5433753132820129, 0.5501803159713745, 0.7115004062652588, 0.6772320866584778, 0.8207147121429443, 0.6844823360443115, 0.5110687613487244, 0.20530152320861816, 0.16210083663463593, 0.30124345421791077, 0.16635431349277496, 0.19125248491764069, 0.23856860399246216, 0.4937867522239685, 0.47548016905784607, 0.14167124032974243, 0.23658376932144165, 0.3956020772457123, 0.2737575173377991, 0.21488741040229797, 0.29898807406425476, 0.2400602549314499, 0.4123411774635315]]
Time 1127.473800420761
