Created graph
[-11.0, -9, -7.0]
[-8.0, -7.0, -6.0]
[-6.5, -6.0, -5.5]
[-6.25, -6.0, -5.75]
[-5.875, -5.75, -5.625]
[-5.8125, -5.75, -5.6875]
0.3 10000 5
Score: 273.73117
Signatures: [[0.0006319357198663056, 0.0840243548154831, 0.0, 0.0, 9.917507668433245e-06, 0.0, 0.027572505176067352, 0.06560152024030685, 0.0, 0.06281126290559769, 0.0, 0.0025267971213907003, 0.12554284930229187, 0.0, 0.0, 0.002520701615139842, 0.0, 0.0, 0.0, 0.056816451251506805, 0.03667522966861725, 0.0, 0.03959692642092705, 0.07556004822254181, 0.0, 0.0, 0.0, 0.0, 0.0, 0.0, 0.0, 0.25238680839538574, 0.09612669050693512, 0.0, 0.0, 0.0, 0.0, 0.0, 0.0, 0.00014833829482086003, 0.0, 0.11908051371574402, 0.05370696634054184, 0.0, 0.0, 0.08015979826450348, 0.0, 0.0, 0.0, 0.008333357982337475, 0.03724421560764313, 0.0, 0.0, 0.0, 0.0, 8.319024345837533e-06, 0.0, 0.0, 0.0, 0.0, 1.4039848792890552e-05, 0.025285087525844574, 0.0, 0.0, 0.05550013855099678, 0.030507907271385193, 0.0, 0.08150719106197357, 0.0, 0.0, 0.0, 0.0, 0.0, 0.0, 0.020704185590147972, 0.0, 0.0, 0.0, 0.0, 0.03415369242429733, 0.0, 0.0, 0.02324783056974411, 0.0, 0.0, 0.0, 0.037217386066913605, 0.0, 0.01329933013767004, 0.0, 0.0, 0.019813982769846916, 0.0, 0.0, 0.0, 0.037074875086545944], [0.0, 0.0, 0.022011667490005493, 0.0, 0.00025165625265799463, 0.0, 0.0, 0.0, 0.0, 0.0, 0.018603656440973282, 0.0, 0.0, 0.0, 0.0, 0.0, 0.0, 0.01614907570183277, 0.00046619822387583554, 0.0, 0.0, 0.0, 0.0, 0.0, 0.0, 0.0004821507609449327, 0.015234475955367088, 0.03108382597565651, 0.04599134996533394, 0.13474667072296143, 0.0, 0.09993302822113037, 0.0, 0.0, 0.05378622189164162, 0.0, 0.08770179003477097, 0.0, 0.10682202875614166, 0.007438602391630411, 0.0, 0.0, 0.06838217377662659, 0.0, 0.21374599635601044, 0.1893393099308014, 0.03845274820923805, 0.29556071758270264, 0.0, 0.0, 0.0, 0.0, 0.0, 0.026996711269021034, 0.0, 0.02733108587563038, 0.0, 0.0, 0.0, 0.0, 0.0, 7.805791938153561e-06, 0.014422277919948101, 0.019816376268863678, 0.0, 0.00936894491314888, 0.0, 0.0, 0.0, 0.0, 0.0, 0.0, 0.011227509938180447, 0.0, 0.0, 0.028148625046014786, 0.0, 0.04060346260666847, 0.0, 0.0, 0.00017669885710347444, 0.0, 0.0, 0.0, 8.640076703159139e-05, 0.0, 0.0, 0.0, 0.0, 0.0, 0.0, 0.0, 0.010735179297626019, 0.00021895866666454822, 0.0, 0.0], [0.0, 0.0, 0.0, 0.043307870626449585, 0.019589129835367203, 0.0, 0.0, 0.0, 0.05476737767457962, 0.0010111606679856777, 0.0, 0.0, 0.0, 0.10445943474769592, 0.03186475485563278, 0.0919269397854805, 0.0, 0.010164126753807068, 0.0, 0.0, 0.0, 0.025758197531104088, 0.0, 0.0, 0.021467220038175583, 0.0, 0.0, 0.0, 0.24812570214271545, 0.0, 0.0, 0.0, 0.0, 0.0, 0.0, 0.0, 0.0, 0.0, 0.0, 0.09987635165452957, 0.03966637700796127, 0.0, 0.15178824961185455, 0.09228978306055069, 0.0, 0.0, 0.08460977673530579, 0.0, 0.016155581921339035, 0.028646130114793777, 0.0, 0.0, 0.0, 0.0, 0.0, 0.0, 0.012867426499724388, 0.0, 0.0, 0.0, 0.016516923904418945, 1.1525148693181109e-05, 0.0, 0.0, 0.0, 0.0, 0.04933859780430794, 0.0, 0.0, 0.029337044805288315, 0.05293278023600578, 0.02176399901509285, 0.0, 0.02940983884036541, 0.0, 0.008989895693957806, 0.0, 0.0, 0.0, 0.0, 0.0, 0.0, 0.0, 0.0, 0.0, 0.0, 0.0, 0.0, 0.0, 0.0, 0.023601261898875237, 1.68155213486898e-06, 0.0, 0.0, 0.0, 0.0], [0.07549521327018738, 0.0, 0.0, 0.0, 0.03725640848278999, 0.0, 0.0, 0.0, 1.2503404832386877e-05, 0.0, 0.0, 0.06312959641218185, 0.0, 0.0, 0.0, 0.0, 0.0, 0.019977450370788574, 0.0, 0.0, 0.0, 0.0, 0.0, 0.0, 0.0, 0.0, 0.0, 0.013955676928162575, 0.0, 0.0, 0.05815644934773445, 0.06177668645977974, 0.0, 0.10518727451562881, 0.0, 0.0, 0.028359590098261833, 0.11848768591880798, 0.2342306673526764, 0.0, 0.07819639146327972, 0.0, 0.051192451268434525, 0.0, 0.16749605536460876, 0.0, 0.022739820182323456, 0.033690571784973145, 0.0, 0.0, 0.0, 0.027142183855175972, 0.016969900578260422, 0.010167322121560574, 0.05117059499025345, 7.2155908128479496e-06, 0.0, 0.028743615373969078, 0.0, 0.024728339165449142, 2.5372490199515596e-05, 7.460474989784416e-06, 0.0, 0.0, 0.0, 0.0, 0.0, 0.0, 0.02954252064228058, 0.014074270613491535, 0.0, 0.030392589047551155, 0.041105471551418304, 0.0, 0.0, 0.0, 0.0, 0.0, 0.036304667592048645, 0.0, 2.5946878849936184e-06, 0.01289220992475748, 0.0, 0.0, 0.0135930385440588, 0.0, 0.0, 0.046891771256923676, 0.0, 0.021903689950704575, 0.0, 0.0, 0.0, 0.0, 0.0, 0.0], [2.976355972350575e-05, 0.0, 0.00022150964650791138, 0.0, 0.007240597624331713, 0.05896619334816933, 0.0028169918805360794, 0.0, 1.95977117982693e-05, 0.0, 0.0001722505403449759, 0.0, 0.0, 0.0, 8.127219189191237e-06, 0.00015990427345968783, 0.04320012778043747, 9.081014286493883e-05, 0.025466039776802063, 0.0, 0.009346392005681992, 0.0116848424077034, 0.0, 0.0, 0.0, 0.03137795999646187, 0.00016089309065137058, 6.5343250753358e-05, 0.0015200746711343527, 0.0002779595961328596, 0.0, 0.10595229268074036, 0.0, 0.0, 0.2506302297115326, 0.06448442488908768, 0.0041932612657547, 0.0, 0.0, 0.0017754671862348914, 4.2462612327653915e-05, 0.0, 0.0, 0.00013999002112541348, 0.24382013082504272, 0.005260887555778027, 0.18283209204673767, 0.01458834484219551, 0.0, 5.991806028760038e-05, 0.0, 0.0, 0.0, 4.992154208594002e-05, 0.0, 0.0, 0.0, 0.0, 0.018857087939977646, 0.0, 0.0, 0.0, 0.00012013428204227239, 0.00023611297365278006, 0.0, 0.00014460517559200525, 0.020263614133000374, 0.0, 0.0, 0.0, 0.0, 0.0, 0.0, 0.0, 0.015646053478121758, 0.002014039782807231, 0.02506079711019993, 0.0, 0.0, 0.0, 0.010429241694509983, 0.0, 0.0, 0.01407535094767809, 0.0, 0.016261527314782143, 0.0, 0.0, 0.0, 0.0, 5.1659346354426816e-05, 0.0, 0.0, 0.0158136785030365, 0.020604772493243217, 0.0]]
Time 807.1641616821289
