Created graph
[-7.0, -5, -3.0]
[-6.0, -5, -4.0]
[-4.5, -4.0, -3.5]
[-4.25, -4.0, -3.75]
[-3.875, -3.75, -3.625]
[-3.9375, -3.875, -3.8125]
0.1 10 4
Score: 70.09545
Signatures: [[2.6366958618164062, 3.6408300399780273, 0.9011430740356445, 1.8383320569992065, 2.4194226264953613, 2.1965136528015137, 0.9882872104644775, 2.224661111831665, 1.3727798461914062, 2.19867205619812, 0.35912024974823, 2.358330726623535, 3.61289381980896, 4.1335883140563965, 0.5567840337753296, 5.342177867889404, 2.3529183864593506, 1.8111848831176758, 1.4915724992752075, 2.5603315830230713, 2.3153231143951416, 1.9666597843170166, 0.6283131241798401, 3.776477575302124, 1.2294305562973022, 1.776780128479004, 0.8904707431793213, 2.6199519634246826, 9.004982948303223, 6.689697742462158, 1.6432753801345825, 16.890302658081055, 2.6221706867218018, 1.6166285276412964, 1.2262184619903564, 1.877288579940796, 2.9969143867492676, 1.8712621927261353, 0.15916143357753754, 3.412034273147583, 1.8840364217758179, 0.9388993978500366, 0.0, 3.396728992462158, 9.735456466674805, 6.582586765289307, 2.501404047012329, 6.713714122772217, 0.35391396284103394, 0.9540284872055054, 0.7828841805458069, 0.31997284293174744, 0.7316858172416687, 1.6038461923599243, 1.532037377357483, 1.631479263305664, 0.49093762040138245, 0.8288342356681824, 0.7960683703422546, 0.6793538928031921, 0.3361998498439789, 0.60011225938797, 0.5193668603897095, 0.9265946745872498, 0.918911874294281, 1.2290960550308228, 1.3003580570220947, 1.8065366744995117, 0.4765065312385559, 1.2447632551193237, 1.0921006202697754, 1.5774226188659668, 0.4356539845466614, 0.6947620511054993, 0.0, 1.4671903848648071, 0.4858783185482025, 1.2229145765304565, 0.398308664560318, 0.6203614473342896, 0.1064293384552002, 0.3888278007507324, 0.9695959091186523, 0.4511744976043701, 0.35548579692840576, 0.5890753269195557, 1.1983009576797485, 1.2638626098632812, 0.38013723492622375, 0.5203030705451965, 0.9199041724205017, 0.6674014925956726, 0.4900936782360077, 0.4218287765979767, 0.7792083621025085, 0.8191081285476685], [0.0, 0.0, 0.0, 0.0, 0.0, 0.0, 0.0, 0.0, 0.0, 0.0, 0.0004510633007157594, 0.0, 2.7299695014953613, 0.7373945116996765, 0.6439898014068604, 1.3763833045959473, 0.0, 0.0, 0.0, 0.0, 0.0, 0.0, 0.0, 0.0, 0.0, 0.0, 0.0, 0.0, 6.4937944412231445, 2.5256168842315674, 0.5036776065826416, 14.44499397277832, 0.1671106219291687, 0.0, 0.1906186193227768, 0.035881102085113525, 1.3298112154006958, 0.1526513397693634, 0.8156111836433411, 0.20842567086219788, 0.17415344715118408, 0.05349599942564964, 0.0, 0.0, 39.42949676513672, 8.620654106140137, 11.168996810913086, 22.392080307006836, 0.0, 0.0, 0.2093188315629959, 0.0, 0.0, 0.0, 0.0, 0.0, 0.0006794037180952728, 0.0, 0.0, 0.0, 0.0, 0.0, 0.0, 0.0, 0.0, 0.0, 0.0, 0.0, 0.0, 0.0, 0.0, 0.0, 0.0, 0.0, 0.0, 0.0, 0.0, 0.0, 0.0, 0.04576369747519493, 0.0, 0.0, 0.0, 0.0, 0.0, 0.0, 0.0, 0.0, 0.0, 0.020925205200910568, 0.0, 0.0, 0.0, 0.0, 0.0, 0.0], [0.0, 0.0, 0.0, 0.0, 0.0, 0.0, 0.0, 0.0, 0.0, 0.0, 0.09387810528278351, 0.0, 3.59626841545105, 0.7501177191734314, 0.4435337483882904, 0.31630176305770874, 0.0, 0.0, 0.0, 0.0, 0.0, 0.0, 0.0, 0.0, 0.0, 0.0, 0.0, 0.0, 25.408140182495117, 6.919436454772949, 1.7087364196777344, 26.314144134521484, 0.04323454201221466, 0.0, 1.0348868370056152, 0.0, 0.5724688768386841, 0.0, 0.5087413787841797, 0.0, 0.0611080639064312, 0.0, 0.8072857856750488, 0.0, 24.59604263305664, 4.901512622833252, 5.613577365875244, 8.620253562927246, 0.0, 0.0, 0.0, 0.0, 0.14811670780181885, 0.0, 0.0, 0.0, 0.0, 0.0, 0.0, 0.0, 0.0, 0.0, 0.0, 0.0, 0.0018380987457931042, 0.0, 0.12517845630645752, 0.0, 0.0, 0.07306411862373352, 0.0, 0.0, 0.0, 0.0, 0.018293406814336777, 0.0, 0.005959879141300917, 0.0, 0.0, 0.0, 0.0, 0.0, 0.0, 0.0, 0.0, 0.0, 0.0, 0.0, 0.0, 0.0, 0.0, 0.0, 0.0, 0.0, 0.08016203343868256, 0.0], [1.7456490993499756, 2.316951274871826, 0.6991346478462219, 1.3837177753448486, 1.7765475511550903, 2.06909441947937, 0.6970421075820923, 1.8479400873184204, 2.2006473541259766, 1.8156898021697998, 0.5176107883453369, 1.4874309301376343, 1.4307081699371338, 2.4709277153015137, 0.7849265336990356, 1.9448707103729248, 1.1958447694778442, 1.0825445652008057, 0.6684210896492004, 1.155571699142456, 0.9722716808319092, 1.1938934326171875, 1.102448582649231, 1.347452163696289, 0.6243423223495483, 1.0005812644958496, 0.43078872561454773, 0.976376473903656, 0.4589579701423645, 0.8458181619644165, 0.7010511755943298, 0.0, 2.623810291290283, 2.6476340293884277, 13.695777893066406, 2.4948554039001465, 3.113088369369507, 2.968919515609741, 12.30273723602295, 3.5206284523010254, 3.9454994201660156, 4.545529842376709, 13.739049911499023, 3.1053249835968018, 0.06428099423646927, 4.275928974151611, 7.9415788650512695, 2.2242019176483154, 0.6731945276260376, 1.16431725025177, 0.9536104798316956, 0.7875556349754333, 0.2402345985174179, 1.0882235765457153, 1.2692108154296875, 0.8268066048622131, 0.3569892644882202, 0.752902626991272, 0.6904504895210266, 0.505797266960144, 0.6522278189659119, 0.5956263542175293, 0.5017116069793701, 0.5984067320823669, 1.677503228187561, 1.1556124687194824, 2.3913958072662354, 2.155203342437744, 0.8393717408180237, 1.6819770336151123, 1.8371992111206055, 1.6982567310333252, 2.31680965423584, 1.060168981552124, 2.093682289123535, 1.2176870107650757, 1.2550526857376099, 1.49126398563385, 1.2134517431259155, 1.026362419128418, 0.39793968200683594, 0.29441025853157043, 0.42974039912223816, 0.4847105145454407, 0.3048967123031616, 0.601379930973053, 0.9929620623588562, 1.101285457611084, 0.34318363666534424, 0.47079533338546753, 0.7165830135345459, 0.38800644874572754, 0.41007137298583984, 0.5980342626571655, 0.54168701171875, 0.8924818634986877]]
Time 1347.9475092887878
