Created graph
[-7.0, -5, -3.0]
[-4.0, -3.0, -2.0]
[-4.5, -4.0, -3.5]
[-4.25, -4.0, -3.75]
[-4.125, -4.0, -3.875]
[-4.1875, -4.125, -4.0625]
0.3 1 4
Score: 127.353806
Signatures: [[1.0761640071868896, 1.2672994136810303, 0.5237515568733215, 0.9165120124816895, 1.25173020362854, 1.3548946380615234, 0.4861086308956146, 0.9365096092224121, 0.4502037465572357, 0.8181193470954895, 0.3047918975353241, 1.0782374143600464, 3.2543652057647705, 2.3254215717315674, 0.4724036157131195, 1.9019477367401123, 1.2550832033157349, 0.9479153752326965, 1.1359226703643799, 1.318081259727478, 1.4874664545059204, 1.0035203695297241, 0.4411188066005707, 1.748687982559204, 0.4115581810474396, 0.9499841332435608, 0.380716472864151, 1.225833773612976, 7.667480945587158, 3.0974369049072266, 1.277866244316101, 6.758298873901367, 1.3001189231872559, 0.5968218445777893, 1.1752755641937256, 1.024738073348999, 1.9984943866729736, 0.9604544639587402, 0.0, 1.2704105377197266, 0.7404125928878784, 0.016182271763682365, 0.0, 1.563786268234253, 4.367894649505615, 3.179121255874634, 1.195233941078186, 4.012511253356934, 0.13780583441257477, 0.4858517646789551, 0.27692168951034546, 0.14175985753536224, 0.335899293422699, 0.5535855293273926, 0.4763873517513275, 0.5805097222328186, 0.29282286763191223, 0.4663122892379761, 0.2520531415939331, 0.28426095843315125, 0.15756314992904663, 0.19568726420402527, 0.3047916889190674, 0.3172903060913086, 0.381813108921051, 0.4331267774105072, 0.6427919864654541, 0.9882776737213135, 0.2032708376646042, 0.6420078277587891, 0.6218767166137695, 0.6819005608558655, 0.005297360476106405, 0.30713510513305664, 0.18273718655109406, 0.3752870261669159, 0.16725625097751617, 0.446371853351593, 0.059027787297964096, 0.2567310929298401, 0.03341454267501831, 0.1924162656068802, 0.5395937561988831, 0.2280322015285492, 0.1674138605594635, 0.20943300426006317, 0.6897801160812378, 0.8969941735267639, 0.18560481071472168, 0.2723155617713928, 0.4459380805492401, 0.2954774498939514, 0.16289228200912476, 0.21190901100635529, 0.5425509214401245, 0.3823816180229187], [0.0, 0.0, 0.0, 0.0, 0.0, 0.0, 0.0, 0.0, 0.0, 0.0, 0.0, 0.0, 0.528292715549469, 0.0, 0.10004907101392746, 0.0, 0.0, 0.0, 0.0, 0.0, 0.0, 0.0, 0.0, 0.0, 0.0, 0.0, 0.0, 0.0, 12.52546215057373, 3.7347192764282227, 0.6915028691291809, 14.439733505249023, 0.0, 0.0, 0.29487645626068115, 0.0, 0.009703459218144417, 0.0, 0.6284762024879456, 0.0, 0.020434865728020668, 0.0, 0.5968608260154724, 0.0, 12.770402908325195, 2.486398696899414, 3.7696022987365723, 4.8078532218933105, 0.0, 0.0, 0.0, 0.0, 0.10829772055149078, 0.0, 0.0, 0.0, 0.0, 0.0, 0.0, 0.0, 0.0, 0.0, 0.0, 0.0, 3.565780207281932e-05, 0.0, 0.015615132637321949, 0.0, 0.0, 0.015323781408369541, 0.0, 0.0, 0.053836390376091, 0.0, 0.005731804296374321, 0.0, 0.0486481711268425, 0.0, 0.029369143769145012, 0.0, 0.0, 0.0, 0.0, 0.006635706406086683, 0.0, 0.0, 0.0, 0.0, 0.0, 0.0, 0.0, 0.0, 0.0, 0.0, 0.0, 0.0], [0.0, 0.0, 0.0, 0.0, 0.0, 0.0, 0.0, 0.0, 0.0, 0.0, 0.04407321289181709, 0.0, 1.403282880783081, 0.6252837181091309, 0.3966508209705353, 0.8349357843399048, 0.0, 0.0, 0.0, 0.0, 0.0, 0.0, 0.0, 0.0, 0.0, 0.0, 0.0, 0.0, 0.24717016518115997, 0.5794684886932373, 0.00776981795206666, 5.447030544281006, 0.13583071529865265, 0.0, 0.35876190662384033, 0.05158067122101784, 0.6136618256568909, 0.172734797000885, 0.4078991413116455, 0.2985609173774719, 0.2882634997367859, 0.1576869934797287, 0.0, 0.0, 18.799158096313477, 4.107250213623047, 5.259033203125, 11.276934623718262, 0.0, 0.0, 0.15540854632854462, 0.0, 0.0, 0.0, 0.0, 0.0, 0.0, 0.0, 0.0, 0.0, 0.0, 0.0, 0.0, 0.0, 0.0, 0.0, 0.0, 0.0, 0.0, 0.0, 0.0, 0.0, 0.0, 0.0, 0.0, 0.0, 0.0, 0.0, 0.0, 0.041525449603796005, 0.0, 0.0, 0.0, 0.0, 0.0, 0.0, 0.0, 0.0, 0.0, 0.0011745775118470192, 0.0, 0.0, 0.0, 0.011343834921717644, 2.4442957510473207e-05, 0.0], [1.2546836137771606, 1.1508893966674805, 0.38288429379463196, 0.7298070192337036, 1.0484956502914429, 1.1777441501617432, 0.4238673448562622, 1.0954983234405518, 1.3151684999465942, 1.3102885484695435, 0.2429727166891098, 0.9180856943130493, 0.4604954421520233, 1.1810041666030884, 0.2930719256401062, 1.3727703094482422, 0.630033552646637, 0.6056272983551025, 0.2806856036186218, 0.6528374552726746, 0.33891627192497253, 0.5630682110786438, 0.5489563345909119, 0.8056086301803589, 0.35419002175331116, 0.45839059352874756, 0.28761932253837585, 0.5157458782196045, 0.0, 0.3232024013996124, 0.26364263892173767, 0.0, 1.4062273502349854, 1.7969106435775757, 7.675956726074219, 1.3346624374389648, 1.6598845720291138, 1.6192117929458618, 6.560269832611084, 2.0703976154327393, 2.186264753341675, 3.0222418308258057, 8.267838478088379, 1.8088195323944092, 0.3324708044528961, 2.6500186920166016, 4.088839530944824, 0.5297044515609741, 0.40419405698776245, 0.718481183052063, 0.5076374411582947, 0.43165865540504456, 0.1355549842119217, 0.6075184345245361, 0.8505331873893738, 0.6039231419563293, 0.18744049966335297, 0.39301159977912903, 0.42722588777542114, 0.30792802572250366, 0.3773643970489502, 0.4638350307941437, 0.2414388805627823, 0.4438534379005432, 1.0255910158157349, 0.7851489186286926, 1.3822743892669678, 1.1284745931625366, 0.5090847015380859, 1.0152623653411865, 1.0339049100875854, 1.0229548215866089, 1.603219985961914, 0.6551551818847656, 0.7230970859527588, 0.8541229367256165, 0.8189298510551453, 0.9490931034088135, 0.8617185950279236, 0.6132460236549377, 0.25827929377555847, 0.1898854821920395, 0.29132747650146484, 0.20391544699668884, 0.2243180274963379, 0.30214419960975647, 0.5418448448181152, 0.5272093415260315, 0.15047650039196014, 0.26077568531036377, 0.4350772798061371, 0.2933988869190216, 0.257708877325058, 0.34406834840774536, 0.2614106833934784, 0.5201612114906311]]
Time 1136.4154884815216
