Created graph
[-7.0, -5, -3.0]
[-4.0, -3.0, -2.0]
[-4.5, -4.0, -3.5]
[-4.75, -4.5, -4.25]
[-4.375, -4.25, -4.125]
[-4.4375, -4.375, -4.3125]
0.1 1 4
Score: 74.54896
Signatures: [[1.3593027591705322, 1.7645905017852783, 0.5328754782676697, 0.9571208357810974, 1.2411909103393555, 1.2847234010696411, 0.4451450705528259, 1.0519036054611206, 0.7077139616012573, 1.1050951480865479, 0.27856454253196716, 1.305552363395691, 1.3017029762268066, 2.48007869720459, 0.34102949500083923, 2.240394115447998, 1.1917506456375122, 0.9710442423820496, 0.8674226403236389, 1.371289849281311, 1.2190943956375122, 1.0898867845535278, 0.4528547525405884, 1.8288006782531738, 0.5716572403907776, 1.0396788120269775, 0.4855060875415802, 1.3192862272262573, 3.948362350463867, 2.930039405822754, 0.6733713150024414, 5.791845798492432, 1.474223017692566, 1.0555870532989502, 1.2192784547805786, 1.008284568786621, 1.5897363424301147, 1.0319303274154663, 0.43426841497421265, 1.784876823425293, 1.0757180452346802, 0.2944335341453552, 0.07075463235378265, 1.4963825941085815, 2.4220902919769287, 3.4387130737304688, 1.7669771909713745, 1.2173913717269897, 0.26313096284866333, 0.4838981330394745, 0.42553868889808655, 0.1854088008403778, 0.32212793827056885, 0.7436255216598511, 0.8299965262413025, 0.8808889985084534, 0.28687402606010437, 0.36678844690322876, 0.39067691564559937, 0.3653244376182556, 0.24355095624923706, 0.3211856186389923, 0.2923950254917145, 0.4827084243297577, 0.6086669564247131, 0.601517379283905, 0.6705389022827148, 1.0146321058273315, 0.27533411979675293, 0.5936965942382812, 0.8202437162399292, 0.9198905825614929, 0.14944039285182953, 0.4823969304561615, 0.0, 0.799479603767395, 0.2159239947795868, 0.4179900586605072, 0.06466926634311676, 0.2778114974498749, 0.11087948083877563, 0.2586284577846527, 0.46202072501182556, 0.2883049547672272, 0.17663142085075378, 0.4036243259906769, 0.6417047381401062, 0.7400539517402649, 0.20149214565753937, 0.32773178815841675, 0.44812244176864624, 0.3494720458984375, 0.27545732259750366, 0.2534807324409485, 0.4621049761772156, 0.5035986304283142], [0.675386905670166, 0.9569512009620667, 0.24906770884990692, 0.5683913826942444, 0.7308555841445923, 0.8195394277572632, 0.3113360106945038, 0.8353069424629211, 1.0625717639923096, 0.7734990119934082, 0.1891564279794693, 0.5366113185882568, 0.7275970578193665, 0.7794608473777771, 0.34564799070358276, 0.8037246465682983, 0.4358143210411072, 0.3884258568286896, 0.16933001577854156, 0.3546297550201416, 0.28218981623649597, 0.42316097021102905, 0.4432287812232971, 0.4364508390426636, 0.2513843774795532, 0.30167317390441895, 0.138019859790802, 0.2965906858444214, 0.0, 0.12265906482934952, 0.3011644780635834, 0.0, 1.08284592628479, 1.1082701683044434, 6.898913860321045, 1.1485934257507324, 1.3510998487472534, 1.347014307975769, 6.199862003326416, 1.530189037322998, 1.8571453094482422, 2.4330153465270996, 7.014976978302002, 1.4472167491912842, 1.088921308517456, 1.7727261781692505, 3.868701457977295, 1.9936996698379517, 0.27706196904182434, 0.5285125970840454, 0.41930779814720154, 0.3683890402317047, 0.07851919531822205, 0.48164981603622437, 0.5084112882614136, 0.2807934880256653, 0.12391168624162674, 0.36035412549972534, 0.30426591634750366, 0.19658267498016357, 0.2758229970932007, 0.24644753336906433, 0.2018909901380539, 0.2300829142332077, 0.7289131879806519, 0.5217658281326294, 1.1104271411895752, 0.9142459630966187, 0.3824280798435211, 0.8097114562988281, 0.7243351936340332, 0.706788182258606, 1.2523276805877686, 0.4284903109073639, 1.1115938425064087, 0.4782041907310486, 0.6497812867164612, 0.782341718673706, 0.6743618845939636, 0.5063662528991699, 0.16147859394550323, 0.08812418580055237, 0.15493673086166382, 0.1774798333644867, 0.1349382847547531, 0.2061358541250229, 0.4058536887168884, 0.4113694131374359, 0.13757234811782837, 0.17616452276706696, 0.3116551637649536, 0.1386379599571228, 0.15492910146713257, 0.2529211938381195, 0.19163307547569275, 0.34534621238708496], [0.0, 0.0, 0.0, 0.0, 0.0, 0.0, 0.0, 0.0, 0.0, 0.0, 0.013329371809959412, 0.0, 1.1652933359146118, 0.5161269903182983, 0.3081611394882202, 0.6110536456108093, 0.0, 0.0, 0.0, 0.0, 0.0, 0.0, 0.0, 0.0, 0.004833857528865337, 0.0, 0.0, 0.0, 3.0176212787628174, 1.0986827611923218, 0.13509078323841095, 6.61619758605957, 0.07097244262695312, 0.0, 0.0, 0.014575786888599396, 0.5518526434898376, 0.05451981723308563, 0.18270304799079895, 0.08691561967134476, 0.060848165303468704, 0.011854047887027264, 0.0, 0.0071075973100960255, 18.127899169921875, 3.9162707328796387, 5.164090156555176, 9.565912246704102, 0.0, 0.0, 0.08209431171417236, 0.0, 0.0, 0.0, 0.0, 0.0, 0.0, 0.0, 0.0, 0.0, 0.0, 0.0, 0.0, 0.0, 0.0, 0.0, 0.0, 0.0, 0.0, 0.0, 0.0, 0.0, 0.0, 0.0, 0.0, 0.0, 0.0, 0.0, 0.0, 0.020170703530311584, 0.0, 0.0, 0.0, 0.0, 0.0, 0.0, 0.0, 0.0, 0.0, 0.00011004756379406899, 0.0, 0.0, 0.0, 0.0, 0.0, 0.0], [0.0, 0.0, 0.0, 0.0, 0.0, 0.0, 0.0, 0.0, 0.0, 0.0, 7.384049968095496e-05, 0.0, 1.6611037254333496, 0.0, 0.11734334379434586, 0.23352675139904022, 0.0, 0.0, 0.0, 0.0, 0.0, 0.0, 0.0, 0.0, 0.0, 0.0, 0.0, 0.0, 11.083077430725098, 3.1551015377044678, 0.9068423509597778, 11.545272827148438, 0.0, 0.0, 0.3671426475048065, 0.0, 0.21061831712722778, 0.0, 0.33284851908683777, 0.0, 0.014335151761770248, 0.0, 0.4137115180492401, 0.01938830129802227, 8.593877792358398, 1.4822646379470825, 1.509031057357788, 3.485692262649536, 0.0, 0.0, 0.0, 0.0, 0.09332606196403503, 0.0, 0.0, 0.0, 0.0, 0.0, 0.0, 0.0, 0.0, 0.0, 0.0, 0.0, 0.0, 0.0, 0.07921872287988663, 0.0, 0.0, 0.053179409354925156, 0.0, 0.0, 0.0, 0.0, 0.031327325850725174, 0.0, 0.015338133089244366, 0.02577393688261509, 0.04174499958753586, 0.0, 0.0, 0.0, 0.0, 0.0, 0.0, 0.0, 0.0, 0.0, 0.0, 0.0, 0.0, 0.0, 0.0, 0.0, 0.010910941287875175, 0.0]]
Time 1318.0817656517029
