Created graph
[-11.0, -9, -7.0]
[-8.0, -7.0, -6.0]
[-6.5, -6.0, -5.5]
[-5.75, -5.5, -5.25]
[-5.625, -5.5, -5.375]
[-5.5625, -5.5, -5.4375]
0.3 5000 4
Score: 273.79523
Signatures: [[0.08364351838827133, 0.2861785590648651, 0.0, 0.0, 0.0, 0.02100662887096405, 0.11974749714136124, 0.13837410509586334, 0.0, 0.13402944803237915, 0.0, 0.07768470793962479, 0.4381607472896576, 0.04912262782454491, 0.01651042141020298, 0.06826451420783997, 0.07700901478528976, 0.0, 0.0, 0.15066008269786835, 0.12826476991176605, 0.0, 0.149497389793396, 0.20051150023937225, 0.0, 0.0, 0.0, 0.0034564738161861897, 0.20075681805610657, 0.0, 0.0, 0.6326448321342468, 0.24372710287570953, 0.06726548075675964, 0.3620584011077881, 0.1084040179848671, 0.0, 0.01829519495368004, 0.0, 0.0, 0.0, 0.36990249156951904, 0.2366998940706253, 0.048729270696640015, 0.4593413174152374, 0.24896739423274994, 0.22632983326911926, 0.25452134013175964, 0.0, 0.031187063083052635, 0.13862915337085724, 0.0, 0.0, 0.0, 0.0, 0.0, 0.0, 0.0, 0.07662924379110336, 0.0, 0.0, 0.06300751864910126, 0.0, 0.0, 0.10962086170911789, 0.06837758421897888, 0.0, 0.2445877194404602, 0.0, 0.0, 0.0, 0.0, 0.0, 0.0, 0.15353000164031982, 0.0, 0.13068793714046478, 0.0, 0.0, 0.14076834917068481, 0.0, 0.0, 0.09638454020023346, 0.0, 0.0, 0.02750222012400627, 0.09407297521829605, 0.0, 0.049503859132528305, 0.0, 0.0, 0.06749365478754044, 0.0, 0.0, 0.0, 0.14458678662776947], [0.0, 0.0, 0.1154024749994278, 0.0, 0.0, 0.017195167019963264, 0.0, 0.0, 0.0012967666843906045, 0.0, 0.08095955103635788, 0.0, 0.0, 0.0, 0.0, 0.023946620523929596, 0.0, 0.07546950876712799, 0.013122722506523132, 0.001005074824206531, 0.0, 0.0, 0.0, 0.04536440595984459, 0.0, 0.10516243427991867, 0.09653836488723755, 0.10548371076583862, 0.31892725825309753, 0.4046928882598877, 0.0, 0.478870153427124, 0.04073634743690491, 0.060830846428871155, 0.4180487096309662, 0.1283678263425827, 0.25476470589637756, 0.06867608428001404, 0.42419785261154175, 0.14027124643325806, 0.0, 0.0026363932993263006, 0.317891001701355, 0.02306494675576687, 0.7854320406913757, 0.49379873275756836, 0.3081158995628357, 0.6356656551361084, 0.0, 0.028560301288962364, 0.0, 0.0, 0.0, 0.09494160860776901, 0.0, 0.1366002857685089, 0.0, 0.003439508378505707, 0.004021004308015108, 0.0, 0.0, 0.0, 0.07742604613304138, 0.11436429619789124, 0.01805088482797146, 0.07567434012889862, 0.0, 0.0, 0.0, 0.009545170702040195, 0.0, 0.037208687514066696, 0.09441404789686203, 0.0, 0.0, 0.10476059466600418, 0.0, 0.18727830052375793, 0.00024372198095079511, 0.0, 0.0028171949088573456, 0.0, 0.0, 0.07519298791885376, 0.0, 0.04306480661034584, 0.0, 0.0, 0.0, 0.0, 0.0, 0.0, 0.054837558418512344, 0.0, 0.0, 0.0], [0.0, 0.0, 0.0, 0.11772774904966354, 0.09447121620178223, 0.17167362570762634, 0.0, 0.0, 0.18303096294403076, 0.06517903506755829, 0.0, 0.0, 0.0, 0.3091634511947632, 0.09330044686794281, 0.21058548986911774, 0.08502215892076492, 0.042654864490032196, 0.041676104068756104, 0.0, 0.026831381022930145, 0.13775956630706787, 0.0, 0.0, 0.07481969147920609, 0.02664637751877308, 0.0, 0.0, 0.44645559787750244, 0.07847217470407486, 0.0, 0.23042958974838257, 0.013232162222266197, 0.0, 0.1250198632478714, 0.022986404597759247, 0.0431818850338459, 0.04038755223155022, 0.2185664176940918, 0.20392096042633057, 0.16955485939979553, 0.0, 0.32292377948760986, 0.24478651583194733, 0.35570570826530457, 0.2460128366947174, 0.36284708976745605, 0.13615389168262482, 0.06167430430650711, 0.06651262193918228, 0.0, 0.0, 0.0, 0.0, 0.0, 0.0, 0.043017711490392685, 0.0, 0.0, 0.0, 0.06246668100357056, 0.0, 0.0, 0.0, 0.0, 0.0, 0.16199557483196259, 0.0, 0.0, 0.08117023855447769, 0.14962409436702728, 0.06348402798175812, 0.0, 0.10712140053510666, 0.0, 0.047283023595809937, 0.0, 0.0, 0.0, 0.0, 0.0, 0.0, 0.0, 0.0, 0.0, 0.0, 0.0, 0.0, 0.0, 0.0, 0.08312450349330902, 0.0, 0.0, 0.0, 0.0, 0.0], [0.1593780666589737, 0.0, 0.0, 0.03286142274737358, 0.11531943082809448, 0.0, 0.0, 0.07753213495016098, 0.0, 0.0, 0.0, 0.13504883646965027, 0.0, 0.0, 0.0, 0.02405792847275734, 0.0, 0.040530893951654434, 0.04599947854876518, 0.03037663735449314, 0.0, 0.0, 0.0, 0.0, 0.0, 0.0, 0.0, 0.0603858083486557, 0.11027076840400696, 0.03967570140957832, 0.20661941170692444, 0.4643767178058624, 0.0, 0.18952801823616028, 0.31457972526550293, 0.0, 0.14835599064826965, 0.2092507779598236, 0.45609986782073975, 0.04876310005784035, 0.194372296333313, 0.009620321914553642, 0.24675412476062775, 0.0, 0.7080851197242737, 0.0, 0.3476775288581848, 0.2791089713573456, 0.0, 0.0, 0.0, 0.11227935552597046, 0.09001219272613525, 0.05030173808336258, 0.1899770349264145, 0.0, 0.0, 0.08572673797607422, 0.0, 0.09863387048244476, 0.0, 0.021816954016685486, 0.0, 0.0, 0.053653616458177567, 0.0, 0.09427767992019653, 0.026002712547779083, 0.11006972938776016, 0.054274022579193115, 0.03249073773622513, 0.06543229520320892, 0.08759772032499313, 0.0, 0.0, 0.0, 0.0, 0.0, 0.11592423915863037, 0.0, 0.046703919768333435, 0.05642341449856758, 0.0, 0.0, 0.054588157683610916, 0.0, 0.032253801822662354, 0.17847031354904175, 0.0, 0.09460862725973129, 0.0, 0.0, 0.0, 0.09299702942371368, 0.11682356894016266, 0.0]]
Time 801.7240335941315
