Created graph
[-11.0, -9, -7.0]
[-8.0, -7.0, -6.0]
[-6.5, -6.0, -5.5]
[-6.25, -6.0, -5.75]
[-5.875, -5.75, -5.625]
[-5.8125, -5.75, -5.6875]
0.3 10000 3
Score: 281.4867
Signatures: [[0.18551142513751984, 0.35203367471694946, 0.0605715773999691, 0.1523710936307907, 0.272931307554245, 0.5218170285224915, 0.4798482060432434, 0.21774594485759735, 0.5148308873176575, 0.3079007863998413, 0.04394427686929703, 0.21091847121715546, 0.8080701231956482, 0.40639492869377136, 0.13901004195213318, 0.785789430141449, 0.205341637134552, 0.2512623369693756, 0.19273877143859863, 0.12384810298681259, 0.2626853287220001, 0.33462679386138916, 0.5175864696502686, 0.2795628607273102, 0.08360270410776138, 0.06978923082351685, 0.2496456652879715, 0.23539195954799652, 1.527435541152954, 1.0783236026763916, 0.2212638109922409, 2.1320998668670654, 0.34802159667015076, 0.30954182147979736, 1.1809312105178833, 0.22780147194862366, 0.8123407959938049, 0.6815844774246216, 1.2320547103881836, 0.36187049746513367, 0.28969937562942505, 1.0063579082489014, 1.0853888988494873, 0.46541935205459595, 2.2204036712646484, 0.974080502986908, 1.2390731573104858, 1.3952670097351074, 0.4217376112937927, 0.8394439220428467, 0.2549404799938202, 0.3865090012550354, 0.062424276024103165, 0.10991152375936508, 0.16989174485206604, 0.30384552478790283, 0.0, 0.4742863178253174, 0.0, 0.3177005648612976, 0.37836599349975586, 0.05603203549981117, 0.49654966592788696, 0.12386582046747208, 0.49838748574256897, 0.2792540490627289, 0.95076584815979, 0.35184216499328613, 0.6314576268196106, 0.13308630883693695, 0.17481961846351624, 0.13127556443214417, 0.1010245755314827, 0.29799899458885193, 0.07512498646974564, 0.3487986922264099, 0.23510168492794037, 0.5896998643875122, 0.11732833832502365, 0.4224393367767334, 0.23519739508628845, 0.10686277598142624, 0.3212418258190155, 0.24059739708900452, 0.30025139451026917, 0.5573167204856873, 0.3374074399471283, 0.38917165994644165, 0.28893885016441345, 0.2656767964363098, 0.45577678084373474, 0.31071844696998596, 0.0, 0.0, 0.410908579826355, 0.25470709800720215], [0.251357764005661, 0.5768698453903198, 0.15402397513389587, 0.19357198476791382, 0.19534477591514587, 0.7494772672653198, 0.6190916895866394, 0.2760678231716156, 0.9852548837661743, 0.38074299693107605, 0.24656769633293152, 0.4617646336555481, 0.8692885041236877, 0.660656213760376, 0.48697417974472046, 0.4917391538619995, 0.2544994354248047, 0.49491047859191895, 0.1990492343902588, 0.23657144606113434, 0.3936815857887268, 0.26394331455230713, 0.15426690876483917, 0.39032718539237976, 0.10005038231611252, 0.5212170481681824, 0.047661617398262024, 0.4470043182373047, 1.4792982339859009, 0.8396153450012207, 0.21182851493358612, 1.6721794605255127, 0.5209143161773682, 0.4673161804676056, 1.3804409503936768, 0.3640557825565338, 0.4950251877307892, 0.5590887069702148, 1.1108276844024658, 0.8922500014305115, 0.8967720866203308, 0.34474968910217285, 1.170362114906311, 0.8430947661399841, 2.018231153488159, 0.9260070323944092, 1.1564239263534546, 1.7437654733657837, 0.029101671651005745, 0.058514054864645004, 0.06820403039455414, 0.060176488012075424, 0.24472756683826447, 0.257149338722229, 0.642045795917511, 0.37037160992622375, 0.17203280329704285, 0.4925796687602997, 0.8070552945137024, 0.06495584547519684, 0.1332324743270874, 0.5926728248596191, 0.0, 0.5755611062049866, 0.15620145201683044, 0.21119903028011322, 0.6413998007774353, 0.14814049005508423, 0.4151708781719208, 0.273555189371109, 0.5040191411972046, 0.10040826350450516, 0.9034905433654785, 0.06351950764656067, 0.2877710163593292, 0.4142105281352997, 0.31857830286026, 0.047061264514923096, 0.26636427640914917, 0.2540263533592224, 0.09931239485740662, 0.048098377883434296, 0.1273673176765442, 0.07692892849445343, 0.32830774784088135, 0.15276117622852325, 0.43133190274238586, 0.2056768387556076, 0.07869338244199753, 0.12975431978702545, 0.05287661775946617, 0.03998278081417084, 0.3220784068107605, 0.30560943484306335, 0.16206277906894684, 0.37583431601524353], [0.5038002729415894, 0.5510352849960327, 0.554583728313446, 0.3328818082809448, 0.33883440494537354, 0.21706010401248932, 0.19363799691200256, 0.5848556160926819, 0.05909299850463867, 0.2390284389257431, 0.5863103270530701, 0.20478731393814087, 0.26819413900375366, 0.45363935828208923, 0.0621018148958683, 0.7209643125534058, 0.5076018571853638, 0.3275347352027893, 0.5783923268318176, 0.4828227758407593, 0.5401838421821594, 0.2030050903558731, 0.6463913321495056, 0.39479681849479675, 0.18093346059322357, 0.24271272122859955, 0.1762724369764328, 0.13208453357219696, 0.9093096256256104, 0.4182925820350647, 0.48055073618888855, 2.0396406650543213, 0.7471613883972168, 0.2660461664199829, 1.0416812896728516, 0.21286951005458832, 0.5528698563575745, 0.4523988664150238, 1.349805235862732, 0.33028578758239746, 0.2730666697025299, 0.760881781578064, 1.2819387912750244, 0.4740828275680542, 2.060131549835205, 1.1756380796432495, 1.6192408800125122, 0.9605487585067749, 0.08570143580436707, 0.16899488866329193, 0.42312905192375183, 0.10724920779466629, 0.5182584524154663, 0.09761792421340942, 0.18461346626281738, 0.17206251621246338, 0.6893462538719177, 0.06462863087654114, 0.06193915382027626, 0.3710087537765503, 0.2509896457195282, 0.05156591162085533, 0.05980495363473892, 0.24529893696308136, 0.23491095006465912, 0.3736429214477539, 0.28851670026779175, 0.7252750992774963, 0.0, 0.31984442472457886, 0.5422164797782898, 0.5340728163719177, 0.3223816156387329, 0.14684052765369415, 0.6648353934288025, 0.49567660689353943, 0.15836744010448456, 0.4564952850341797, 0.4562230706214905, 0.02925054356455803, 0.19718806445598602, 0.3837098181247711, 0.1605576127767563, 0.22448942065238953, 0.07697754353284836, 0.02755746804177761, 0.23205509781837463, 0.11956294625997543, 0.08737499266862869, 0.08251748234033585, 0.09611770510673523, 0.27325356006622314, 0.16069185733795166, 0.23189504444599152, 0.10098765790462494, 0.46501249074935913]]
Time 795.9069318771362
