Created graph
[-7.0, -5, -3.0]
[-4.0, -3.0, -2.0]
[-4.5, -4.0, -3.5]
[-4.25, -4.0, -3.75]
[-4.375, -4.25, -4.125]
[-4.4375, -4.375, -4.3125]
0.3 0 3
Score: 132.68256
Signatures: [[1.152274250984192, 1.1429259777069092, 0.41198107600212097, 0.7702328562736511, 1.079672932624817, 1.1989384889602661, 0.41945457458496094, 1.032752275466919, 1.026416301727295, 1.1454845666885376, 0.2544308304786682, 0.9306544065475464, 1.1117947101593018, 1.4977374076843262, 0.4325806200504303, 1.6554127931594849, 0.8079650402069092, 0.6468601226806641, 0.43511688709259033, 0.8091857433319092, 0.6389318704605103, 0.6463951468467712, 0.4798714518547058, 1.0117218494415283, 0.35089144110679626, 0.5792820453643799, 0.2947118580341339, 0.6526585817337036, 1.193433165550232, 0.9213929176330566, 0.4143441319465637, 1.9059467315673828, 1.36509370803833, 1.3845787048339844, 5.54189920425415, 1.2936002016067505, 1.7049291133880615, 1.4403730630874634, 4.749691963195801, 1.9208381175994873, 1.8067783117294312, 2.1293716430664062, 5.772887229919434, 1.6257424354553223, 3.874239683151245, 3.5035884380340576, 4.078977584838867, 2.2987096309661865, 0.29915452003479004, 0.6366513967514038, 0.47313037514686584, 0.3427417576313019, 0.15217572450637817, 0.5617824792861938, 0.7130506038665771, 0.565998911857605, 0.21299827098846436, 0.4102180600166321, 0.37713098526000977, 0.2924639880657196, 0.3028169870376587, 0.3664362132549286, 0.24145227670669556, 0.3950848877429962, 0.8088411688804626, 0.6284847259521484, 1.1298251152038574, 1.016876220703125, 0.3933451175689697, 0.869411051273346, 0.891170084476471, 0.8741974830627441, 1.118817687034607, 0.542937159538269, 0.5336923599243164, 0.6853158473968506, 0.6388574242591858, 0.751270055770874, 0.5913296341896057, 0.5147828459739685, 0.18072207272052765, 0.1766769140958786, 0.36512988805770874, 0.20064204931259155, 0.19421175122261047, 0.25261154770851135, 0.5532426834106445, 0.5482620000839233, 0.1477982997894287, 0.2519949972629547, 0.40882912278175354, 0.2812836766242981, 0.22066105902194977, 0.30164799094200134, 0.3094714879989624, 0.43759340047836304], [0.0, 0.0021574783604592085, 0.007031134329736233, 0.013256426900625229, 0.0, 0.0, 0.0, 0.04008086025714874, 0.0, 0.0, 0.04758524149656296, 0.0, 1.4615726470947266, 0.5281803607940674, 0.1916108876466751, 0.1625051349401474, 0.04720121622085571, 0.06270620971918106, 0.10998860001564026, 0.0004425965598784387, 0.22182299196720123, 0.0, 0.0, 0.12799222767353058, 0.015802282840013504, 0.00905314739793539, 0.0, 0.04289603605866432, 9.845568656921387, 2.904528856277466, 0.7545021772384644, 9.393793106079102, 0.13063111901283264, 0.0, 0.0, 0.024819232523441315, 0.48631298542022705, 0.0, 0.0, 0.0, 0.013521562330424786, 0.0, 0.0, 0.08676033467054367, 7.108016490936279, 1.9437060356140137, 2.5027172565460205, 3.5532186031341553, 0.0, 0.00017573403602000326, 0.0, 0.0, 0.14440231025218964, 0.0, 0.0, 0.0, 0.004194788634777069, 0.0, 0.0, 0.0015309557784348726, 0.0, 0.0, 0.023162944242358208, 0.0, 0.0, 0.0, 0.0357399582862854, 0.0241264495998621, 0.0, 0.04295409470796585, 0.0, 0.0, 0.0, 0.0, 0.0, 0.0, 0.0002437043294776231, 0.0, 0.0, 0.0, 0.0, 0.0, 0.0, 0.027273280546069145, 0.0, 0.0005258469027467072, 0.0, 0.10839297622442245, 0.0, 0.0, 0.0, 0.0, 0.0, 0.0, 0.08309131115674973, 0.007213906850665808], [0.0, 0.0, 0.0, 0.0, 0.0, 0.0, 0.0, 0.0, 0.0, 0.0, 0.0, 0.0, 0.4008372128009796, 0.08563254773616791, 0.09645970165729523, 0.33396193385124207, 0.0, 0.0, 0.0, 0.0, 0.0, 0.0, 0.0, 0.0, 0.0, 0.0, 0.0, 0.0, 0.4523186981678009, 0.4600431025028229, 0.0, 4.666043758392334, 0.0, 0.0, 0.0, 0.0, 0.03436917066574097, 0.0014613466337323189, 0.0, 0.02217056043446064, 0.0, 0.0, 0.0, 0.0, 12.972166061401367, 2.142244577407837, 2.347433567047119, 7.564578056335449, 0.0, 0.0, 0.03261956200003624, 0.0, 0.0, 0.0, 0.0, 0.0, 0.0, 0.0, 0.0, 0.0, 0.0, 0.0, 0.0, 0.0, 0.0, 0.0, 0.0, 0.0, 0.0, 0.0, 0.0, 0.0, 0.0, 0.0, 0.0, 0.0, 0.0, 0.0, 0.0, 0.0, 0.0, 0.0, 0.0, 0.0, 0.0, 0.0, 0.0, 0.0, 0.0, 0.0, 0.0, 0.0, 0.0, 0.002469622530043125, 0.0, 0.0]]
Time 1123.346032857895
