Created graph
[-7.0, -5, -3.0]
[-6.0, -5, -4.0]
[-4.5, -4.0, -3.5]
[-4.25, -4.0, -3.75]
[-3.875, -3.75, -3.625]
[-3.8125, -3.75, -3.6875]
0.3 10 3
Score: 126.28816
Signatures: [[0.002586076268926263, 0.11809683591127396, 0.07948626577854156, 0.18278521299362183, 0.08682451397180557, 0.0, 0.0, 0.19659897685050964, 0.0, 0.0, 0.156193345785141, 0.0, 3.959948778152466, 1.251983404159546, 0.5639412999153137, 0.5500394105911255, 0.38478168845176697, 0.3047488033771515, 0.392689049243927, 0.15963740646839142, 0.7601305246353149, 0.035487931221723557, 0.0, 0.6895542144775391, 0.11267521977424622, 0.14045225083827972, 0.0, 0.25795501470565796, 27.7803897857666, 8.817700386047363, 2.028538465499878, 33.40061950683594, 0.36383700370788574, 0.0, 0.013023997657001019, 0.1347484141588211, 1.1340265274047852, 0.0, 0.0, 0.0, 0.25873062014579773, 0.0, 0.0, 0.6439993977546692, 35.34807205200195, 7.539932727813721, 8.031888008117676, 18.26769256591797, 0.0, 0.10740555077791214, 0.0, 0.0, 0.3855854868888855, 0.014467126689851284, 0.0, 0.0, 0.032623469829559326, 0.04820878431200981, 0.0, 0.04883182421326637, 0.0, 0.02821212448179722, 0.02270255610346794, 0.0, 0.025433575734496117, 0.0, 0.20055194199085236, 0.29942795634269714, 0.0, 0.27110910415649414, 0.0, 0.01018680352717638, 0.0, 0.0, 0.0, 0.07589036971330643, 0.06708933413028717, 0.02026151493191719, 0.0, 0.0, 0.0, 0.0, 0.0, 0.10143919289112091, 0.017130259424448013, 0.029351362958550453, 0.0, 0.34353330731391907, 0.0, 0.0, 0.0, 0.0, 0.0600258931517601, 0.0, 0.22955825924873352, 0.057958606630563736], [0.0, 0.04366964474320412, 0.0, 0.0, 0.0, 0.0, 0.10159219056367874, 0.14705298840999603, 0.0, 0.0, 0.10621576011180878, 0.07472957670688629, 2.8776328563690186, 1.7529206275939941, 0.750567615032196, 2.127081871032715, 0.0, 0.0, 0.0, 0.0, 0.0, 0.0, 0.0, 0.0, 0.0150783471763134, 0.0, 0.0, 0.0, 4.548934459686279, 2.3696844577789307, 0.2521957755088806, 13.926802635192871, 0.603500485420227, 0.0, 0.5289571285247803, 0.44674819707870483, 1.3894686698913574, 0.5756640434265137, 0.8405041694641113, 1.0526083707809448, 0.40398022532463074, 0.0017702380428090692, 0.0, 0.016701554879546165, 37.3549690246582, 8.676027297973633, 11.521349906921387, 21.90469741821289, 0.0, 0.0, 0.3680103123188019, 0.0, 7.912583532743156e-05, 0.0017310719704255462, 0.0, 0.0, 0.02042279578745365, 0.0809236392378807, 0.07892163842916489, 0.01115662232041359, 0.0, 0.0, 0.09701567888259888, 0.0, 0.0, 0.0, 0.0, 0.0, 0.0, 0.0, 0.0, 0.0, 0.0, 0.012013621628284454, 0.0, 0.0, 0.0, 0.0, 0.0, 0.09891588240861893, 0.0, 0.0, 0.0, 0.0, 0.0, 0.0, 0.0, 0.0, 0.0, 0.11236651241779327, 0.0, 0.0, 0.0, 0.06786171346902847, 0.08494056016206741, 0.0], [3.1158676147460938, 3.031235933303833, 1.120660662651062, 2.020693063735962, 2.906667470932007, 3.1956357955932617, 1.1303682327270508, 2.7068750858306885, 2.746884346008301, 3.0202548503875732, 0.65610671043396, 2.4899532794952393, 2.4514729976654053, 3.59967041015625, 0.9189670085906982, 3.8157339096069336, 2.088122844696045, 1.7679601907730103, 1.2219380140304565, 2.20297908782959, 1.7364259958267212, 1.7795323133468628, 1.3648786544799805, 2.677090644836426, 0.9203879833221436, 1.5333315134048462, 0.8104010820388794, 1.8130964040756226, 2.9948291778564453, 2.2410905361175537, 1.1908259391784668, 3.130115270614624, 3.4327356815338135, 3.7713210582733154, 15.148012161254883, 3.2356276512145996, 4.238962173461914, 3.7325408458709717, 12.657184600830078, 4.791748046875, 4.690537929534912, 5.6863298416137695, 15.404603004455566, 4.291691780090332, 2.8239355087280273, 6.942624092102051, 8.776805877685547, 2.9226808547973633, 0.8358654975891113, 1.7285487651824951, 1.1790660619735718, 0.9133631587028503, 0.4745549261569977, 1.5443823337554932, 1.9247705936431885, 1.530287742614746, 0.5538763999938965, 1.0585933923721313, 0.9759392738342285, 0.7858213186264038, 0.833061695098877, 0.9943333268165588, 0.6429850459098816, 1.0834879875183105, 2.1916213035583496, 1.7836863994598389, 3.0380325317382812, 2.7787857055664062, 1.0998328924179077, 2.2910242080688477, 2.441693067550659, 2.421067953109741, 2.98651385307312, 1.4465208053588867, 1.4996535778045654, 1.8540589809417725, 1.6523407697677612, 2.110593795776367, 1.641209602355957, 1.340894103050232, 0.502643346786499, 0.4911836087703705, 0.983258843421936, 0.5408494472503662, 0.5151482820510864, 0.7128970623016357, 1.5100147724151611, 1.5918681621551514, 0.4335257112979889, 0.6455157995223999, 1.1332658529281616, 0.7855414152145386, 0.5721580386161804, 0.7895380258560181, 0.8247450590133667, 1.2495111227035522]]
Time 826.7916085720062
