Created graph
[-7.0, -5, -3.0]
[-4.0, -3.0, -2.0]
[-4.5, -4.0, -3.5]
[-4.75, -4.5, -4.25]
[-4.375, -4.25, -4.125]
[-4.4375, -4.375, -4.3125]
0.1 1 3
Score: 75.14403
Signatures: [[0.13732776045799255, 0.27781715989112854, 0.07053085416555405, 0.09219537675380707, 0.12511099874973297, 0.0, 0.060350753366947174, 0.12840436398983002, 0.0, 0.018153730779886246, 0.07932085543870926, 0.12192750722169876, 1.8344348669052124, 0.8504940867424011, 0.14209334552288055, 0.9644321799278259, 0.20917625725269318, 0.20820294320583344, 0.20312483608722687, 0.1803852617740631, 0.31352531909942627, 0.05635746940970421, 0.0, 0.4736199975013733, 0.1110001802444458, 0.06724827736616135, 0.07328037917613983, 0.29235878586769104, 11.825051307678223, 4.076769828796387, 1.002753496170044, 13.028705596923828, 0.32564908266067505, 0.05529719963669777, 0.044820863753557205, 0.10052138566970825, 0.6520235538482666, 0.056521352380514145, 0.0, 0.2454783171415329, 0.21292203664779663, 0.0, 0.0, 0.3602573275566101, 8.360296249389648, 2.524606704711914, 1.4064819812774658, 2.728508949279785, 0.0, 0.020144715905189514, 0.08122061938047409, 0.0, 0.18695250153541565, 0.0, 0.03298847749829292, 0.13250112533569336, 0.045348990708589554, 0.023383203893899918, 0.03342680260539055, 0.043466877192258835, 0.0, 0.040822818875312805, 0.04189915955066681, 0.03356008231639862, 0.08051494508981705, 0.06800142675638199, 0.18685202300548553, 0.11584664136171341, 0.0, 0.18185020983219147, 0.004439670126885176, 0.12895333766937256, 0.0, 0.013463913463056087, 0.0, 0.17182423174381256, 0.022793900221586227, 0.09260887652635574, 0.007878197357058525, 0.0, 0.0, 0.012194834649562836, 0.04383373633027077, 0.03218768164515495, 0.02742786519229412, 0.05512607470154762, 0.0002278266183566302, 0.12944941222667694, 0.03380526229739189, 0.0, 0.021593376994132996, 0.09148051589727402, 0.011164874769747257, 0.0, 0.1526699960231781, 0.07906454056501389], [0.0, 0.0, 0.0, 0.0, 0.0, 0.0, 0.0, 0.0, 0.0, 0.0, 0.0, 0.0, 1.2408983707427979, 0.26660144329071045, 0.33468136191368103, 0.43935510516166687, 0.0, 0.0, 0.0, 0.0, 0.0, 0.0, 0.0, 0.0, 0.0, 0.0, 0.0, 0.0, 3.4559643268585205, 0.9865932464599609, 0.19086496531963348, 6.720969200134277, 0.017646480351686478, 0.0, 0.08023154735565186, 0.030350998044013977, 0.42748111486434937, 0.06975258141756058, 0.1807018518447876, 0.0760551318526268, 0.010477120988070965, 0.0, 0.0, 0.0, 18.425580978393555, 3.6269872188568115, 5.205065727233887, 10.121611595153809, 0.0, 0.0, 0.06610128283500671, 0.0, 0.0, 0.0, 0.0, 0.0, 0.0, 0.0, 0.0, 0.0, 0.0, 0.0, 0.0, 0.0, 0.0, 0.0, 0.0, 0.0, 0.0, 0.0, 0.0, 0.0, 0.0, 0.0, 0.0, 0.0, 0.0, 0.0, 0.0, 0.031002387404441833, 0.0, 0.0, 0.0, 0.0, 0.0, 0.0, 0.0, 0.0, 0.0, 0.019048472866415977, 0.0, 0.0, 0.0, 0.001760656712576747, 0.0, 0.0], [1.2487739324569702, 1.6721408367156982, 0.4753882586956024, 0.9634953141212463, 1.2323254346847534, 1.3955881595611572, 0.4901192784309387, 1.246113657951355, 1.3226431608200073, 1.2546640634536743, 0.29059648513793945, 1.0976389646530151, 1.117663025856018, 1.6952340602874756, 0.46678292751312256, 1.659989595413208, 0.9222701191902161, 0.7478373050689697, 0.50948166847229, 0.93282550573349, 0.778367280960083, 0.9142571091651917, 0.6301465630531311, 1.1348888874053955, 0.4750073552131653, 0.7774927020072937, 0.34114664793014526, 0.8055692911148071, 0.7989553809165955, 1.0839194059371948, 0.5054624676704407, 1.3868505954742432, 1.6320281028747559, 1.5328904390335083, 6.899019718170166, 1.527233362197876, 1.911242127418518, 1.7280075550079346, 6.026867866516113, 2.2049801349639893, 2.1794679164886475, 2.395522356033325, 6.537754535675049, 1.9523260593414307, 1.7605072259902954, 3.0084822177886963, 4.475586414337158, 2.358680486679077, 0.39221489429473877, 0.7219612002372742, 0.5764867663383484, 0.4329790771007538, 0.19709308445453644, 0.8124569058418274, 0.8747178316116333, 0.6405059099197388, 0.23919813334941864, 0.5060527920722961, 0.4684852659702301, 0.3466355800628662, 0.37892648577690125, 0.3743169605731964, 0.3153074383735657, 0.4497168958187103, 0.941602349281311, 0.7673245668411255, 1.3057432174682617, 1.2993913888931274, 0.4828568994998932, 0.9735352993011475, 1.0896081924438477, 1.0583440065383911, 1.2069710493087769, 0.6344130039215088, 1.0105724334716797, 0.7899419069290161, 0.6928232312202454, 0.8913681507110596, 0.6506033539772034, 0.599242627620697, 0.20430493354797363, 0.2058662623167038, 0.352007657289505, 0.2949006259441376, 0.20036102831363678, 0.3691002428531647, 0.6802913546562195, 0.7014325857162476, 0.21347655355930328, 0.31284257769584656, 0.4973793625831604, 0.2663438618183136, 0.2761046886444092, 0.36542651057243347, 0.3477752208709717, 0.533650279045105]]
Time 1315.4415173530579
