Created graph
[-7.0, -5, -3.0]
[-6.0, -5, -4.0]
[-5.5, -5, -4.5]
[-5.25, -5, -4.75]
[-4.875, -4.75, -4.625]
[-4.8125, -4.75, -4.6875]
0.3 1000 3
Score: 271.61227
Signatures: [[0.4360058605670929, 0.7824212908744812, 0.012109685689210892, 0.008115424774587154, 0.4373880624771118, 0.735076904296875, 0.2950344681739807, 0.02775728330016136, 0.29329249262809753, 0.2824575901031494, 0.25282415747642517, 0.6486401557922363, 0.6610492467880249, 0.6629801392555237, 0.4329899847507477, 0.6498387455940247, 0.5393720865249634, 0.3588632643222809, 0.33071205019950867, 0.494004487991333, 0.38089439272880554, 0.4328864812850952, 0.2359166443347931, 0.6354358196258545, 0.16948655247688293, 0.25148728489875793, 0.011111924424767494, 0.8667784929275513, 2.77620267868042, 1.0125669240951538, 0.32359930872917175, 4.05975866317749, 0.5403479337692261, 0.6911243796348572, 2.305356740951538, 0.3060893714427948, 1.1880264282226562, 0.6304550766944885, 2.201345443725586, 0.9057677388191223, 1.1557612419128418, 0.728875458240509, 2.6414239406585693, 0.655647873878479, 5.2496843338012695, 2.328371047973633, 3.0470919609069824, 2.988248109817505, 0.18398642539978027, 0.3437460958957672, 0.11859145015478134, 0.017137732356786728, 0.054784029722213745, 0.5774958729743958, 0.11691582947969437, 0.21541376411914825, 0.028396254405379295, 0.023842703551054, 0.39407357573509216, 0.11659754812717438, 0.08708713203668594, 0.2273627519607544, 0.19949260354042053, 0.330066442489624, 0.41647830605506897, 0.07738643884658813, 0.4977593421936035, 0.9050204157829285, 0.23574919998645782, 0.6168903112411499, 0.3388771712779999, 0.24515843391418457, 0.48456287384033203, 0.14506685733795166, 0.20550435781478882, 0.25181934237480164, 0.3476756811141968, 0.2449427992105484, 0.45646724104881287, 0.2290118783712387, 7.988225115695968e-05, 0.0, 0.007589052431285381, 0.0, 0.2511923313140869, 0.025511980056762695, 0.36500319838523865, 0.2997013330459595, 0.0, 0.0004440203192643821, 0.11825145781040192, 0.00043778063263744116, 0.0, 0.1020999327301979, 0.023445870727300644, 0.24923524260520935], [0.5357266068458557, 0.3339329659938812, 0.3503519296646118, 0.4957216680049896, 0.5425460338592529, 0.3690583109855652, 0.002678565215319395, 0.823008120059967, 0.5035864114761353, 0.5639658570289612, 0.0531776137650013, 0.4547155797481537, 1.0266385078430176, 0.9329726696014404, 0.3273738622665405, 0.804649293422699, 0.47996819019317627, 0.4336986243724823, 0.3441708981990814, 0.3129216432571411, 0.346590518951416, 0.1296788901090622, 0.2197403460741043, 0.5644937753677368, 0.1693096160888672, 0.0014248871011659503, 0.3155229389667511, 0.002092948881909251, 2.625744104385376, 1.6773496866226196, 0.5114635229110718, 4.418977737426758, 0.7820968627929688, 0.5290295481681824, 3.061230182647705, 0.44244930148124695, 0.8492916822433472, 0.8442934155464172, 2.6068294048309326, 1.062427282333374, 0.9173578023910522, 0.7853887677192688, 2.452202081680298, 1.0381295680999756, 5.572694301605225, 2.347583293914795, 2.8737449645996094, 3.039463520050049, 0.11786394566297531, 0.2394765466451645, 0.40717199444770813, 0.21929757297039032, 0.1371212750673294, 0.23391948640346527, 0.521151602268219, 0.17996108531951904, 0.04180888831615448, 0.00012118870654376224, 0.05243084579706192, 0.1473964899778366, 0.12839089334011078, 0.03492840752005577, 0.15512202680110931, 0.08056554943323135, 0.23948754370212555, 0.3258013427257538, 0.3948132395744324, 0.5346633791923523, 0.01734924130141735, 0.12167448550462723, 0.4105692505836487, 0.5198584794998169, 0.04763751104474068, 0.38673537969589233, 0.133599191904068, 0.08850054442882538, 0.3110528290271759, 0.4131978750228882, 0.11471541970968246, 0.3294399082660675, 0.15202774107456207, 0.06614913791418076, 0.29626378417015076, 0.1761491745710373, 0.010272759012877941, 0.0, 0.043678611516952515, 0.3095548748970032, 0.28743621706962585, 0.09342627972364426, 0.0, 0.1376519650220871, 0.0, 0.19518332183361053, 0.2954235374927521, 0.17173999547958374], [0.4825511574745178, 0.6159982681274414, 0.18972286581993103, 0.573836624622345, 0.41792649030685425, 0.44471505284309387, 0.36375945806503296, 0.47729599475860596, 0.5595065951347351, 0.4646815359592438, 0.17706520855426788, 0.13842087984085083, 0.9344350695610046, 1.0403194427490234, 0.041650909930467606, 0.9353008270263672, 0.10101562738418579, 0.24968482553958893, 0.0029816720634698868, 0.3618431091308594, 0.2861359119415283, 0.4078162610530853, 0.34507206082344055, 0.3452772796154022, 0.194433331489563, 0.6134036779403687, 0.053176235407590866, 0.2086421400308609, 2.35862398147583, 0.8115071654319763, 0.2585003077983856, 3.962061643600464, 0.613947331905365, 0.7455931901931763, 2.5410544872283936, 0.9671804308891296, 0.8341657519340515, 0.6947445869445801, 2.316786050796509, 0.7865151762962341, 0.39853084087371826, 0.9197085499763489, 2.495033025741577, 0.6046631932258606, 5.088047027587891, 2.082815647125244, 2.6787402629852295, 2.7570931911468506, 0.09905734658241272, 0.31376567482948303, 0.2230101227760315, 0.263763427734375, 0.1214231625199318, 0.06645464152097702, 0.28606265783309937, 0.29144468903541565, 0.2561429440975189, 0.5314001441001892, 0.061208076775074005, 0.1969316452741623, 0.19712534546852112, 0.2562919855117798, 0.011518159881234169, 0.09991651028394699, 0.47905296087265015, 0.4777892231941223, 0.8992060422897339, 0.19960033893585205, 0.3051106333732605, 0.29530295729637146, 0.5643172264099121, 0.3471584618091583, 0.5571573972702026, 0.18563151359558105, 0.5186721682548523, 0.6808506846427917, 0.0008172502857632935, 0.33973926305770874, 0.10781065374612808, 0.12994696199893951, 0.12597714364528656, 0.192040354013443, 0.16376669704914093, 0.20007526874542236, 0.000870200979989022, 0.42598915100097656, 0.35972273349761963, 0.2647358179092407, 0.0, 0.32025858759880066, 0.5078086256980896, 0.2599053978919983, 0.3674732446670532, 0.12385358661413193, 0.223866805434227, 0.3376295864582062]]
Time 765.5533301830292
