Created graph
[-7.0, -5, -3.0]
[-4.0, -3.0, -2.0]
[-4.5, -4.0, -3.5]
[-4.25, -4.0, -3.75]
[-4.125, -4.0, -3.875]
[-4.1875, -4.125, -4.0625]
0.3 1 3
Score: 132.25899
Signatures: [[1.6534932851791382, 1.5769842863082886, 0.5650118589401245, 1.046498417854309, 1.5149918794631958, 1.697374939918518, 0.5942174196243286, 1.4228413105010986, 1.4604454040527344, 1.6161930561065674, 0.34110206365585327, 1.316838026046753, 1.2729743719100952, 1.9055373668670654, 0.4789193272590637, 2.068002700805664, 1.064359188079834, 0.9029173851013184, 0.6208556890487671, 1.140608310699463, 0.8455447554588318, 0.9249259233474731, 0.7120954394340515, 1.3675800561904907, 0.4823799431324005, 0.7978679537773132, 0.4293893575668335, 0.9385251402854919, 1.2504336833953857, 1.0251644849777222, 0.5674646496772766, 1.146354079246521, 1.818386435508728, 1.9598362445831299, 8.03105640411377, 1.6995620727539062, 2.23382306098938, 1.9692209959030151, 6.598383903503418, 2.5299131870269775, 2.4389851093292236, 2.9885306358337402, 8.129687309265137, 2.2485435009002686, 1.9557844400405884, 3.764693021774292, 4.627689838409424, 1.9531967639923096, 0.4370794892311096, 0.8990299105644226, 0.6147304773330688, 0.48018673062324524, 0.23038290441036224, 0.8120238780975342, 1.0236386060714722, 0.8081432580947876, 0.2829143702983856, 0.5600638389587402, 0.5243760347366333, 0.4102112948894501, 0.43398502469062805, 0.5234752297401428, 0.33389392495155334, 0.5756431221961975, 1.1358790397644043, 0.9372935891151428, 1.5563430786132812, 1.4177850484848022, 0.5718292593955994, 1.171480417251587, 1.277026891708374, 1.2562947273254395, 1.5849881172180176, 0.7687386870384216, 0.7679840922355652, 0.9682983756065369, 0.8633965849876404, 1.067736268043518, 0.8576810359954834, 0.710904061794281, 0.2605736553668976, 0.25900793075561523, 0.5154696702957153, 0.2625129520893097, 0.27977317571640015, 0.3615383505821228, 0.7982829809188843, 0.7981189489364624, 0.2164006382226944, 0.3446308374404907, 0.5961925983428955, 0.4112832844257355, 0.30852797627449036, 0.41806021332740784, 0.4118283689022064, 0.641295313835144], [0.025452081114053726, 0.11440160870552063, 0.07317575067281723, 0.11750239878892899, 0.10230188071727753, 0.0, 0.004507136065512896, 0.17092496156692505, 0.0, 0.0, 0.10553783923387527, 0.019997356459498405, 1.958168387413025, 0.864827036857605, 0.2433324158191681, 0.14994844794273376, 0.217619851231575, 0.18707388639450073, 0.23325754702091217, 0.1108391210436821, 0.44296473264694214, 0.05859893187880516, 1.0134703188668936e-05, 0.3891931176185608, 0.06751354783773422, 0.10317253321409225, 0.0047646802850067616, 0.16642245650291443, 14.52260684967041, 4.475208759307861, 1.1284937858581543, 14.458081245422363, 0.35910558700561523, 0.023970549926161766, 0.030998429283499718, 0.16701467335224152, 0.7665038704872131, 0.0, 0.0, 0.0, 0.16040612757205963, 0.0, 0.0, 0.39873868227005005, 10.942438125610352, 2.9943108558654785, 3.3548383712768555, 4.976593017578125, 0.0, 0.057736609131097794, 0.0, 0.0, 0.21215657889842987, 0.00021625321824103594, 0.0, 0.0, 0.05190913751721382, 0.04350307956337929, 0.001140840700827539, 0.03200136497616768, 0.0, 0.020263761281967163, 0.06885410100221634, 0.0, 0.0597265362739563, 0.0, 0.15154382586479187, 0.17527981102466583, 0.0, 0.1840909868478775, 0.0, 0.04525044932961464, 0.0, 0.0, 0.016270950436592102, 0.04384976997971535, 0.041543472558259964, 0.07630403339862823, 0.0, 0.0, 0.0, 0.0024684348609298468, 1.2701304967777105e-06, 0.0804317519068718, 0.018847594037652016, 0.037787724286317825, 0.0, 0.2270832657814026, 0.01159748900681734, 0.0, 0.0, 0.010985614731907845, 0.02437799982726574, 0.0, 0.17196540534496307, 0.05817823484539986], [0.0, 0.0, 0.0, 0.0, 0.0, 0.0, 0.03439656272530556, 0.0, 0.0, 0.0, 0.009004276245832443, 0.006960591766983271, 1.0470633506774902, 0.36295661330223083, 0.3081110417842865, 0.8858821988105774, 0.0, 0.0, 0.0, 0.0, 0.0, 0.0, 0.0, 0.0, 0.0, 0.0, 0.0, 0.0, 0.7052170634269714, 0.7096541523933411, 0.0, 6.8404436111450195, 0.03703354299068451, 0.0, 0.18917348980903625, 0.06850627809762955, 0.35174742341041565, 0.20687997341156006, 0.31217673420906067, 0.3847518265247345, 0.1525113731622696, 0.0012463571038097143, 0.0, 0.0, 19.356775283813477, 3.8718533515930176, 4.834125518798828, 11.19347095489502, 0.0, 0.0, 0.1499432474374771, 0.0, 0.0, 0.0061775012873113155, 0.0, 0.0, 0.0, 0.006688301917165518, 0.02014453150331974, 0.0, 0.0, 0.0, 0.0, 0.0, 0.0, 0.0, 0.0, 0.0, 0.0, 0.0, 0.0, 0.0, 0.0, 0.0, 0.0, 0.0, 0.0, 0.0, 0.0, 0.03061061166226864, 0.0, 0.0, 0.0, 0.0, 0.0, 0.0, 0.0, 0.0, 0.0, 0.03655872866511345, 0.0, 0.0, 0.0, 0.03103461116552353, 0.0, 0.0]]
Time 1129.611521244049
