Created graph
[-7.0, -5, -3.0]
[-6.0, -5, -4.0]
[-4.5, -4.0, -3.5]
[-4.25, -4.0, -3.75]
[-4.125, -4.0, -3.875]
[-3.9375, -3.875, -3.8125]
0.5 100 3
Score: 234.34508
Signatures: [[0.08646292984485626, 0.37067073583602905, 0.0, 0.08666296303272247, 0.08405564725399017, 0.19509948790073395, 0.22290971875190735, 0.0, 0.0, 0.31113922595977783, 0.2836345136165619, 0.1507813185453415, 4.149430274963379, 1.374193549156189, 0.9844143986701965, 1.3563876152038574, 0.25037944316864014, 0.4395220875740051, 0.08840511739253998, 0.24376147985458374, 0.5086157321929932, 0.19898197054862976, 0.0023107838351279497, 0.4676567316055298, 0.22121043503284454, 0.40192222595214844, 0.0, 0.6700843572616577, 19.219043731689453, 5.051400661468506, 1.3800549507141113, 27.174997329711914, 0.32977011799812317, 0.3941514194011688, 0.3018251359462738, 0.22178243100643158, 1.4016979932785034, 0.5776705741882324, 0.5829181671142578, 0.3369661271572113, 1.1599736213684082, 0.0, 0.4027519226074219, 0.15159207582473755, 36.04569625854492, 9.52718734741211, 10.557555198669434, 21.555166244506836, 0.008612015284597874, 0.18234704434871674, 0.2669939696788788, 0.0, 0.33043500781059265, 0.3517608344554901, 0.0, 0.03233250975608826, 0.0, 0.17545117437839508, 0.27872946858406067, 0.10299306362867355, 0.0, 0.1859382539987564, 0.21911245584487915, 0.06633177399635315, 0.2387409508228302, 0.0, 0.6203662753105164, 0.6314746141433716, 0.0, 0.7813703417778015, 0.0, 0.0, 0.08839496225118637, 0.0, 0.2695770263671875, 0.21738684177398682, 0.29458338022232056, 0.0, 0.1133207455277443, 0.0077671450562775135, 0.0, 0.0, 0.0, 0.0, 0.07634513080120087, 0.0, 0.0, 0.11013837903738022, 0.0, 0.019380057230591774, 0.08611942082643509, 0.01683882065117359, 0.03396390751004219, 0.10330671072006226, 0.049643196165561676, 0.22170855104923248], [0.3366014361381531, 0.0576246976852417, 0.15580548346042633, 0.7000583410263062, 0.3842933177947998, 0.0, 0.0, 0.845059871673584, 0.1842518001794815, 0.7369706034660339, 0.12109337002038956, 0.10159856826066971, 4.5289154052734375, 1.8516253232955933, 0.920488178730011, 1.664742112159729, 0.2909163534641266, 0.6071764230728149, 0.17148363590240479, 0.15240758657455444, 0.5399637222290039, 0.0, 0.04982655495405197, 0.5524868965148926, 0.2574904263019562, 0.18620561063289642, 0.1564943939447403, 0.0, 18.404605865478516, 5.87982702255249, 1.6104693412780762, 27.27111053466797, 0.7162242531776428, 0.3891482353210449, 1.979960560798645, 0.4830430746078491, 1.2618483304977417, 0.9785682559013367, 1.7504876852035522, 0.816461443901062, 1.0730262994766235, 0.16425488889217377, 0.701866090297699, 0.7439565658569336, 36.58711242675781, 9.73672866821289, 10.531379699707031, 21.861902236938477, 0.0, 0.1546243280172348, 0.591606080532074, 0.08501554280519485, 0.4457755982875824, 0.10390238463878632, 0.06991737335920334, 0.06477807462215424, 0.0036818271037191153, 0.11190800368785858, 0.008594116196036339, 0.1777423471212387, 0.06554815918207169, 0.04251590743660927, 0.20792925357818604, 0.0, 0.1285245269536972, 0.15579622983932495, 0.6793035864830017, 0.4068162739276886, 0.0, 0.36432814598083496, 0.11055003106594086, 0.07644908875226974, 0.0, 0.2590544521808624, 0.2495299130678177, 0.12660089135169983, 0.29606619477272034, 0.0, 0.0, 0.16704189777374268, 0.08911070227622986, 0.0, 0.1889752745628357, 0.15575428307056427, 0.0, 0.0, 0.0, 0.19618017971515656, 0.07533256709575653, 0.1423693597316742, 0.0, 0.22028744220733643, 0.0358407199382782, 0.2467842698097229, 0.34593361616134644, 0.2038247287273407], [2.443331718444824, 2.461484670639038, 1.0779825448989868, 1.9108803272247314, 2.4782755374908447, 2.482666254043579, 1.167553186416626, 1.7818480730056763, 2.0784354209899902, 2.1311886310577393, 0.6618819236755371, 1.904661774635315, 3.132127046585083, 3.744305372238159, 0.8462151288986206, 3.307090997695923, 1.8638718128204346, 1.5766621828079224, 0.9280089735984802, 1.6228415966033936, 1.5577216148376465, 1.3804067373275757, 1.18268883228302, 2.2854275703430176, 0.6948270797729492, 1.4526281356811523, 0.4596611261367798, 1.575628399848938, 9.13825798034668, 3.546029806137085, 1.421342134475708, 9.43012523651123, 2.8979575634002686, 2.976872444152832, 12.557177543640137, 2.4699184894561768, 4.219980239868164, 3.1124308109283447, 10.657255172729492, 4.509907245635986, 3.7015249729156494, 4.2104010581970215, 12.072547912597656, 3.3056960105895996, 13.829455375671387, 7.683804988861084, 11.409185409545898, 9.148215293884277, 0.7328084111213684, 1.4013570547103882, 0.9425268769264221, 0.8047700524330139, 0.5536097884178162, 1.4016914367675781, 1.3993910551071167, 1.1177233457565308, 0.5866166353225708, 0.9116610884666443, 0.7611547708511353, 0.6641340255737305, 0.5354421734809875, 0.9038461446762085, 0.5377557873725891, 0.7210807800292969, 1.7238820791244507, 1.4304836988449097, 2.8888986110687256, 2.2570090293884277, 0.9264373779296875, 1.852920651435852, 1.9920446872711182, 1.8339691162109375, 2.1967875957489014, 1.2092199325561523, 1.4242534637451172, 1.6781057119369507, 1.0773135423660278, 1.8305597305297852, 1.391472578048706, 1.010449767112732, 0.37241196632385254, 0.38710159063339233, 0.7588021755218506, 0.5818944573402405, 0.4301784038543701, 0.711833119392395, 1.3017464876174927, 1.4962412118911743, 0.32605797052383423, 0.6747595071792603, 0.9628620743751526, 0.6440658569335938, 0.5601773858070374, 0.6271366477012634, 0.6797723174095154, 1.0303951501846313]]
Time 707.9346368312836
