Created graph
[-7.0, -5, -3.0]
[-6.0, -5, -4.0]
[-4.5, -4.0, -3.5]
[-4.25, -4.0, -3.75]
[-4.125, -4.0, -3.875]
[-4.0625, -4.0, -3.9375]
0.1 100 4
Score: 85.350395
Signatures: [[0.04900599271059036, 0.7230011820793152, 0.0, 0.0, 0.0, 0.0, 0.16273921728134155, 0.3289874196052551, 0.0, 0.0, 0.013849587179720402, 0.27453023195266724, 4.24334192276001, 1.441396951675415, 0.6302396059036255, 1.7605907917022705, 0.26573339104652405, 0.03536815941333771, 0.1036127582192421, 0.24088186025619507, 0.442116916179657, 0.0, 0.0750066265463829, 0.6860164403915405, 0.0, 0.0, 0.0, 0.16639366745948792, 16.374725341796875, 5.558783531188965, 1.2959173917770386, 23.080169677734375, 0.6339316964149475, 0.0, 0.25602054595947266, 0.34067562222480774, 1.2934709787368774, 0.18528872728347778, 0.0, 0.419769287109375, 0.19793982803821564, 0.2815694808959961, 0.0, 0.44892430305480957, 31.35947608947754, 7.658479690551758, 8.263561248779297, 15.494901657104492, 0.0, 0.0, 0.4828108847141266, 0.0, 0.14137238264083862, 0.0, 0.0, 0.0, 0.0, 0.005688262637704611, 0.09190912544727325, 0.0, 0.0, 0.08859243243932724, 0.0, 0.0, 0.059050869196653366, 0.07547224313020706, 0.0, 0.49439769983291626, 0.0, 0.059137146919965744, 0.0, 0.0, 0.0, 0.0, 0.03133902698755264, 0.024640318006277084, 0.2915274202823639, 0.0, 0.0, 0.2931321859359741, 0.0, 0.0, 0.1845649927854538, 0.0, 0.0, 0.01198459044098854, 0.0, 0.0, 0.05506501719355583, 0.0, 0.0, 0.15545062720775604, 0.0, 0.004677179269492626, 0.14178305864334106, 0.16123440861701965], [0.0, 0.0, 0.0, 0.0, 0.0, 0.0, 0.0, 0.0, 0.0, 0.0, 0.00017142476281151175, 0.0, 4.158681392669678, 0.6888033747673035, 0.4593259394168854, 1.1369502544403076, 0.0, 0.0, 0.0, 0.0, 0.0, 0.0, 0.0, 0.0, 0.0, 0.0, 0.13992725312709808, 0.0, 21.471336364746094, 7.24130392074585, 1.5061194896697998, 30.328697204589844, 0.0, 0.0, 0.0, 0.0, 0.8836100101470947, 0.0, 0.0, 0.0, 0.0, 0.0, 0.0, 0.0, 42.7795524597168, 8.751705169677734, 8.770707130432129, 20.10031509399414, 0.0, 0.0, 0.0, 0.0, 0.1366865336894989, 0.0, 0.0, 0.0, 0.0, 0.0, 0.0, 0.0, 0.0, 0.0, 0.0007786688511259854, 0.0, 0.0, 0.0, 0.0, 0.0, 0.0, 0.0, 0.0, 0.0, 0.0, 0.0, 0.0, 0.0, 0.0, 0.0, 0.0, 0.0, 0.0, 0.0, 0.0, 0.0, 0.0, 0.0, 0.0, 0.0, 0.0, 0.0, 0.0, 0.0, 0.0, 0.0, 0.10393789410591125, 0.0], [0.19065938889980316, 0.6116610169410706, 0.10805461555719376, 0.4200558066368103, 0.4253580868244171, 0.08250443637371063, 0.12166295945644379, 0.3718481659889221, 0.250827819108963, 0.23544974625110626, 0.2170906811952591, 0.17105402052402496, 3.864224672317505, 2.136739730834961, 0.840838611125946, 2.2696964740753174, 0.5399968028068542, 0.3872030973434448, 0.32576343417167664, 0.21036632359027863, 0.5539255142211914, 0.35506293177604675, 0.0, 0.7647788524627686, 0.44193732738494873, 0.38046184182167053, 0.0, 0.3295161724090576, 16.389333724975586, 5.764629364013672, 1.249065637588501, 21.903860092163086, 0.8462569713592529, 0.23041760921478271, 1.4847978353500366, 0.6300994753837585, 1.8157974481582642, 0.6254516839981079, 1.981317162513733, 1.2531230449676514, 1.0580403804779053, 0.47057080268859863, 1.0438591241836548, 1.2790875434875488, 30.178682327270508, 8.147483825683594, 9.201276779174805, 15.22501277923584, 0.0850910022854805, 0.20721323788166046, 0.1620965301990509, 0.0, 0.13898061215877533, 0.06442056596279144, 0.0, 0.006740237586200237, 0.2510358989238739, 0.23037992417812347, 0.10392730683088303, 0.11700468510389328, 0.1555052548646927, 0.04658293351531029, 0.18256041407585144, 0.0, 0.1705782115459442, 0.11851239949464798, 0.5530654191970825, 0.35272008180618286, 0.025461075827479362, 0.49946337938308716, 0.3273106813430786, 0.3736906051635742, 0.10595488548278809, 0.3864414691925049, 0.15506190061569214, 0.5316977500915527, 0.04214952141046524, 0.11244619637727737, 0.1146564707159996, 0.11683055013418198, 0.0, 0.0, 0.0, 0.0, 0.04469265043735504, 0.10982652008533478, 0.0, 0.042284123599529266, 0.0, 0.04632270336151123, 0.18045221269130707, 0.0, 0.06226938217878342, 0.03611990064382553, 0.11079814285039902, 0.0], [2.786146402359009, 3.6489920616149902, 1.0369700193405151, 2.049463987350464, 2.6861093044281006, 2.8833720684051514, 1.0749406814575195, 2.650378465652466, 2.616908550262451, 2.6425981521606445, 0.7162595987319946, 2.3396236896514893, 2.918663501739502, 4.090785026550293, 1.1267788410186768, 3.9107656478881836, 2.0205819606781006, 1.7392863035202026, 1.1907819509506226, 2.062593936920166, 1.7009947299957275, 1.9237086772918701, 1.4493539333343506, 2.5900325775146484, 1.053375005722046, 1.6367161273956299, 0.7165094017982483, 1.9224306344985962, 4.913086891174316, 3.3220860958099365, 1.4555472135543823, 6.8998703956604, 3.6767661571502686, 3.4600417613983154, 14.6151704788208, 3.0829012393951416, 4.624788284301758, 3.8541855812072754, 13.358344078063965, 4.830179691314697, 4.732504367828369, 4.771291732788086, 14.326558113098145, 4.246749401092529, 9.303422927856445, 7.962959289550781, 11.072078704833984, 7.567403793334961, 0.769217848777771, 1.6109439134597778, 1.3539694547653198, 1.0004018545150757, 0.5281274914741516, 1.7312780618667603, 2.0020790100097656, 1.4402419328689575, 0.5403145551681519, 1.0458163022994995, 0.9990074038505554, 0.8143067359924316, 0.7397043704986572, 0.8578996658325195, 0.7048724889755249, 0.9643516540527344, 2.0717356204986572, 1.6396809816360474, 3.0631890296936035, 2.9340195655822754, 1.0367177724838257, 2.0040135383605957, 2.3205137252807617, 2.2165839672088623, 2.340440034866333, 1.2775331735610962, 2.0326433181762695, 1.7439242601394653, 1.3336377143859863, 1.909778118133545, 1.2913050651550293, 1.2396867275238037, 0.4911385476589203, 0.445804238319397, 0.7896506190299988, 0.7425740957260132, 0.4401456117630005, 0.8579782247543335, 1.4567828178405762, 1.6445881128311157, 0.48921820521354675, 0.7346882820129395, 1.050732970237732, 0.6571277976036072, 0.5865434408187866, 0.8010814189910889, 0.8895630240440369, 1.2686450481414795]]
Time 1277.5407135486603
