Created graph
[-11.0, -9, -7.0]
[-8.0, -7.0, -6.0]
[-7.5, -7.0, -6.5]
[-6.75, -6.5, -6.25]
[-6.625, -6.5, -6.375]
[-6.5625, -6.5, -6.4375]
0.3 50000 3
Score: 274.17035
Signatures: [[0.0, 0.0, 0.014525281265377998, 0.0, 0.03613869473338127, 0.0, 0.0, 0.0, 0.03560107201337814, 0.0, 0.01211618073284626, 0.002863855566829443, 0.0, 0.0, 0.020787164568901062, 0.05463665351271629, 0.012934043072164059, 0.027235260233283043, 0.017489805817604065, 0.0, 0.0, 0.024940047413110733, 0.010419568978250027, 0.0009922856697812676, 0.0, 0.02198304794728756, 0.0, 0.0, 0.0, 0.0, 0.0, 0.008447453379631042, 0.05000898987054825, 0.0, 0.0, 0.0, 0.0, 0.0, 0.05957556515932083, 0.0483737513422966, 0.0, 0.0, 0.06979520618915558, 0.0, 0.10826239734888077, 0.0, 0.19506868720054626, 0.07122006267309189, 0.0, 0.0, 0.0, 0.005920470226556063, 0.008039655163884163, 0.022754061967134476, 0.0213626679033041, 0.017633499577641487, 0.008106538094580173, 0.0, 0.0, 0.0, 0.0, 0.0, 0.009470369666814804, 0.0, 0.0, 0.0, 0.0, 0.0, 0.0, 0.0, 0.0, 0.0114209009334445, 0.0, 0.018876781687140465, 0.0, 0.02594420500099659, 0.0, 0.02595502883195877, 0.0, 0.0, 0.007506230846047401, 0.006228530779480934, 0.0, 0.0, 0.0, 0.01162915863096714, 0.0, 0.0, 0.0, 0.0, 0.0, 0.0, 0.0, 0.0, 0.0, 0.0], [0.036591723561286926, 0.04281901568174362, 0.0, 0.02636728622019291, 0.0, 0.0, 0.008772173896431923, 0.03325354680418968, 0.0, 0.032775264233350754, 0.0, 0.0, 0.01239586528390646, 0.05216386914253235, 0.0, 0.0, 0.0, 0.0, 0.0, 0.02847006916999817, 0.0, 0.0, 0.0, 0.031162204220891, 0.0, 0.0, 0.0, 0.0, 0.18302364647388458, 0.01456841453909874, 0.027453074231743813, 0.23856942355632782, 0.0, 0.04932078346610069, 0.18306519091129303, 0.04217072203755379, 0.022933410480618477, 0.05421655997633934, 0.04701193794608116, 0.0, 0.0, 0.0, 0.012012618593871593, 0.0, 0.07614877820014954, 0.15984202921390533, 0.011511784978210926, 0.041409119963645935, 0.00954892486333847, 0.02218443527817726, 0.019288985058665276, 0.003117162035778165, 0.0, 0.0, 0.0, 0.0, 0.0, 0.013166679069399834, 0.012276828289031982, 0.011333069764077663, 0.0006960178725421429, 0.0, 0.0, 0.0, 0.011262764222919941, 0.021674752235412598, 0.0, 0.04043365642428398, 0.013585126958787441, 0.0, 0.0, 0.013668873347342014, 0.026211049407720566, 0.0, 0.020081084221601486, 0.0, 0.01656901091337204, 0.0, 0.0, 0.017119454219937325, 0.0, 0.0, 0.0, 0.0, 0.0, 0.0, 0.018953116610646248, 0.0, 0.0, 0.0, 0.0, 0.010105893015861511, 0.0, 0.0, 0.0, 0.0], [0.0, 0.0, 0.0, 0.0, 0.0, 0.044950585812330246, 0.007707108743488789, 0.0, 0.0, 0.0, 0.0, 0.03098868764936924, 0.0561201348900795, 0.012140308506786823, 0.0, 0.004957849625498056, 0.016479333862662315, 0.0, 0.0, 0.0, 0.029471505433321, 0.0, 0.010382712818682194, 0.004661560989916325, 0.015553892590105534, 0.0, 0.011177562177181244, 0.03184022381901741, 0.0, 0.07604335993528366, 0.0, 0.03627154976129532, 0.0, 0.0, 0.009351723827421665, 0.0, 0.05182942748069763, 0.0, 0.072989821434021, 0.02193024754524231, 0.0737435519695282, 0.07168756425380707, 0.1149202361702919, 0.06617255508899689, 0.20169419050216675, 0.0, 0.0, 0.10288211703300476, 9.014656825456768e-05, 0.0, 0.0, 0.003347190795466304, 0.0, 0.0, 0.0022511009592562914, 0.0, 0.0, 0.0, 0.0, 0.0, 0.010475174523890018, 0.015035836957395077, 0.0, 0.014485951513051987, 0.01816459372639656, 0.0, 0.05279611796140671, 0.0, 0.0, 0.030034711584448814, 0.03864447399973869, 0.0019199931994080544, 0.0, 0.0, 0.00018609657126944512, 0.0, 0.0, 0.0, 0.019973723217844963, 0.0, 0.0, 0.0, 0.013775436207652092, 0.011549068614840508, 0.008042086847126484, 0.0, 0.0, 0.025939425453543663, 0.008488819934427738, 0.012100540101528168, 0.018155306577682495, 0.0, 0.008057630620896816, 0.012620015069842339, 0.016415130347013474, 0.022019967436790466]]
Time 759.4038980007172
