Created graph
[-7.0, -5, -3.0]
[-6.0, -5, -4.0]
[-4.5, -4.0, -3.5]
[-4.75, -4.5, -4.25]
[-4.375, -4.25, -4.125]
[-4.4375, -4.375, -4.3125]
0.5 1 4
Score: 179.22499
Signatures: [[0.0, 0.14910058677196503, 0.0, 0.0, 0.0, 0.0, 0.052648015320301056, 0.01435136329382658, 0.0, 0.0556722916662693, 0.0, 0.05076644569635391, 1.7860743999481201, 0.362503319978714, 0.20049789547920227, 0.4271829128265381, 0.0, 0.0009777155937626958, 0.0, 0.11160901933908463, 0.16085171699523926, 0.0, 0.08981876820325851, 0.4344978332519531, 0.0, 0.0, 0.0, 0.005760886240750551, 5.496568202972412, 1.3346302509307861, 0.4740510582923889, 8.527560234069824, 0.3316212594509125, 0.0, 0.0, 0.23395195603370667, 0.2552373707294464, 0.008902523666620255, 0.0, 0.014303792268037796, 0.01136330608278513, 0.0, 0.0, 0.0, 10.325787544250488, 1.7688944339752197, 2.1616878509521484, 5.148458957672119, 0.0, 0.0, 0.2981089651584625, 0.0, 0.07821335643529892, 0.0, 0.0, 0.0, 0.0, 0.04665574058890343, 0.0, 0.0, 0.0, 0.042177166789770126, 0.0, 0.0, 0.0, 0.027254825457930565, 0.0, 0.11955945938825607, 0.0, 0.0, 0.0, 0.0, 0.0, 0.0, 0.18025417625904083, 0.0, 0.03049379400908947, 0.0, 0.0, 0.06955157965421677, 0.0, 0.0, 0.06964149326086044, 0.02046256698668003, 0.0, 0.0, 0.0, 0.0, 0.0, 0.005376349203288555, 0.0, 0.11750920861959457, 0.0, 0.0, 0.09646517038345337, 0.1870604157447815], [0.0, 0.0, 0.0, 0.0, 0.0, 0.0, 0.0, 0.0, 0.0, 0.0, 0.0, 0.0, 0.29955437779426575, 0.0, 0.21653635799884796, 0.0, 0.0, 0.0, 0.0, 0.0, 0.0, 0.0, 0.0, 0.0, 0.0, 0.0, 0.0, 0.0, 5.28196382522583, 1.69400954246521, 0.3228907585144043, 7.302326679229736, 0.0, 0.0, 0.0, 0.00021377866505645216, 0.0, 0.0, 0.0, 8.109377631626558e-06, 0.01255721040070057, 0.0, 0.0, 0.0, 12.994080543518066, 2.8116655349731445, 3.4231107234954834, 7.141720294952393, 0.0, 0.0, 0.00017880205996334553, 0.0, 0.07380060106515884, 0.0, 0.0, 0.0, 0.0, 0.0, 0.0, 0.0, 0.0, 0.0, 0.04601927474141121, 0.0, 0.0, 0.0, 0.0, 0.0, 0.0, 0.0, 0.0, 0.0, 0.0, 0.0, 0.0, 0.0, 0.0, 0.0, 0.0, 0.0, 0.0, 0.0, 0.0, 0.04722590744495392, 0.0, 0.0, 0.0, 0.0, 0.0, 0.0, 0.0, 0.0, 0.0, 0.0, 0.0, 0.0], [0.2388513833284378, 0.006239247042685747, 0.026352273300290108, 0.28400805592536926, 0.21120820939540863, 0.32181915640830994, 0.10474677383899689, 0.24261991679668427, 0.08150802552700043, 0.13811993598937988, 0.19942794740200043, 0.03622236102819443, 1.5956640243530273, 1.1954548358917236, 0.2860785126686096, 0.8607174754142761, 0.2546063959598541, 0.21072429418563843, 0.09818101674318314, 0.11036095768213272, 0.2489776313304901, 0.1787605583667755, 0.0, 0.05592013895511627, 0.23084063827991486, 0.3891255557537079, 0.0, 0.250930517911911, 7.1167311668396, 1.6720279455184937, 0.5896627902984619, 6.514239311218262, 0.1851663887500763, 0.0, 0.4645853042602539, 0.04123646020889282, 0.8894128799438477, 0.3396725356578827, 0.8194493055343628, 0.37776654958724976, 0.3583988547325134, 0.0, 0.0, 0.6556296348571777, 8.975671768188477, 3.056241512298584, 3.031111240386963, 7.569615840911865, 0.08577324450016022, 0.1561402678489685, 0.022949298843741417, 0.0, 0.12553146481513977, 0.11821804940700531, 0.0, 0.0, 0.02699088491499424, 0.029704779386520386, 0.05322256311774254, 0.021573560312390327, 0.039675530046224594, 0.020341595634818077, 0.07988189905881882, 0.0, 0.0330326072871685, 0.04412925988435745, 0.3569372594356537, 0.16422760486602783, 0.0, 0.03178190067410469, 0.11012257635593414, 0.0, 0.0, 0.08241761475801468, 0.04854073375463486, 0.12784089148044586, 0.0, 0.0, 0.0, 0.0, 0.0, 0.0, 0.0, 0.004223117139190435, 0.005846258252859116, 0.0, 0.0, 0.07078749686479568, 0.0, 0.053945090621709824, 0.09777986258268356, 0.023745782673358917, 0.07794909924268723, 0.0, 0.05568736419081688, 0.0], [1.2933893203735352, 1.2523218393325806, 0.6407445669174194, 0.9982885122299194, 1.3152183294296265, 1.2413063049316406, 0.4961683750152588, 0.9679489731788635, 1.034128189086914, 1.1984853744506836, 0.27521583437919617, 0.8640384078025818, 0.896843671798706, 1.3611159324645996, 0.32920587062835693, 1.592579960823059, 1.0374794006347656, 0.8760439157485962, 0.48570263385772705, 0.6720720529556274, 0.77338045835495, 0.5634899139404297, 0.472897469997406, 0.9751662015914917, 0.2600507140159607, 0.5249298214912415, 0.2704201340675354, 0.8179401159286499, 1.1605466604232788, 1.1074532270431519, 0.4811984598636627, 2.096245288848877, 1.4464237689971924, 1.7014998197555542, 6.607574462890625, 1.236558198928833, 1.794050693511963, 1.3897840976715088, 5.367013931274414, 2.1395339965820312, 2.021014451980591, 2.547534942626953, 6.798083782196045, 1.6451597213745117, 3.659503936767578, 2.8968701362609863, 3.9556493759155273, 1.452512264251709, 0.33793509006500244, 0.7047810554504395, 0.4182049632072449, 0.37595200538635254, 0.2844736576080322, 0.672738254070282, 0.7832497954368591, 0.6080396175384521, 0.3126145005226135, 0.46358510851860046, 0.39577633142471313, 0.3187774419784546, 0.29004979133605957, 0.4573604166507721, 0.27215754985809326, 0.4486486613750458, 0.9123427867889404, 0.7099493145942688, 1.354218602180481, 1.1524324417114258, 0.4653213620185852, 1.1151583194732666, 1.0170352458953857, 1.001991868019104, 1.5197029113769531, 0.6175499558448792, 0.6579766869544983, 0.7872107028961182, 0.8181549310684204, 1.0350183248519897, 0.8938071131706238, 0.513100266456604, 0.18759188055992126, 0.23621998727321625, 0.410003662109375, 0.22800736129283905, 0.26450449228286743, 0.3549485504627228, 0.7514944076538086, 0.7440326809883118, 0.19552862644195557, 0.31126973032951355, 0.4655347764492035, 0.29106661677360535, 0.25668787956237793, 0.3762756586074829, 0.29955342411994934, 0.4211645722389221]]
Time 747.583411693573
