Created graph
[-7.0, -5, -3.0]
[-6.0, -5, -4.0]
[-4.5, -4.0, -3.5]
[-4.25, -4.0, -3.75]
[-4.125, -4.0, -3.875]
[-4.0625, -4.0, -3.9375]
0.3 100 3
Score: 146.3884
Signatures: [[0.29257065057754517, 0.5084808468818665, 0.006132327951490879, 0.1472470462322235, 0.003797619603574276, 0.19083258509635925, 0.09165587276220322, 0.442107617855072, 0.14617374539375305, 0.08311215043067932, 0.285441130399704, 0.1373550444841385, 3.752281665802002, 1.7387187480926514, 0.7616081237792969, 1.4943852424621582, 0.6207033395767212, 0.07393081486225128, 0.20245781540870667, 0.0, 0.2754989266395569, 0.10997588187456131, 0.025807395577430725, 0.24707597494125366, 0.3290812075138092, 0.08968301862478256, 0.0, 0.0, 18.25623321533203, 6.469627380371094, 1.25285804271698, 27.448713302612305, 1.0436570644378662, 0.3310452997684479, 0.8278861045837402, 0.483600378036499, 1.6300047636032104, 0.37615999579429626, 1.8848568201065063, 0.7038992643356323, 0.7620752453804016, 0.44277629256248474, 0.5450294613838196, 1.0646154880523682, 36.54513168334961, 9.187207221984863, 10.764386177062988, 18.395662307739258, 0.0, 0.528882622718811, 0.08722793310880661, 0.0, 0.22358135879039764, 0.023784125223755836, 0.10389935970306396, 0.0, 0.10164748877286911, 0.24181492626667023, 0.0, 0.05381949618458748, 0.0, 0.062259674072265625, 0.2803434133529663, 0.10345398634672165, 0.15536870062351227, 0.05630556866526604, 0.5741298198699951, 0.48355603218078613, 0.0, 0.1370585709810257, 0.0, 0.39717787504196167, 0.0044114734046161175, 0.22931714355945587, 0.180583655834198, 0.28833630681037903, 0.08159052580595016, 0.07498566061258316, 0.045098260045051575, 0.19142253696918488, 0.0, 0.010982558131217957, 0.1775078922510147, 0.060576409101486206, 0.0, 0.030560363084077835, 0.0, 0.013809983618557453, 0.0, 0.1504991203546524, 0.0, 0.0, 0.07601238787174225, 0.1215478852391243, 0.6387954354286194, 0.0], [2.7105467319488525, 2.988781452178955, 1.0630288124084473, 1.993949055671692, 2.646996021270752, 2.8665390014648438, 1.0890098810195923, 2.347496747970581, 2.449411630630493, 2.4765968322753906, 0.7801271677017212, 2.224593162536621, 3.8241443634033203, 4.2737555503845215, 1.176828384399414, 3.8264122009277344, 1.988275170326233, 1.9162743091583252, 1.1894404888153076, 2.1692984104156494, 1.7559022903442383, 1.6863250732421875, 1.3789558410644531, 2.692671298980713, 0.9046332240104675, 1.5712801218032837, 0.7320266962051392, 1.7986102104187012, 9.177510261535645, 4.247305870056152, 1.691545009613037, 12.406423568725586, 3.3761799335479736, 3.290799856185913, 14.013465881347656, 2.9076013565063477, 4.765500068664551, 3.8600003719329834, 12.77466106414795, 4.920749664306641, 4.49293327331543, 4.7507829666137695, 13.913390159606934, 4.183304786682129, 17.327762603759766, 9.324403762817383, 12.560277938842773, 11.487607955932617, 0.7356904149055481, 1.4448742866516113, 1.3716909885406494, 0.8878753781318665, 0.551734983921051, 1.5754904747009277, 1.6549389362335205, 1.3493984937667847, 0.5754333734512329, 0.9559559226036072, 0.8802062273025513, 0.8197528123855591, 0.7582276463508606, 0.8734766244888306, 0.653303861618042, 0.9004310965538025, 2.0845110416412354, 1.5379106998443604, 3.055473804473877, 2.8402228355407715, 1.0181198120117188, 2.0148837566375732, 2.268888235092163, 2.094590663909912, 2.322706699371338, 1.2699013948440552, 1.4351948499679565, 1.7241281270980835, 1.284563422203064, 1.908585786819458, 1.3727953433990479, 1.2453914880752563, 0.500139057636261, 0.43462562561035156, 0.8804740905761719, 0.569473385810852, 0.4958743751049042, 0.6833531260490417, 1.4507391452789307, 1.5949726104736328, 0.4283899664878845, 0.6379663348197937, 1.0905598402023315, 0.7347418069839478, 0.5128111243247986, 0.7453426122665405, 0.841131329536438, 1.2910839319229126], [0.0, 0.0, 0.0, 0.0, 0.0, 0.0, 0.0, 0.126148983836174, 0.0, 0.0, 0.0, 0.0, 4.151893138885498, 1.426989197731018, 0.7365933060646057, 1.8565624952316284, 0.0, 8.679945312906057e-05, 0.07836874574422836, 0.0, 0.6114787459373474, 0.0, 0.0, 0.40447014570236206, 0.0, 0.0, 0.0, 0.16788534820079803, 21.80432891845703, 7.948025226593018, 1.3847801685333252, 34.21343231201172, 0.0, 0.0, 0.0, 0.20018881559371948, 0.7954932451248169, 0.0, 0.0, 0.0, 0.0, 0.0, 0.0, 0.0, 47.02229690551758, 10.30624008178711, 11.575302124023438, 24.077037811279297, 0.0, 0.0, 0.012930124066770077, 0.0, 0.18407313525676727, 0.0, 0.0, 0.0, 0.0, 0.0, 0.0, 0.0, 0.0, 0.0, 0.0, 0.0, 0.0, 0.0, 0.0, 0.0, 0.0, 0.1981276571750641, 0.0, 0.0, 0.0, 0.0, 0.0, 0.006400128360837698, 0.254940927028656, 0.0, 0.0, 0.0, 0.0, 0.0, 0.0, 0.044033411890268326, 0.0, 0.0, 0.0, 0.046208422631025314, 0.0, 0.0, 0.0, 0.0, 0.0, 0.03433985263109207, 0.0, 0.0]]
Time 789.6401228904724
