Created graph
[-7.0, -5, -3.0]
[-6.0, -5, -4.0]
[-4.5, -4.0, -3.5]
[-4.25, -4.0, -3.75]
[-4.125, -4.0, -3.875]
[-3.9375, -3.875, -3.8125]
0.5 10 3
Score: 181.69995
Signatures: [[0.0, 0.1282411813735962, 0.0, 0.05538707971572876, 0.0, 0.0, 0.0, 0.182320237159729, 0.0, 0.0, 0.12975060939788818, 0.006536462809890509, 4.447209358215332, 1.1430970430374146, 0.5390838980674744, 1.1363071203231812, 0.16836047172546387, 0.1894037127494812, 0.0775032788515091, 0.10942310839891434, 0.41923168301582336, 0.1136680617928505, 0.0, 0.3992830812931061, 0.10919930785894394, 0.3035390079021454, 0.0, 0.13991352915763855, 26.997148513793945, 5.931543827056885, 1.5814036130905151, 22.840070724487305, 0.7560277581214905, 0.0, 0.2625577747821808, 0.046686120331287384, 1.3147706985473633, 0.06350046396255493, 0.0, 0.0, 0.0, 0.0, 0.0, 0.026447605341672897, 23.88859748840332, 7.364345550537109, 8.299428939819336, 14.826115608215332, 0.0, 0.2265448272228241, 0.3562803268432617, 0.0, 0.3397117257118225, 0.011936151422560215, 0.0, 0.0, 0.0, 0.022519759833812714, 0.0, 0.0, 0.0017645737389102578, 0.001436204998753965, 0.15638311207294464, 0.0, 0.0, 0.0, 0.39405640959739685, 0.1770438551902771, 0.0, 0.000530468940269202, 0.0, 0.0, 0.0, 0.0, 0.0063148606568574905, 0.0, 0.0, 0.0, 0.0, 0.0, 0.0, 0.0, 0.0, 0.032506562769412994, 0.0, 0.0, 0.0, 0.2034405767917633, 0.0, 0.02981881983578205, 0.026592625305056572, 0.11985038220882416, 0.10100030153989792, 0.0, 0.25348415970802307, 0.006048050709068775], [0.0, 0.0, 0.0, 0.0, 0.0, 0.0, 0.16221970319747925, 0.057517386972904205, 0.0, 0.0, 0.1437736600637436, 0.0, 2.206789016723633, 1.1771142482757568, 0.7574384212493896, 0.8475916981697083, 0.0, 0.0009516363497823477, 0.0, 0.0, 0.026167117059230804, 0.0, 0.0, 0.024555761367082596, 0.1356877088546753, 0.0, 0.0, 0.017373979091644287, 6.696130752563477, 3.2216641902923584, 0.8093265891075134, 20.112825393676758, 0.0, 0.0, 0.0, 0.29907217621803284, 0.4902303218841553, 0.24230708181858063, 0.24060989916324615, 0.5198752284049988, 0.5485116243362427, 0.0, 0.0, 0.21674276888370514, 36.44666290283203, 7.305964946746826, 8.644481658935547, 21.804805755615234, 0.0, 0.0, 0.12545013427734375, 0.0, 0.2508401572704315, 0.02321775257587433, 0.0, 0.0, 0.0, 0.05413919314742088, 0.02286520041525364, 0.00021868581825401634, 5.011525900044944e-06, 0.051897693425416946, 0.004903596825897694, 0.0, 0.0, 0.0, 0.04525085166096687, 0.0, 0.0, 0.0, 0.0, 0.0, 0.0, 0.0, 0.0, 0.0, 0.00056256796233356, 0.0, 0.0, 0.03822417929768562, 0.0, 0.0, 0.0, 0.04345472902059555, 0.0, 0.0, 0.0, 0.0, 0.0, 0.05334820598363876, 0.0, 0.0, 0.0, 0.03554543852806091, 0.0, 0.0], [2.6843011379241943, 2.5473318099975586, 1.278809905052185, 2.086150884628296, 2.6937007904052734, 2.734755039215088, 1.1008565425872803, 2.0144271850585938, 2.181264877319336, 2.5366289615631104, 0.6196529865264893, 1.819130301475525, 2.1509058475494385, 3.2358288764953613, 0.7180514931678772, 3.38688325881958, 2.197857141494751, 1.7673934698104858, 1.0459263324737549, 1.5532333850860596, 1.7160547971725464, 1.2546488046646118, 1.0697983503341675, 2.2377495765686035, 0.6581321954727173, 1.3300385475158691, 0.6025630831718445, 1.7808674573898315, 2.710733413696289, 2.3264198303222656, 1.1397663354873657, 4.370453834533691, 2.9402287006378174, 3.264735698699951, 12.867892265319824, 2.461638927459717, 3.8944220542907715, 3.030353546142578, 10.73705768585205, 4.447458267211914, 4.060356140136719, 4.787328243255615, 13.217005729675293, 3.7036287784576416, 6.277771949768066, 6.20964241027832, 8.230607032775879, 3.425915479660034, 0.7545398473739624, 1.444378137588501, 0.8987948894500732, 0.758341372013092, 0.47559815645217896, 1.4673212766647339, 1.4812886714935303, 1.2654389142990112, 0.639641284942627, 0.9537572860717773, 0.8596286177635193, 0.6808829307556152, 0.5973992347717285, 0.9232905507087708, 0.5658907294273376, 0.8966947793960571, 1.8802506923675537, 1.4952560663223267, 2.7758543491363525, 2.4620325565338135, 0.9162673950195312, 2.1670923233032227, 2.0759408473968506, 1.9658842086791992, 2.720831871032715, 1.2922163009643555, 1.4107520580291748, 1.6825562715530396, 1.4972572326660156, 1.988085150718689, 1.6608998775482178, 1.0525168180465698, 0.3561442792415619, 0.4293873906135559, 0.8412472009658813, 0.5207106471061707, 0.5213501453399658, 0.6940020322799683, 1.4579081535339355, 1.5034140348434448, 0.3945377767086029, 0.6509041786193848, 0.9700559377670288, 0.6465359926223755, 0.5522664189338684, 0.6843785643577576, 0.6121808886528015, 0.9716299772262573]]
Time 735.3603210449219
