Created graph
[-7.0, -5, -3.0]
[-6.0, -5, -4.0]
[-4.5, -4.0, -3.5]
[-4.25, -4.0, -3.75]
[-3.875, -3.75, -3.625]
[-3.9375, -3.875, -3.8125]
0.1 10 3
Score: 74.6098
Signatures: [[2.6617271900177, 3.5555005073547363, 1.016122817993164, 2.0462024211883545, 2.6297237873077393, 2.910569190979004, 1.033602237701416, 2.649583101272583, 2.754443883895874, 2.6413817405700684, 0.6191005706787109, 2.347956418991089, 2.2990520000457764, 3.597343921661377, 0.9667968153953552, 3.458813428878784, 1.9366176128387451, 1.613391399383545, 1.1064975261688232, 1.9963786602020264, 1.6730440855026245, 1.9315860271453857, 1.3366895914077759, 2.417212963104248, 0.993963360786438, 1.639115810394287, 0.7288041710853577, 1.7517153024673462, 2.2315919399261475, 2.4232118129730225, 1.129979133605957, 3.1302549839019775, 3.4492545127868652, 3.2547144889831543, 14.506102561950684, 3.144710063934326, 4.00868034362793, 3.6152985095977783, 12.662247657775879, 4.622562408447266, 4.619699001312256, 4.98915433883667, 13.817109107971191, 4.13356876373291, 2.189049005508423, 6.093495845794678, 8.87539291381836, 4.008727550506592, 0.8079351186752319, 1.5404447317123413, 1.2040619850158691, 0.9178175330162048, 0.44144922494888306, 1.6979215145111084, 1.8619396686553955, 1.3907740116119385, 0.5097735524177551, 1.0582191944122314, 0.9958561658859253, 0.7439126372337341, 0.7969490885734558, 0.7867278456687927, 0.6780864596366882, 0.963464617729187, 2.0201969146728516, 1.6402157545089722, 2.820847511291504, 2.7748327255249023, 1.0183547735214233, 2.0734400749206543, 2.297630786895752, 2.2665271759033203, 2.5233542919158936, 1.3422781229019165, 2.1377370357513428, 1.69882333278656, 1.4729185104370117, 1.9193084239959717, 1.372506022453308, 1.2490631341934204, 0.4387330412864685, 0.43469855189323425, 0.7608138918876648, 0.6420456171035767, 0.43091100454330444, 0.8103948831558228, 1.418164849281311, 1.516947865486145, 0.4676116704940796, 0.6537803411483765, 1.052797794342041, 0.5917052626609802, 0.5822348594665527, 0.7701079845428467, 0.7518121600151062, 1.1570125818252563], [0.20336580276489258, 0.45058584213256836, 0.1064441055059433, 0.1352064162492752, 0.1891169399023056, 0.0, 0.1068899855017662, 0.23137779533863068, 0.0, 0.0009557332959957421, 0.16110427677631378, 0.20240381360054016, 4.589659214019775, 1.804648518562317, 0.477500855922699, 1.8930400609970093, 0.40274113416671753, 0.3564499020576477, 0.3770747780799866, 0.32773110270500183, 0.6139785051345825, 0.03834281116724014, 0.0, 0.9172770380973816, 0.2104252725839615, 0.10629469901323318, 0.12493766844272614, 0.5101638436317444, 28.031614303588867, 9.326525688171387, 2.321859359741211, 32.22077560424805, 0.6678941249847412, 0.06185822933912277, 0.11749595403671265, 0.2228497713804245, 1.2081764936447144, 0.03953920304775238, 0.0, 0.3583715558052063, 0.39193087816238403, 0.0, 0.0, 0.7256937026977539, 26.239669799804688, 6.583409786224365, 5.046870231628418, 9.806429862976074, 0.0, 0.026718545705080032, 0.17518435418605804, 0.0, 0.36698827147483826, 0.0, 0.03701802343130112, 0.19409601390361786, 0.0801742821931839, 0.0557715930044651, 0.046324893832206726, 0.06732640415430069, 0.0, 0.08228799700737, 0.04972654581069946, 0.022266363725066185, 0.1237521842122078, 0.10254745930433273, 0.33382442593574524, 0.2138775885105133, 0.0, 0.32732611894607544, 0.0, 0.16598306596279144, 0.0, 0.0024176156148314476, 0.0, 0.3097940683364868, 0.0423838309943676, 0.11134839802980423, 0.002906837034970522, 0.0, 0.0, 0.00848567858338356, 0.04212474077939987, 0.043514661490917206, 0.03775089606642723, 0.07662106305360794, 0.0, 0.20042486488819122, 0.04085336625576019, 0.0, 0.013549832627177238, 0.13948556780815125, 0.018506541848182678, 0.0, 0.2976274788379669, 0.12334872037172318], [0.0, 0.0, 0.0, 0.0, 0.0, 0.0, 0.0, 0.0, 0.0, 0.0, 0.0, 0.0, 2.48272705078125, 0.6882334351539612, 0.6925162672996521, 1.250433325767517, 0.0, 0.0, 0.0, 0.0, 0.0, 0.0, 0.0, 0.0, 0.023300962522625923, 0.0, 0.0, 0.0, 4.9505462646484375, 1.6885789632797241, 0.22632214426994324, 12.16396427154541, 0.08241093158721924, 0.0, 0.2897598147392273, 0.12848858535289764, 1.2959325313568115, 0.3156052529811859, 0.6363475918769836, 0.41204774379730225, 0.09250135719776154, 0.05973246321082115, 0.0, 0.0, 39.33723068237305, 8.257552146911621, 11.670275688171387, 22.504741668701172, 0.0, 0.0, 0.18248039484024048, 0.0, 0.0, 0.0, 0.0, 0.0, 0.0039557721465826035, 0.0, 0.0, 0.0, 0.0, 0.0, 0.0, 0.0, 0.0, 0.0, 0.0, 0.0, 0.0, 0.0, 0.0, 0.0, 0.0, 0.0, 0.0, 0.0, 0.0, 0.0, 0.0, 0.09882055968046188, 0.0, 0.0, 0.0, 0.0, 0.0, 0.0, 0.0, 0.0, 0.0, 0.07176249474287033, 0.0, 0.0, 0.0, 0.015632187947630882, 0.0, 0.0]]
Time 1346.9053964614868
