Created graph
[-11.0, -9, -7.0]
[-8.0, -7.0, -6.0]
[-6.5, -6.0, -5.5]
[-5.75, -5.5, -5.25]
[-5.625, -5.5, -5.375]
[-5.4375, -5.375, -5.3125]
0.3 5000 3
Score: 275.01953
Signatures: [[0.5127005577087402, 0.8228649497032166, 0.03176428750157356, 0.2788122296333313, 0.2814826965332031, 0.42895862460136414, 0.3637436628341675, 0.5593022704124451, 0.19977685809135437, 0.5880512595176697, 0.20004503428936005, 0.617477536201477, 1.115691900253296, 0.7036083936691284, 0.31197184324264526, 0.5291879177093506, 0.4016450345516205, 0.26393768191337585, 0.14474913477897644, 0.4792063236236572, 0.40727272629737854, 0.19583751261234283, 0.5188151001930237, 0.588691771030426, 0.028375908732414246, 0.17037755250930786, 0.08085877448320389, 0.2766436040401459, 1.749395728111267, 0.7315727472305298, 0.3047042787075043, 3.029207229614258, 0.7446855902671814, 0.5305513143539429, 1.964155673980713, 0.49616456031799316, 0.5936756134033203, 0.5064049363136292, 1.4774874448776245, 0.6420885920524597, 0.5296545028686523, 0.9393231868743896, 1.8124252557754517, 0.6519457697868347, 3.4737324714660645, 1.6028279066085815, 1.9644572734832764, 1.9474668502807617, 0.08499596267938614, 0.2749890387058258, 0.6139973998069763, 0.14366844296455383, 0.10219329595565796, 0.2606409788131714, 0.28647035360336304, 0.25657129287719727, 0.0, 0.1294924020767212, 0.28225159645080566, 0.21246729791164398, 0.0, 0.25274866819381714, 0.015412135049700737, 0.0, 0.5096846222877502, 0.35031673312187195, 0.3472490608692169, 0.7510040402412415, 0.21791985630989075, 0.2565668523311615, 0.4220034182071686, 0.1700703650712967, 0.1956360787153244, 0.3430180847644806, 0.48303505778312683, 0.13755688071250916, 0.5063061118125916, 0.30941224098205566, 0.15796783566474915, 0.7245869636535645, 0.02305220440030098, 0.11262289434671402, 0.8632233142852783, 0.15516604483127594, 0.022011050954461098, 0.2180226892232895, 0.41436129808425903, 0.3407320976257324, 0.32773566246032715, 0.10509878396987915, 0.05398133024573326, 0.42613527178764343, 0.057993099093437195, 0.11184672266244888, 0.18631379306316376, 0.4468561112880707], [0.40880435705184937, 0.368132084608078, 0.5093516707420349, 0.2744285464286804, 0.3948853313922882, 0.42478513717651367, 0.10006974637508392, 0.42059242725372314, 0.39208582043647766, 0.23627403378486633, 0.3629651963710785, 0.27077198028564453, 0.4263352155685425, 0.5969831347465515, 0.22965379059314728, 0.5047610402107239, 0.16352856159210205, 0.41972121596336365, 0.18821248412132263, 0.3348684310913086, 0.2373073846101761, 0.2252667248249054, 0.23728148639202118, 0.4386083483695984, 0.2092178463935852, 0.39228254556655884, 0.5898822546005249, 0.38371893763542175, 1.9384632110595703, 1.1905180215835571, 0.3797543942928314, 2.9923040866851807, 0.546606719493866, 0.5367479920387268, 2.0975825786590576, 0.5241884589195251, 0.9045155644416809, 0.5763751864433289, 2.1070556640625, 0.8029224276542664, 0.6126586198806763, 0.5840569734573364, 1.9606297016143799, 0.6307684779167175, 3.9544053077697754, 1.8931307792663574, 2.1281003952026367, 2.4056053161621094, 0.0993136614561081, 0.27258914709091187, 0.049949903041124344, 0.19815979897975922, 0.0635397732257843, 0.3691549599170685, 0.5047584772109985, 0.6256394386291504, 0.24121302366256714, 0.20886901021003723, 0.20305706560611725, 0.006358427461236715, 0.1278313398361206, 0.12502287328243256, 0.4014401435852051, 0.698162317276001, 0.41107678413391113, 0.35506749153137207, 0.404867947101593, 0.3325435519218445, 0.1591605842113495, 0.302275687456131, 0.3026644289493561, 0.3991563022136688, 0.5334727168083191, 0.022384539246559143, 0.10174152255058289, 0.46147435903549194, 0.211692214012146, 0.5646036863327026, 0.23781700432300568, 0.0, 0.29990503191947937, 0.06760212033987045, 0.0, 0.2992551028728485, 0.09662261605262756, 0.22469748556613922, 0.08959599584341049, 0.30358952283859253, 0.04201499745249748, 0.1444804072380066, 0.2004067599773407, 0.3376453220844269, 0.18688957393169403, 0.169357568025589, 0.2729228436946869, 0.1854727566242218], [0.3301500976085663, 0.3163386881351471, 0.18374155461788177, 0.560483455657959, 0.556031346321106, 0.6242641806602478, 0.18711940944194794, 0.26641470193862915, 0.6192829608917236, 0.5667823553085327, 0.3413616418838501, 0.25269097089767456, 0.6957294344902039, 1.0335055589675903, 0.4312779903411865, 0.6929777264595032, 0.4406358301639557, 0.4262998700141907, 0.22965803742408752, 0.1975770890712738, 0.32524609565734863, 0.534324049949646, 0.12197872996330261, 0.39222219586372375, 0.33416348695755005, 0.3487670123577118, 0.0, 0.20636950433254242, 2.0577239990234375, 0.889663815498352, 0.21310104429721832, 2.6911392211914062, 0.536980390548706, 0.4712575078010559, 1.7691653966903687, 0.43641433119773865, 0.7029477953910828, 0.5598699450492859, 1.9564546346664429, 0.9022719860076904, 0.8303716778755188, 0.48025763034820557, 1.9654042720794678, 0.9107307195663452, 3.4641826152801514, 1.641084909439087, 2.160170793533325, 1.8661057949066162, 0.4395796060562134, 0.33340463042259216, 0.1765194982290268, 0.2148001790046692, 0.09236067533493042, 0.19614358246326447, 0.09517458826303482, 0.0, 0.3361208438873291, 0.23175883293151855, 0.145795539021492, 0.31894591450691223, 0.48099538683891296, 0.12959764897823334, 0.2736809551715851, 0.13360148668289185, 0.36070674657821655, 0.18848977982997894, 0.6379094123840332, 0.3140779733657837, 0.16480273008346558, 0.4071688950061798, 0.670970618724823, 0.4649446904659271, 0.1967492252588272, 0.6373407244682312, 0.276205450296402, 0.4475500285625458, 0.04844190925359726, 0.22734598815441132, 0.14710262417793274, 0.37484410405158997, 0.09242615848779678, 0.08897896111011505, 0.0, 0.06122949719429016, 0.16511911153793335, 0.20581896603107452, 0.22767917811870575, 0.2157219648361206, 0.05730126425623894, 0.12273760885000229, 0.3151005208492279, 0.0, 0.05933251604437828, 0.08877991139888763, 0.09926414489746094, 0.1133832037448883]]
Time 804.4074614048004
