Created graph
[-7.0, -5, -3.0]
[-6.0, -5, -4.0]
[-4.5, -4.0, -3.5]
[-4.75, -4.5, -4.25]
[-4.375, -4.25, -4.125]
[-4.4375, -4.375, -4.3125]
0.5 1 3
Score: 171.84442
Signatures: [[0.0, 0.03540746495127678, 0.0, 0.01984136365354061, 0.0, 0.0, 0.0, 0.0732778012752533, 0.0, 0.014985383488237858, 0.010104679502546787, 0.0, 1.81549072265625, 0.5296713709831238, 0.2522764503955841, 0.6749480366706848, 0.022448191419243813, 0.12456448376178741, 0.019520971924066544, 0.011286902241408825, 0.19720323383808136, 0.057323142886161804, 0.0, 0.23483964800834656, 0.0802440419793129, 0.10274454206228256, 0.0, 0.05931134149432182, 10.939146995544434, 2.819096326828003, 0.6972711682319641, 9.166519165039062, 0.2225126326084137, 0.0, 0.001441997243091464, 0.06101236119866371, 0.6553213000297546, 0.13510026037693024, 0.0, 0.0, 0.0, 0.0, 0.0, 0.012909387238323689, 9.28504467010498, 3.107081890106201, 3.1105480194091797, 5.336990833282471, 0.0, 0.12908290326595306, 0.18346357345581055, 0.0, 0.169094979763031, 0.0, 0.0, 0.0, 0.0, 0.044911857694387436, 0.0, 0.0, 0.00930238887667656, 0.0, 0.08686462789773941, 0.0, 0.0, 0.0, 0.36898282170295715, 0.02392422780394554, 0.0, 0.0, 0.0, 0.0, 0.0, 0.0, 0.0, 0.020993946120142937, 0.0, 0.0, 0.0, 0.0, 0.0, 0.0, 0.0, 0.04116149991750717, 0.0, 0.013701751828193665, 0.0, 0.15066760778427124, 0.0, 0.024770336225628853, 0.002341122832149267, 0.09161482751369476, 0.018845470622181892, 0.0, 0.17841044068336487, 0.0009830628987401724], [0.0, 0.0, 0.0, 0.0, 0.0, 0.0, 0.04311895743012428, 0.0, 0.0, 0.0, 0.06969788670539856, 0.0, 0.9443691968917847, 0.3627846837043762, 0.2494554966688156, 0.10267676413059235, 0.0, 0.0, 0.0, 0.0, 0.0, 0.0, 0.0, 0.0, 0.01252523623406887, 0.0, 0.0, 0.0, 3.6605019569396973, 1.2062480449676514, 0.2990367114543915, 8.241515159606934, 0.0, 0.0, 0.0, 0.0412139855325222, 0.09298541396856308, 0.021546851843595505, 0.0005599022842943668, 0.09925085306167603, 0.2209157645702362, 0.0, 0.0, 0.029052872210741043, 15.96367073059082, 2.523803234100342, 3.2857248783111572, 9.650343894958496, 0.0, 0.0, 0.013959864154458046, 0.0, 0.04794815182685852, 0.0, 0.0, 0.0, 0.0, 0.0, 0.0, 0.0, 0.0, 0.013456925749778748, 0.0, 0.0, 0.0, 0.0, 0.0, 0.0, 0.0, 0.0, 0.0, 0.0, 0.0, 0.0, 0.0, 0.0, 0.0, 0.0, 0.0, 0.0, 0.0, 0.0, 0.0, 0.0, 0.0, 0.0, 0.0, 0.0, 0.0, 0.0, 0.0, 0.0, 0.0014966222224757075, 0.004180397838354111, 0.0, 0.0], [1.41275954246521, 1.316338062286377, 0.6522343158721924, 1.0798993110656738, 1.406882882118225, 1.3685600757598877, 0.5548269152641296, 1.0596967935562134, 1.0881907939910889, 1.2674612998962402, 0.34843337535858154, 0.8866270184516907, 1.135810136795044, 1.6589332818984985, 0.36251452565193176, 1.7612093687057495, 1.1407735347747803, 0.8965694904327393, 0.5402323603630066, 0.790779709815979, 0.8814132809638977, 0.6157034635543823, 0.5231372714042664, 1.065598726272583, 0.3215826749801636, 0.6807038187980652, 0.2906627953052521, 0.9326488971710205, 1.7202215194702148, 1.1704188585281372, 0.5961687564849854, 3.1384353637695312, 1.5858310461044312, 1.653942346572876, 6.667431831359863, 1.2607247829437256, 1.9288275241851807, 1.4296643733978271, 5.505706787109375, 2.250798463821411, 2.020028829574585, 2.4420511722564697, 6.5310797691345215, 1.9339247941970825, 3.7908689975738525, 3.7060256004333496, 4.4017133712768555, 2.257680892944336, 0.3807922601699829, 0.6941686868667603, 0.4408400058746338, 0.357993483543396, 0.2696278393268585, 0.7192050814628601, 0.7311259508132935, 0.6229978799819946, 0.33393728733062744, 0.45283612608909607, 0.4267812669277191, 0.32356947660446167, 0.2951354682445526, 0.45175328850746155, 0.27826279401779175, 0.458461731672287, 0.9353482127189636, 0.7475600242614746, 1.2866867780685425, 1.2690266370773315, 0.4487846791744232, 1.1159228086471558, 1.0682673454284668, 1.0188218355178833, 1.4533871412277222, 0.655030369758606, 0.7402997612953186, 0.8293924331665039, 0.7861067056655884, 0.9914420247077942, 0.8373058438301086, 0.5038655996322632, 0.1711345762014389, 0.2271931916475296, 0.43321430683135986, 0.239202618598938, 0.266816645860672, 0.31710779666900635, 0.740559995174408, 0.7065367698669434, 0.18454617261886597, 0.32272690534591675, 0.5043150186538696, 0.31957244873046875, 0.2842027544975281, 0.3551645576953888, 0.2673860788345337, 0.47446882724761963]]
Time 735.5937850475311
