Created graph
[-11.0, -9, -7.0]
[-8.0, -7.0, -6.0]
[-6.5, -6.0, -5.5]
[-5.75, -5.5, -5.25]
[-5.625, -5.5, -5.375]
[-5.5625, -5.5, -5.4375]
0.9 100000000
Score: 488.827
Signatures: [[0.0, 0.0, 0.0, 0.0, 0.03173857182264328, 0.09864514321088791, 0.07076801359653473, 0.0, 0.0, 0.0, 0.0, 0.0, 0.15808525681495667, 0.0, 0.0, 0.0, 0.0, 0.0, 0.0, 0.0, 0.0, 0.0, 0.0, 0.01546979695558548, 0.0, 0.0, 0.0, 0.0, 0.15291854739189148, 0.0, 0.0, 0.25526902079582214, 0.10657243430614471, 0.0, 0.0, 0.0, 0.0, 0.0, 0.09363614767789841, 0.0, 0.0, 0.11092408746480942, 0.4545401930809021, 0.0, 0.16159121692180634, 0.11852645874023438, 0.28177616000175476, 0.0, 0.059446290135383606, 0.0, 0.0, 0.0, 0.0, 0.0, 0.0, 0.07824453711509705, 0.0, 0.0, 0.00016693928046151996, 0.0, 0.0, 0.07018736004829407, 0.0, 0.0, 0.019290471449494362, 0.0, 0.11490172147750854, 0.0, 0.0, 0.0, 0.0, 0.056126669049263, 0.0, 0.0, 0.04347680136561394, 0.0, 0.0, 0.0, 0.0, 0.07627128064632416, 0.0, 0.0, 0.0, 0.0, 0.1347464919090271, 0.0, 0.05281691253185272, 0.0, 0.0, 0.029701177030801773, 0.0, 0.0, 0.0, 0.0, 0.0, 0.1045345738530159], [0.0, 0.15244214236736298, 0.0, 0.0, 0.20224212110042572, 0.0, 0.0, 0.0, 0.0, 0.0, 0.0, 0.0, 0.0, 0.0, 0.11655499786138535, 0.009677332825958729, 0.0, 0.0, 0.0, 0.0, 0.11171460896730423, 0.09352324903011322, 0.0, 0.012378250248730183, 0.0, 0.0, 0.0, 0.0, 0.5414583086967468, 0.0, 0.20048554241657257, 0.2983311116695404, 0.06682100892066956, 0.0, 0.24831773340702057, 0.0, 0.0, 0.0, 0.3665023744106293, 0.2980417311191559, 0.0, 0.04485199227929115, 0.0, 0.0, 0.6570727825164795, 0.08932603150606155, 0.04177350178360939, 0.34642910957336426, 0.0, 0.0, 0.0, 0.0, 0.0, 0.0, 0.02446022443473339, 0.0, 0.0, 0.0, 0.045618936419487, 0.0, 0.0, 0.0, 0.0, 0.0, 0.10282436013221741, 0.0, 0.0, 0.0, 0.04077877476811409, 0.0, 0.0, 0.0, 0.0, 0.0, 0.0, 0.0017190322978422046, 0.0, 0.0, 0.04524809867143631, 0.0, 0.0, 0.0, 0.0, 0.0, 0.0, 0.09197717905044556, 0.002524274867027998, 0.0, 0.0, 0.008621057495474815, 0.0, 0.0, 0.0, 0.0, 0.0, 0.0], [0.2308422476053238, 0.0, 0.0, 0.0, 0.0, 0.0, 0.0, 0.06858541071414948, 0.0, 0.0, 0.01813659630715847, 0.2654380202293396, 0.0, 0.0739789679646492, 0.0, 0.14608274400234222, 0.0, 0.0, 0.0, 0.07077395170927048, 0.0, 0.0, 0.0, 0.0, 0.0, 0.13538719713687897, 0.0, 0.0, 0.0, 0.12969432771205902, 0.0, 0.3043205738067627, 0.0, 0.14091885089874268, 0.24956561625003815, 0.0, 0.23079814016819, 0.0, 0.0, 0.0, 0.0, 0.0, 0.0, 0.07330913096666336, 0.16213463246822357, 0.057333339005708694, 0.0, 0.0, 0.0, 0.1238478422164917, 0.0, 0.0, 0.0, 0.07082904130220413, 0.0, 0.0, 0.0, 0.060930900275707245, 0.0, 0.0, 0.0, 0.0, 0.06640422344207764, 0.060836996883153915, 0.0, 0.0, 0.0, 0.024870168417692184, 0.0, 0.0, 0.12012002617120743, 0.0, 0.0, 0.06916932761669159, 0.0, 0.0, 0.0, 0.19574879109859467, 0.0, 0.0, 0.0, 0.0, 0.0, 0.0, 0.0, 0.0, 0.0, 0.0, 0.0, 0.0, 0.0, 0.03728017956018448, 0.0, 0.0, 0.0, 0.0], [0.0, 0.0, 0.08321914821863174, 0.0, 0.0, 0.07642048597335815, 0.0, 0.09235228598117828, 0.0, 0.004669651389122009, 0.0, 0.0, 0.09766004234552383, 0.19470740854740143, 0.0, 0.00016268534818664193, 0.0, 0.06545542180538177, 0.025698194280266762, 0.0, 0.03632274270057678, 0.058501746505498886, 0.09258421510457993, 0.1159115731716156, 0.06375055015087128, 0.0, 0.0, 0.20470766723155975, 0.18577218055725098, 0.00016218928794842213, 0.0, 0.17708083987236023, 0.0, 0.025359850376844406, 0.26699933409690857, 0.0, 0.0, 0.0, 0.0, 0.0, 0.2533309757709503, 0.0, 0.1150333434343338, 0.0, 0.16038504242897034, 0.19880729913711548, 0.3122676610946655, 0.020333128049969673, 0.0, 0.0, 0.0, 0.06976642459630966, 0.05757066607475281, 0.0, 0.0, 0.0, 0.08813747018575668, 0.0, 0.0, 0.0, 0.05735313519835472, 0.0, 0.0, 0.0, 0.0, 0.16356688737869263, 0.06194375827908516, 0.0, 0.03051547333598137, 0.0, 0.0, 0.0, 0.0, 0.0, 0.07024484872817993, 0.0, 0.0, 0.0, 0.06442119181156158, 0.0, 0.0, 0.039845243096351624, 0.0, 0.05375339835882187, 0.0, 0.007750919088721275, 0.0, 0.0, 0.0, 0.0, 0.09831203520298004, 0.0, 0.08575589209794998, 0.003251359798014164, 0.08108410984277725, 0.0], [0.0, 0.03883127495646477, 0.0, 0.09390895068645477, 0.0, 0.003507169894874096, 0.0, 0.0, 0.14064116775989532, 0.11802389472723007, 0.0364050418138504, 0.0, 0.02075674757361412, 0.032468032091856, 0.0, 0.0, 0.17819461226463318, 0.052228882908821106, 0.02106916345655918, 0.05227452144026756, 0.017031250521540642, 0.0, 0.07872665673494339, 0.0, 0.0, 0.0, 0.050816625356674194, 0.0, 0.1551576852798462, 0.0, 0.0, 0.6295434236526489, 0.0, 0.0, 0.07549680769443512, 0.17841574549674988, 0.0, 0.22508372366428375, 0.16236138343811035, 0.02647789567708969, 0.0, 0.12447812408208847, 0.10991131514310837, 0.17504964768886566, 0.24810691177845, 0.08809792995452881, 0.09246759116649628, 0.0, 0.0, 0.0, 0.0966874361038208, 0.0, 0.0, 0.0, 0.07995565980672836, 0.0, 0.0, 0.0, 0.0, 0.08329329639673233, 0.0, 0.0, 0.0, 0.0, 0.0, 0.0, 0.0, 0.18516497313976288, 0.0, 0.08995464444160461, 0.0, 0.009277855977416039, 0.23592083156108856, 0.0, 0.0, 0.08405141532421112, 0.05759057030081749, 0.0, 0.0, 0.0, 0.026918763294816017, 0.0, 0.047882284969091415, 0.01409807987511158, 0.0, 0.0, 0.0, 0.08861031383275986, 0.03004993498325348, 0.0, 0.0, 0.0, 0.0, 0.06496848911046982, 0.0, 0.0]]
Time 908.5499510765076
