Created graph
[-11.0, -9, -7.0]
[-8.0, -7.0, -6.0]
[-6.5, -6.0, -5.5]
[-6.25, -6.0, -5.75]
[-5.875, -5.75, -5.625]
[-5.6875, -5.625, -5.5625]
0.3 100000000
Score: 273.7816
Signatures: [[0.07713164389133453, 0.22628208994865417, 0.0, 0.0, 0.0, 0.0, 0.0429699569940567, 0.13435900211334229, 0.0, 0.11402257531881332, 0.0, 0.07146375626325607, 0.3995620608329773, 0.03297647461295128, 0.0027739221695810556, 0.06997107714414597, 0.0, 0.0, 0.0, 0.1545763462781906, 0.07318902760744095, 0.0, 0.12575510144233704, 0.1939862221479416, 0.0, 0.0, 0.0, 0.0026757726445794106, 0.17296482622623444, 0.0, 0.0, 0.5253192186355591, 0.2011307030916214, 0.061864227056503296, 0.20356430113315582, 0.0, 0.0, 0.0, 0.0, 0.0, 0.0, 0.3684723973274231, 0.22839608788490295, 0.03749243542551994, 0.24267634749412537, 0.23919837176799774, 0.10592127591371536, 0.21619053184986115, 0.0, 0.026347490027546883, 0.12013927847146988, 0.0, 0.0, 0.0, 0.0, 0.0, 0.0, 0.0, 0.0, 0.0, 0.0, 0.0630536824464798, 0.0, 0.0, 0.11343679577112198, 0.06306234002113342, 0.0, 0.2483011782169342, 0.0, 0.0, 0.0, 0.0, 0.0, 0.0, 0.0377519391477108, 0.0, 0.0, 0.0, 0.0, 0.11002174764871597, 0.0, 0.0, 0.07492620497941971, 0.0, 0.0, 0.0, 0.0941760241985321, 0.0, 0.042325276881456375, 0.0, 0.0, 0.0612950325012207, 0.0, 0.0, 0.0, 0.11772454530000687], [0.0, 0.0, 0.08296521753072739, 0.0, 0.0, 0.0, 0.0, 0.0, 0.0, 0.0, 0.06597895920276642, 0.0, 0.0, 0.0, 0.0, 0.024223631247878075, 0.0, 0.070916548371315, 0.0, 0.005589204840362072, 0.0, 0.0, 0.0, 0.040028151124715805, 0.0, 0.0, 0.06357496231794357, 0.10515740513801575, 0.284811794757843, 0.3342932462692261, 0.0, 0.36176615953445435, 0.0012628607219085097, 0.05539355427026749, 0.2576510012149811, 0.01418012659996748, 0.2003355175256729, 0.03257368132472038, 0.3821229934692383, 0.1369004249572754, 0.0, 0.001576067297719419, 0.30426326394081116, 0.014242401346564293, 0.5578697323799133, 0.4807034134864807, 0.18155257403850555, 0.591052770614624, 0.0, 0.02507529966533184, 0.0, 0.0, 0.0, 0.0974578782916069, 0.0, 0.11176732927560806, 0.0, 0.0, 0.0, 0.0, 0.0, 0.0, 0.05996251106262207, 0.08251219242811203, 0.02526380680501461, 0.07235483080148697, 0.0, 0.0, 0.0, 0.0024472149088978767, 0.0, 0.027939805760979652, 0.09297588467597961, 0.0, 0.0, 0.09046151489019394, 0.0, 0.16420888900756836, 0.0, 0.0, 0.0, 0.0, 0.0, 0.0, 0.0, 0.0018838078249245882, 0.0, 0.0, 0.0, 0.0, 0.0, 0.0, 0.04438149183988571, 0.0, 0.0, 0.0], [0.0, 0.0, 0.0, 0.14859671890735626, 0.07288853079080582, 0.0, 0.0, 0.0, 0.2076229751110077, 0.08471713215112686, 0.0077340006828308105, 0.0, 0.0, 0.3572627007961273, 0.11545410007238388, 0.23388756811618805, 0.023478610441088676, 0.06444262713193893, 0.0, 0.0, 0.0, 0.07524380832910538, 0.0, 0.0, 0.08177875727415085, 0.0, 0.0, 0.0, 0.4835030734539032, 0.046901553869247437, 0.0, 0.19276198744773865, 0.0, 0.0007965124677866697, 0.010826816782355309, 0.0, 0.017434848472476006, 0.035693034529685974, 0.2833293378353119, 0.2473292350769043, 0.19683319330215454, 0.0, 0.3835009038448334, 0.2893561124801636, 0.24255555868148804, 0.2756567895412445, 0.30522260069847107, 0.13934816420078278, 0.061708029359579086, 0.08145289868116379, 0.0, 0.0, 0.0, 0.0, 0.0, 0.0, 0.048915643244981766, 0.0, 0.0, 0.0, 0.06394897401332855, 0.0, 0.0, 0.0, 0.0, 0.0, 0.13163575530052185, 0.0, 0.0, 0.10329964011907578, 0.18860198557376862, 0.08851984888315201, 0.0, 0.11208783835172653, 0.0, 0.062131378799676895, 0.0, 0.0, 0.0, 0.0, 0.0, 0.0, 0.0, 0.0, 0.0, 0.0, 0.0, 0.0, 0.0, 0.0, 0.09123174846172333, 0.0, 0.0, 0.0, 0.0, 0.0], [0.14441026747226715, 0.0, 0.0, 0.011728504672646523, 0.05454183369874954, 0.0, 0.0, 0.05256267637014389, 0.0, 0.0, 0.0, 0.1176084503531456, 0.0, 0.0, 0.0, 0.011168893426656723, 0.0, 0.0217655748128891, 0.0, 0.014059145003557205, 0.0, 0.0, 0.0, 0.0, 0.0, 0.0, 0.0, 0.05249388888478279, 0.08347596973180771, 0.0, 0.17205102741718292, 0.2981683015823364, 0.0, 0.17729094624519348, 0.14696434140205383, 0.0, 0.08992480486631393, 0.1797846257686615, 0.40994933247566223, 0.029643315821886063, 0.17596974968910217, 0.0, 0.20124325156211853, 0.0, 0.5055993795394897, 0.0, 0.19980470836162567, 0.1843186467885971, 0.0, 0.0, 0.0, 0.0790979191660881, 0.048963624984025955, 0.0380500890314579, 0.15054287016391754, 0.0, 0.0, 0.06524968892335892, 0.0, 0.07264511287212372, 0.0, 0.014077821746468544, 0.0, 0.0, 0.03141792118549347, 0.0, 0.0342382937669754, 0.0005348076811060309, 0.08640611916780472, 0.04351053014397621, 0.0071748169139027596, 0.0506654754281044, 0.07188249379396439, 0.0, 0.0, 0.0, 0.0, 0.0, 0.0773177444934845, 0.0, 0.0, 0.0384429469704628, 0.0, 0.0, 0.006900056265294552, 0.0, 0.020456045866012573, 0.1396307349205017, 0.0, 0.06487987190485, 0.0, 0.0, 0.0, 0.0, 0.0, 0.0], [0.0, 0.0346982441842556, 0.00458073103800416, 0.0, 0.08146794885396957, 0.24140840768814087, 0.05448678880929947, 0.014286290854215622, 0.0, 0.0, 0.0, 0.0, 0.0, 0.0, 0.0, 0.009305623359978199, 0.14630267024040222, 0.0, 0.10813741385936737, 0.0, 0.07938054203987122, 0.06834325194358826, 0.0, 0.0, 0.0, 0.13268959522247314, 0.0, 0.0, 0.08323383331298828, 0.13476602733135223, 0.0, 0.38520076870918274, 0.08664992451667786, 0.0, 0.5671877264976501, 0.24215848743915558, 0.12240641564130783, 0.07750604301691055, 0.0, 0.0, 0.0, 0.0, 0.014570123516023159, 0.0, 0.7099186778068542, 0.0, 0.45285969972610474, 0.1402198225259781, 0.0, 0.0, 0.0, 0.0, 0.0, 0.0, 0.0, 0.0, 0.0, 0.01458935160189867, 0.0788041278719902, 0.0, 0.0, 0.0, 0.0, 0.0, 0.0, 0.0, 0.09782295674085617, 0.0, 0.0, 0.0, 0.0, 0.0, 0.0, 0.0, 0.09092630445957184, 0.0, 0.10516630858182907, 0.0, 0.025310920551419258, 0.0, 0.04417623579502106, 0.0, 0.0, 0.05789395421743393, 0.032205164432525635, 0.06329264491796494, 0.0, 0.0, 0.0, 0.0, 0.0, 0.0, 0.0, 0.06741411983966827, 0.08597356826066971, 0.0]]
Time 2825.876813650131
