Created graph
[-11.0, -9, -7.0]
[-8.0, -7.0, -6.0]
[-6.5, -6.0, -5.5]
[-5.75, -5.5, -5.25]
[-5.625, -5.5, -5.375]
[-5.5625, -5.5, -5.4375]
0.2 100000000
Score: 248.61705
Signatures: [[0.05538931488990784, 0.1838652640581131, 2.0270886125217658e-06, 0.0, 4.970878944732249e-05, 0.0, 0.026948800310492516, 0.11145459115505219, 0.0, 0.09329347312450409, 0.0, 0.05438418686389923, 0.3123495876789093, 0.0, 0.0, 0.043336428701877594, 0.0, 0.0, 0.0, 0.12802712619304657, 0.046265892684459686, 0.0, 0.0953926146030426, 0.16582688689231873, 0.0, 0.0, 0.0, 0.0, 0.10485604405403137, 0.0, 0.0, 0.42050701379776, 0.15878117084503174, 0.04231725633144379, 0.12181123346090317, 0.0, 0.0, 0.0, 0.0, 0.0, 0.0, 0.27416884899139404, 0.1678800731897354, 0.007093152962625027, 0.11156053841114044, 0.18669530749320984, 0.04195362702012062, 0.15920193493366241, 0.0, 0.017758386209607124, 0.0904676765203476, 1.089475154003594e-05, 0.0, 0.0, 0.0, 0.0, 0.0, 0.0, 0.0, 0.0, 0.0, 0.05409303680062294, 0.0, 0.0, 0.10274934768676758, 0.05274069681763649, 0.0, 0.18953749537467957, 0.0, 1.9379323930479586e-05, 0.0, 3.3859028917504475e-05, 0.0, 0.0, 0.02321396768093109, 0.0, 0.0, 0.0, 0.0, 0.0790349543094635, 0.0, 0.0, 0.05366145074367523, 0.0, 0.0, 0.0, 0.08312907069921494, 0.0, 0.030009234324097633, 0.0, 0.0, 0.04581281170248985, 0.0, 0.0, 0.0, 0.08231070637702942], [0.0, 0.0, 0.061641134321689606, 0.0, 4.945575346937403e-05, 0.0, 0.0, 0.0, 0.0, 0.0, 0.05173817649483681, 0.0, 0.0, 0.0, 0.0, 0.0, 0.0, 0.05405246093869209, 0.0, 0.0, 0.0, 0.0, 0.0, 0.0, 0.0, 0.0, 0.04343980923295021, 0.08340632170438766, 0.16878366470336914, 0.26023098826408386, 0.0, 0.18865655362606049, 0.0, 0.024274703115224838, 0.13041573762893677, 0.0, 0.14666283130645752, 0.0008918974781408906, 0.27723515033721924, 0.09606610238552094, 0.0, 0.0, 0.1928010731935501, 0.0, 0.34025609493255615, 0.3787286579608917, 0.06611452996730804, 0.4812498390674591, 0.0, 0.010224604047834873, 0.0, 1.0875462066906039e-05, 0.0, 0.08039771020412445, 0.0, 0.07736057043075562, 0.0, 0.0, 0.0, 0.0, 0.0, 0.0, 0.04432608559727669, 0.05420149117708206, 0.005077612120658159, 0.05238929018378258, 0.0, 0.0, 0.0, 1.928610618051607e-05, 0.0, 0.010749061591923237, 0.06842944025993347, 0.0, 0.0, 0.06904619187116623, 0.0, 0.1083342507481575, 0.0, 0.0, 0.0, 0.0, 0.0, 0.0, 0.0, 0.0, 1.5748819350847043e-05, 0.0, 0.0, 0.0, 0.0, 0.0, 0.03278644010424614, 0.0, 0.0, 0.0], [0.0, 0.0, 2.11397332350316e-06, 0.12341933697462082, 0.04465058445930481, 0.0, 0.0, 0.0, 0.15430225431919098, 0.05239906907081604, 0.0, 0.0, 0.0, 0.287518173456192, 0.08772113919258118, 0.19116522371768951, 0.0, 0.049719564616680145, 0.0, 0.0, 0.0, 0.05368857830762863, 0.0, 0.0, 0.06794559210538864, 0.0, 0.0, 0.0, 0.3619302809238434, 0.0, 0.0, 0.011343819089233875, 0.0, 0.0, 0.0, 0.0, 0.0, 0.003268781118094921, 0.17683576047420502, 0.20685409009456635, 0.1445067673921585, 0.0, 0.26792776584625244, 0.2426183819770813, 0.013921815901994705, 0.1713903844356537, 0.18451665341854095, 0.024939948692917824, 0.0463290773332119, 0.06760577857494354, 0.0, 1.127536415879149e-05, 0.0, 0.0, 0.0, 0.0, 0.034536805003881454, 0.0, 0.0, 0.0, 0.04587596282362938, 0.0, 0.0, 0.0, 0.0, 0.0, 0.09351425617933273, 0.0, 0.0, 0.08687420934438705, 0.1400611400604248, 0.07271768152713776, 0.0, 0.07834350317716599, 0.0, 0.0428561195731163, 0.0, 0.0, 0.0, 0.0, 0.0, 0.0, 0.0, 0.0, 0.0, 0.0, 1.6330575817846693e-05, 0.0, 0.0, 0.0, 0.06264243274927139, 0.0, 0.0, 0.0, 0.0, 0.0], [0.11451782286167145, 0.0, 2.0802388007723494e-06, 0.0, 0.027503542602062225, 0.0, 0.0, 0.021048584952950478, 0.0, 0.0, 0.0, 0.08897115290164948, 0.0, 0.0, 0.0, 0.0, 0.0, 0.00554000586271286, 0.0, 0.0, 0.0, 0.0, 0.0, 0.0, 0.0, 0.0, 0.0, 0.03108363412320614, 0.0, 0.0, 0.1212976723909378, 0.15524731576442719, 0.0, 0.14991530776023865, 0.03951679915189743, 0.0, 0.04354025423526764, 0.15208008885383606, 0.32674598693847656, 0.0, 0.13078874349594116, 0.0, 0.11160417646169662, 0.0, 0.3271610140800476, 0.0, 0.10789498686790466, 0.098776675760746, 0.0, 0.0, 0.0, 0.05935399606823921, 0.0338832326233387, 0.023093314841389656, 0.11575981229543686, 0.0, 0.0, 0.04707571491599083, 0.0, 0.04841528460383415, 0.0, 0.0007793420227244496, 0.0, 0.0, 0.01139890868216753, 0.0, 0.0, 0.0, 0.05628751590847969, 0.028994280844926834, 0.0, 0.03604159504175186, 0.049446821212768555, 0.0, 0.0, 0.0, 0.0, 0.0, 0.053904302418231964, 0.0, 0.0, 0.024829169735312462, 0.0, 0.0, 0.0, 0.0, 0.0023225690238177776, 0.09801329672336578, 0.0, 0.04308520630002022, 0.0, 0.0, 0.0, 0.0, 0.0, 0.0], [0.0, 0.01763705350458622, 0.0008939742110669613, 0.0, 0.08363088220357895, 0.1675475686788559, 0.040753480046987534, 0.010904802940785885, 0.0, 0.0, 0.0, 0.0, 0.0, 0.0, 0.0, 0.02030787244439125, 0.12292604893445969, 0.0, 0.07790278643369675, 0.0, 0.06414555758237839, 0.06175338476896286, 0.0, 0.0, 0.0, 0.09794861823320389, 0.0, 0.0, 0.14309094846248627, 0.14170905947685242, 0.0, 0.46294859051704407, 0.0706360936164856, 0.0, 0.5938117504119873, 0.19563843309879303, 0.13300415873527527, 0.07965611666440964, 0.0, 0.0, 0.0, 0.0, 0.08795946836471558, 0.0, 0.8033602237701416, 0.0, 0.516700804233551, 0.2207934558391571, 0.0, 0.0, 0.0, 0.0, 0.0, 0.0, 0.0, 0.0, 0.0, 0.009205820970237255, 0.06254718452692032, 0.0, 0.0, 0.0, 0.0, 0.0, 0.0, 0.0, 0.09772773832082748, 0.0, 0.0, 9.536695870338008e-06, 0.0, 3.137566818622872e-05, 0.0, 0.0, 0.08501604944467545, 0.0, 0.07160510122776031, 0.0, 0.015586010180413723, 0.0, 0.033646710216999054, 0.0, 0.0, 0.04394349828362465, 0.025666965171694756, 0.0524635836482048, 5.616268481389852e-06, 0.0, 0.0, 0.0, 0.0, 0.0, 0.0, 0.0478772297501564, 0.05954381823539734, 0.0]]
Time 2702.9826312065125
