Created graph
[-11.0, -9, -7.0]
[-8.0, -7.0, -6.0]
[-6.5, -6.0, -5.5]
[-5.75, -5.5, -5.25]
[-5.625, -5.5, -5.375]
[-5.5625, -5.5, -5.4375]
0.7 100000000
Score: 442.68344
Signatures: [[0.0, 0.0, 0.0, 0.1589960902929306, 0.0, 0.15855127573013306, 0.10166492313146591, 0.0, 0.09979542344808578, 0.19295541942119598, 0.052809737622737885, 0.0, 0.0, 0.0, 0.05365607887506485, 0.11914967000484467, 0.0, 0.053931694477796555, 0.0, 0.1939360797405243, 1.2193654583825264e-06, 0.0, 0.032780975103378296, 0.0, 0.0, 0.0, 0.0, 0.1561567634344101, 0.22179794311523438, 0.274277001619339, 0.0, 0.28166818618774414, 0.0, 0.0, 0.08670423179864883, 0.03783366084098816, 2.7227047212363686e-06, 0.04959653690457344, 0.4143047034740448, 0.09252935647964478, 0.05346909910440445, 0.0, 0.29575350880622864, 0.0, 0.18140719830989838, 0.30302849411964417, 0.2687935531139374, 0.1892489641904831, 0.0, 0.0, 0.0, 0.0, 0.013169592246413231, 0.0, 0.0, 0.0, 0.0, 0.0, 0.0, 0.0, 0.0, 0.11669916659593582, 0.0, 0.06248588487505913, 0.0, 0.09049937129020691, 0.0, 0.2891841232776642, 0.0, 0.0, 0.0, 0.13467784225940704, 0.0, 0.0, 0.0, 0.0, 0.040464356541633606, 0.0, 0.0, 0.0, 0.0, 0.0, 0.0, 0.045819275081157684, 0.0, 0.0, 0.0, 0.0, 0.0, 0.0, 0.0, 0.0, 0.0, 0.0, 0.0, 0.0], [0.0, 0.13764162361621857, 0.0, 0.0, 0.0, 0.0, 0.0, 0.0, 0.03965229541063309, 0.005495563615113497, 0.024664975702762604, 0.24759702384471893, 0.0, 0.0056454758159816265, 0.0, 0.14030057191848755, 0.0, 0.0, 0.0, 0.0, 0.08974137902259827, 0.04786384850740433, 0.0, 0.0, 0.0, 0.0, 0.0, 0.0, 0.4862494170665741, 0.0, 0.0, 0.3061949610710144, 0.016611257568001747, 0.0, 0.05567886680364609, 0.18659627437591553, 0.141067236661911, 0.03745238482952118, 0.10784510523080826, 0.19017080962657928, 0.0, 0.0, 0.29665058851242065, 0.0, 0.2609003484249115, 0.6704599261283875, 0.14166143536567688, 0.3194272816181183, 0.0, 0.0, 0.0, 0.0, 0.0, 0.0, 0.1358174830675125, 0.06785234063863754, 0.0, 0.0, 0.0, 0.06799361109733582, 0.03573828935623169, 0.0, 0.0, 0.0, 0.055099185556173325, 0.0, 0.0, 0.0, 0.08008575439453125, 0.0, 0.0, 0.0, 0.06480753421783447, 0.02065073326230049, 0.0, 0.010509464889764786, 0.0, 0.0, 0.0, 0.0, 0.0, 0.0, 0.0, 0.0, 0.0, 0.09058773517608643, 0.03895539417862892, 0.0, 0.03162670508027077, 0.0, 0.0, 0.028061004355549812, 0.057299017906188965, 0.0, 0.026070933789014816, 0.0], [0.07094978541135788, 0.0, 0.0, 0.0, 0.0, 0.0, 0.0, 0.14151382446289062, 1.8732938769971952e-05, 0.002549374708905816, 0.0, 0.0, 0.0, 0.37016984820365906, 0.05379747599363327, 0.0, 0.0910244882106781, 0.0, 0.0, 0.0, 0.003082903567701578, 0.0, 0.08558028936386108, 0.0, 0.0, 0.0, 0.0, 0.0, 0.14350908994674683, 0.087595634162426, 0.0, 0.20954792201519012, 0.14798755943775177, 0.2948923110961914, 0.3955843150615692, 0.020132124423980713, 0.016888108104467392, 0.0, 0.022766947746276855, 0.0, 0.004226978402584791, 0.21319963037967682, 0.0804489403963089, 0.038770440965890884, 0.5964561104774475, 0.0, 0.25183597207069397, 0.1718282401561737, 0.0, 0.0, 0.10547161102294922, 0.0, 0.0, 0.12590698897838593, 0.0, 0.0, 0.0, 0.0, 0.07871696352958679, 0.0, 0.010772350244224072, 0.0, 0.05965934321284294, 0.011595992371439934, 0.007824166677892208, 0.052560094743967056, 0.017524663358926773, 0.0, 0.0, 0.0, 0.07138200104236603, 0.0, 0.003906847909092903, 0.08772571384906769, 0.09013089537620544, 0.09013582766056061, 0.0, 0.0, 0.12320905923843384, 0.0, 0.02570345811545849, 0.0, 0.0, 0.0, 0.0, 0.0, 0.05829619616270065, 0.059968236833810806, 0.0, 0.0, 0.0, 0.034023161977529526, 0.0, 0.0, 0.04374554008245468, 0.08807709813117981], [0.13435731828212738, 0.0, 0.12168960273265839, 0.0, 0.19895702600479126, 0.049041830003261566, 0.0, 0.0, 0.05142957344651222, 0.0, 0.0, 0.0, 0.07375146448612213, 0.0, 0.0, 0.03327952325344086, 0.06143026798963547, 0.07825890183448792, 0.11348002403974533, 0.0, 1.9445662928774254e-06, 0.0, 0.0, 0.0, 0.06954097747802734, 0.0, 0.04334225505590439, 0.0, 0.2432553619146347, 0.0, 0.0, 0.5860419869422913, 0.07826150208711624, 0.0, 0.4781515598297119, 0.0, 0.20812560617923737, 0.0, 0.15273094177246094, 0.006428962107747793, 0.17819751799106598, 0.15244168043136597, 0.1961393505334854, 0.32000383734703064, 0.3480352461338043, 0.0, 0.19161704182624817, 0.37121862173080444, 0.08160241693258286, 0.0, 0.0, 0.09007854014635086, 0.048893388360738754, 0.012521532364189625, 0.0, 0.03197646886110306, 0.04990474134683609, 0.0, 0.004410834982991219, 0.0, 0.0, 0.0, 0.0, 0.0, 0.0, 0.0, 0.21117238700389862, 0.0, 0.0, 0.0385553203523159, 0.11654436588287354, 0.0, 0.11543794721364975, 0.0, 0.0, 0.016908304765820503, 0.04728907346725464, 0.23506060242652893, 0.0, 0.10563069581985474, 0.007329776417464018, 0.0, 0.08011393249034882, 0.021258918568491936, 0.0, 0.0, 0.008143287152051926, 0.052095528692007065, 0.0, 0.003027273342013359, 0.05531516671180725, 0.0, 0.0, 0.0, 0.0040000672452151775, 0.0], [0.0, 0.08838127553462982, 0.0, 0.010731873102486134, 0.052480705082416534, 0.0, 0.0, 0.05695592612028122, 0.024734238162636757, 0.005142517387866974, 0.0, 0.0005128717748448253, 0.22363339364528656, 0.03164484351873398, 0.0, 0.0, 0.0, 0.0, 0.0, 0.0, 0.066818468272686, 0.10001958906650543, 0.0, 0.2350611537694931, 0.0, 0.13650502264499664, 0.0, 0.0, 0.1323380321264267, 0.01985623687505722, 0.23103465139865875, 0.2966028153896332, 0.0, 0.0, 0.171501025557518, 0.0, 0.0, 0.23024919629096985, 0.14761702716350555, 0.11415673792362213, 0.08546924591064453, 0.0, 0.10803065448999405, 0.0, 0.3077242374420166, 0.0, 0.21029330790042877, 0.09366699308156967, 0.0, 0.16892415285110474, 0.0, 0.0, 0.0, 0.0, 0.0, 0.0, 0.009586390107870102, 0.10661816596984863, 0.0, 0.0, 0.0, 0.0, 0.0, 0.0, 0.08506584167480469, 0.0, 0.02826288901269436, 0.0, 0.0, 0.09254858642816544, 0.0, 0.0, 0.0, 0.0, 0.03348856046795845, 0.021862871944904327, 0.0, 0.0, 0.0, 0.0, 0.0, 0.048974402248859406, 0.0, 0.0, 0.050535887479782104, 0.0, 0.00500137684866786, 0.0, 0.0, 0.0627378448843956, 0.03834505379199982, 0.0, 0.0, 0.07627061009407043, 0.0, 0.0]]
Time 1214.7820644378662
