Created graph
[-11.0, -9, -7.0]
[-8.0, -7.0, -6.0]
[-6.5, -6.0, -5.5]
[-5.75, -5.5, -5.25]
[-5.625, -5.5, -5.375]
[-5.5625, -5.5, -5.4375]
0.8 100000000
Score: 462.98492
Signatures: [[0.0, 0.1332293450832367, 0.07168826460838318, 0.08681859821081161, 6.64763938402757e-05, 0.0, 0.0, 0.0, 0.0, 0.0, 0.0, 0.1142331063747406, 0.17111147940158844, 0.0, 0.0, 0.0, 0.026904847472906113, 0.0, 0.07050904631614685, 0.0, 0.060387544333934784, 0.0, 0.0, 0.02171429991722107, 0.0, 0.0, 0.019769595935940742, 0.025823671370744705, 0.0, 0.05415749177336693, 2.9370914489845745e-05, 0.341145783662796, 0.0, 0.0, 0.006858516484498978, 0.0, 0.1181214451789856, 0.0, 0.12062392383813858, 0.0, 0.0, 0.0, 0.16975794732570648, 0.0, 0.273424357175827, 0.0, 0.07310358434915543, 0.05836813524365425, 0.0, 0.0, 0.030283324420452118, 0.0, 0.03081800602376461, 1.593469460203778e-05, 0.0, 0.0, 0.0, 3.2956868381006643e-06, 0.0006679380312561989, 0.0, 0.0, 0.0, 0.0, 0.007375206798315048, 0.04975884035229683, 0.08298230171203613, 0.0, 0.0, 0.0, 0.0, 0.0, 0.0, 0.1260025054216385, 0.0, 0.04731724411249161, 0.0, 0.0, 0.0, 0.0, 0.04330142214894295, 0.0, 4.250528945703991e-06, 0.0, 0.0, 0.0, 0.0, 0.0, 0.0, 0.0, 6.553658295160858e-06, 0.0, 0.0, 0.0, 0.0, 7.384322543657618e-06, 0.0], [0.0, 0.0, 0.0, 0.0, 0.0, 0.0, 0.0, 0.0, 0.0, 0.0, 0.04902847856283188, 0.0, 0.0, 0.20703500509262085, 0.0, 0.0, 1.2208371344968327e-06, 0.0, 0.0, 0.0, 0.0, 0.07183855772018433, 0.0, 0.03152600675821304, 0.0, 0.0, 0.0, 7.084134381329932e-07, 0.06289555877447128, 0.0, 0.050852220505476, 0.07931593805551529, 0.0, 0.0, 0.0, 0.0, 2.8902109079353977e-06, 0.0, 0.0923842266201973, 0.008657489903271198, 0.0, 0.10225991904735565, 4.433559297467582e-05, 0.0, 0.07986564189195633, 0.32838621735572815, 0.0, 0.0, 0.023254111409187317, 0.0, 0.01847395859658718, 0.0, 0.0, 0.0, 0.0, 0.0, 0.0460694395005703, 0.060327768325805664, 0.0, 0.0, 0.0, 0.0, 0.0, 0.0, 0.0, 0.0, 0.1087237149477005, 0.052269548177719116, 0.0453888438642025, 0.0, 0.12028772383928299, 0.0, 0.0006026069168001413, 0.0, 0.03661855682730675, 0.036074791103601456, 2.797875367832603e-06, 0.0, 0.0, 0.0, 0.01728062331676483, 0.0, 0.04777403548359871, 0.021087927743792534, 0.0, 0.0, 0.0, 0.0, 1.9482609786791727e-05, 0.0, 0.01567319594323635, 0.0, 0.035158220678567886, 0.0, 0.04812261089682579, 0.0], [0.15875108540058136, 0.0, 0.0, 0.0, 5.683839845005423e-05, 0.09847522526979446, 0.05817748233675957, 0.0, 0.0, 0.16109567880630493, 0.0, 0.0, 0.0, 0.0, 0.0, 0.08036542683839798, 0.01596793718636036, 0.08205521106719971, 0.0, 0.0, 0.05342607945203781, 0.0, 0.0967378318309784, 6.975345604587346e-05, 0.0, 0.0, 1.1255987146796542e-06, 0.06668144464492798, 0.0, 0.1848548799753189, 2.5104842279688455e-05, 0.39966318011283875, 0.0, 0.0, 0.0733083188533783, 0.0, 0.0, 0.252265602350235, 0.12250572443008423, 0.09568610042333603, 0.0836087167263031, 0.1353064775466919, 0.06240423768758774, 0.24634268879890442, 0.17547650635242462, 0.0, 0.21842211484909058, 0.12320946156978607, 0.014771598391234875, 0.1260046660900116, 0.0, 0.0, 0.0, 0.018661003559827805, 0.0, 0.06612727791070938, 0.0, 2.8171552912681364e-06, 0.0005709380493499339, 0.04843732714653015, 0.0, 0.0, 0.043354470282793045, 0.0, 0.04129232093691826, 0.0, 0.0, 0.060455381870269775, 0.0, 0.0, 0.0, 0.039485134184360504, 0.0, 0.07781340926885605, 0.0, 0.0, 0.0, 0.0, 0.04357496649026871, 0.012798762880265713, 0.0, 3.6332673971628537e-06, 0.0, 0.027024568989872932, 0.03336068242788315, 0.0, 0.0, 0.0, 0.0, 5.602250894298777e-06, 0.05461612716317177, 0.0, 0.0, 0.057174645364284515, 6.312911409622757e-06, 0.06194574013352394], [0.0, 0.0, 0.0, 0.0, 0.14437046647071838, 0.0, 0.0, 0.0, 0.006844316143542528, 0.0, 0.0, 0.0, 0.021476352587342262, 0.0, 0.059362128376960754, 0.08443758636713028, 0.042102549225091934, 0.009427802637219429, 0.0, 0.07061512023210526, 0.0, 0.0, 0.0, 0.0, 0.0, 0.0014462834224104881, 0.0031179171055555344, 0.0, 0.3768310546875, 0.0, 0.023412732407450676, 0.0, 0.13680094480514526, 0.0, 0.17769059538841248, 0.01614062674343586, 0.05042840167880058, 0.0, 0.023697897791862488, 0.0, 0.0, 0.0, 0.18819794058799744, 0.0, 0.14870445430278778, 0.0, 0.35458993911743164, 0.19199509918689728, 0.0, 0.0, 0.0, 0.02953430637717247, 0.0, 0.0, 0.07294140011072159, 0.0, 0.0, 0.0, 0.04399367421865463, 0.0, 0.0, 0.061819594353437424, 0.0, 0.0, 0.0, 0.0, 0.0, 0.049630239605903625, 0.0, 0.0, 0.0, 0.006907857488840818, 0.003763993503525853, 0.0, 1.9970719222328626e-05, 0.047222841531038284, 0.030044831335544586, 0.11930904537439346, 0.0, 0.0, 0.0, 0.0, 0.0, 5.630816758639412e-06, 0.0, 0.0, 0.0, 0.060657717287540436, 0.015034422278404236, 0.0010186504805460572, 0.0, 0.0, 0.0, 0.0, 0.0, 0.0], [0.0, 0.0, 0.011196734383702278, 0.0, 0.0, 0.03631177544593811, 0.0, 0.12720589339733124, 0.1194700375199318, 0.0, 0.0, 0.031479157507419586, 0.0, 0.06805083155632019, 1.7154164879684686e-06, 0.014451947063207626, 2.846186180249788e-05, 0.0, 0.0, 0.0, 0.0, 0.04719500616192818, 0.0, 0.06983660161495209, 0.04808061942458153, 0.0834827721118927, 0.0, 0.0, 0.1918470561504364, 0.0, 0.04743417352437973, 0.4517626166343689, 0.0, 0.17723456025123596, 0.44291141629219055, 0.12852291762828827, 0.013361789286136627, 0.0, 0.15560023486614227, 0.1409129500389099, 0.16550640761852264, 0.0, 0.1407909393310547, 0.0, 0.5423436164855957, 0.3462423086166382, 0.0, 0.34039726853370667, 1.599474785507482e-06, 0.0, 0.018630648031830788, 0.0, 0.0, 0.062172967940568924, 0.0, 0.0, 0.0, 0.0, 0.0, 0.0, 0.038475073873996735, 0.0, 0.0, 0.04980682581663132, 0.0, 0.0, 0.04452362284064293, 0.0, 0.0, 0.09176264703273773, 0.0, 0.017141737043857574, 0.0008746387320570648, 0.0, 0.0, 0.0, 0.0, 0.0, 0.04262055456638336, 0.005341802258044481, 0.0, 0.025407766923308372, 0.0, 1.7640713849687018e-05, 0.0, 0.06927492469549179, 0.06906464695930481, 0.0, 1.584351593919564e-05, 0.03356985002756119, 0.0, 0.0441787987947464, 0.0, 0.0, 0.008423625491559505, 0.0]]
Time 1065.5814282894135
