Created graph
[-7.0, -5, -3.0]
[-4.0, -3.0, -2.0]
[-4.5, -4.0, -3.5]
[-4.75, -4.5, -4.25]
[-4.375, -4.25, -4.125]
[-4.4375, -4.375, -4.3125]
0.1 5000 4
Score: 72.86931
Signatures: [[1.3457649946212769, 1.7345190048217773, 0.543232262134552, 0.9549946188926697, 1.2343337535858154, 1.2799839973449707, 0.4487479627132416, 1.0337830781936646, 0.7126808762550354, 1.100164771080017, 0.28173989057540894, 1.26551353931427, 1.3123077154159546, 2.4107184410095215, 0.31796106696128845, 2.180016040802002, 1.1714450120925903, 0.9735607504844666, 0.8666712045669556, 1.3690862655639648, 1.204968810081482, 1.085876703262329, 0.44368264079093933, 1.8440446853637695, 0.5642440319061279, 1.0190284252166748, 0.488463431596756, 1.344657301902771, 4.284017562866211, 3.030247211456299, 0.6885381937026978, 6.1416215896606445, 1.4524952173233032, 1.0464874505996704, 1.2451739311218262, 1.005713939666748, 1.5962318181991577, 1.0027350187301636, 0.48315197229385376, 1.7565497159957886, 1.1047406196594238, 0.31601470708847046, 0.15405449271202087, 1.5192042589187622, 2.4523699283599854, 3.341641902923584, 1.5998570919036865, 1.0316742658615112, 0.257992684841156, 0.47518429160118103, 0.4028429388999939, 0.18332484364509583, 0.32440805435180664, 0.7161874771118164, 0.8283082842826843, 0.8864800930023193, 0.27752020955085754, 0.3624979257583618, 0.3906553387641907, 0.3650311827659607, 0.24408799409866333, 0.3231465816497803, 0.29058772325515747, 0.47742488980293274, 0.6178919076919556, 0.6084352135658264, 0.7063273787498474, 1.017545461654663, 0.28743603825569153, 0.6490640640258789, 0.813432514667511, 0.9368718266487122, 0.18086326122283936, 0.47905489802360535, 0.0, 0.7985631227493286, 0.236085444688797, 0.47436901926994324, 0.08782854676246643, 0.2719515860080719, 0.10846907645463943, 0.2589491903781891, 0.46309876441955566, 0.29808908700942993, 0.18281172215938568, 0.41105416417121887, 0.6298195123672485, 0.7553161978721619, 0.2104666531085968, 0.31255364418029785, 0.4417369067668915, 0.3555070459842682, 0.27570897340774536, 0.24988357722759247, 0.4680280089378357, 0.5053084492683411], [0.711599588394165, 1.0096118450164795, 0.2554892301559448, 0.5903555154800415, 0.7569365501403809, 0.8483808040618896, 0.3201218247413635, 0.8669024705886841, 1.0727260112762451, 0.8000140190124512, 0.19659094512462616, 0.5870679020881653, 0.7576000094413757, 0.8551006317138672, 0.36501699686050415, 0.8816303610801697, 0.47143858671188354, 0.40949365496635437, 0.18633505702018738, 0.3821426033973694, 0.3133940100669861, 0.4477938711643219, 0.4604285955429077, 0.463409423828125, 0.2678370475769043, 0.3313097059726715, 0.14631155133247375, 0.30907076597213745, 0.0, 0.14475998282432556, 0.31277891993522644, 0.0, 1.1304033994674683, 1.139678955078125, 6.950239658355713, 1.1738488674163818, 1.4052538871765137, 1.3999886512756348, 6.283130645751953, 1.5866224765777588, 1.8832321166992188, 2.4444398880004883, 7.050774097442627, 1.4800833463668823, 1.2338759899139404, 1.916800618171692, 4.056814193725586, 2.1638104915618896, 0.2847987413406372, 0.5454715490341187, 0.4416375756263733, 0.3771575093269348, 0.08371361345052719, 0.5099968314170837, 0.5282211303710938, 0.29455387592315674, 0.1339249163866043, 0.3716181516647339, 0.31304264068603516, 0.203295037150383, 0.280811071395874, 0.2544412910938263, 0.2102997601032257, 0.24147053062915802, 0.7393559217453003, 0.5329844355583191, 1.1210687160491943, 0.9384853839874268, 0.38372287154197693, 0.8032991290092468, 0.7444438338279724, 0.7141868472099304, 1.2403037548065186, 0.440457284450531, 1.110095500946045, 0.49621185660362244, 0.6478560566902161, 0.7693608999252319, 0.6667226552963257, 0.5177149772644043, 0.16699761152267456, 0.09344086796045303, 0.16404828429222107, 0.1799726039171219, 0.13604283332824707, 0.2121511697769165, 0.42300763726234436, 0.42203930020332336, 0.1382712423801422, 0.19084826111793518, 0.3227255344390869, 0.14181570708751678, 0.16063223779201508, 0.26070040464401245, 0.19827057421207428, 0.35471558570861816], [0.0, 0.0, 0.0, 0.0, 0.0, 0.0, 0.0, 0.0, 0.0, 0.0, 0.011340146884322166, 0.0, 1.2689930200576782, 0.5404925346374512, 0.313529372215271, 0.6456505060195923, 0.0, 0.0, 0.0, 0.0, 0.0, 0.0, 0.0, 0.0, 0.0050750491209328175, 0.0, 0.0, 0.0, 3.2106659412384033, 1.2094119787216187, 0.1353057324886322, 6.9131598472595215, 0.07092546671628952, 0.0, 0.0, 0.012782380916178226, 0.5471025705337524, 0.05336381867527962, 0.11047577857971191, 0.09012679010629654, 0.04882879927754402, 0.001796091441065073, 0.0, 0.00515049509704113, 18.454252243041992, 4.013702869415283, 5.165216445922852, 9.645896911621094, 0.0, 0.0, 0.08443261682987213, 0.0, 0.0, 0.0, 0.0, 0.0, 0.0, 0.0, 0.0, 0.0, 0.0, 0.0, 0.0, 0.0, 0.0, 0.0, 0.0, 0.0, 0.0, 0.0, 0.0, 0.0, 0.0, 0.0, 0.0, 0.0, 0.0, 0.0, 0.0, 0.01975441537797451, 0.0, 0.0, 0.0, 0.0, 0.0, 0.0, 0.0, 0.0, 0.0, 0.0008954717195592821, 0.0, 0.0, 0.0, 0.0, 0.0, 0.0], [0.0, 0.0, 0.0, 0.0, 0.0, 0.0, 0.0, 0.0, 0.0, 0.0, 0.0, 0.0, 1.589837670326233, 0.0, 0.1254979819059372, 0.21894653141498566, 0.0, 0.0, 0.0, 0.0, 0.0, 0.0, 0.0, 0.0, 0.0, 0.0, 0.0, 0.0, 11.065110206604004, 3.073456287384033, 0.9249765276908875, 11.48756217956543, 0.0, 0.0, 0.3339456021785736, 0.0, 0.21544930338859558, 0.0, 0.35069987177848816, 0.0, 0.005058917682617903, 0.0, 0.3762776851654053, 0.004047278314828873, 8.77599048614502, 1.5064802169799805, 1.6576377153396606, 3.740922212600708, 0.0, 0.0, 0.0, 0.0, 0.08910899609327316, 0.0, 0.0, 0.0, 0.0, 0.0, 0.0, 0.0, 0.0, 0.0, 0.0, 0.0, 0.0, 0.0, 0.058119628578424454, 0.0, 0.0, 0.029927100986242294, 0.0, 0.0, 0.0, 0.0, 0.03682855889201164, 0.0, 0.005168270785361528, 0.007281372789293528, 0.03167765215039253, 0.0, 0.0, 0.0, 0.0, 0.0, 0.0, 0.0, 0.0, 0.0, 0.0, 0.0, 0.0, 0.0, 0.0, 0.0, 0.0077449060045182705, 0.0]]
Time 918.950749874115
