Created graph
[-7.0, -5, -3.0]
[-4.0, -3.0, -2.0]
[-4.5, -4.0, -3.5]
[-4.25, -4.0, -3.75]
[-4.375, -4.25, -4.125]
[-4.4375, -4.375, -4.3125]
0.1 10000 3
Score: 73.69991
Signatures: [[0.12077650427818298, 0.2748233377933502, 0.07107240706682205, 0.07833705842494965, 0.10726706683635712, 0.0, 0.053225625306367874, 0.11678528785705566, 0.0, 0.002943201456218958, 0.08215304464101791, 0.10377130657434464, 2.110502243041992, 0.9176773428916931, 0.16941939294338226, 1.1223410367965698, 0.21114733815193176, 0.20482836663722992, 0.21299102902412415, 0.17218801379203796, 0.33938002586364746, 0.03366675600409508, 0.0, 0.5013513565063477, 0.11352364718914032, 0.05525142699480057, 0.07046458125114441, 0.2985885739326477, 12.872640609741211, 4.521404266357422, 1.0965384244918823, 14.531744003295898, 0.3437093198299408, 0.031225955113768578, 0.015129027888178825, 0.10534028708934784, 0.7670047283172607, 0.0674150288105011, 0.0, 0.2633051872253418, 0.20731474459171295, 0.0, 0.0, 0.36967232823371887, 10.400381088256836, 2.9984371662139893, 2.1008594036102295, 3.716170072555542, 0.0, 0.01228991150856018, 0.10471499711275101, 0.0, 0.2057548314332962, 0.0, 0.014799288474023342, 0.13006474077701569, 0.04256816953420639, 0.017701683565974236, 0.026528678834438324, 0.03831737861037254, 0.0, 0.0380929633975029, 0.045244671404361725, 0.02592880092561245, 0.07582315057516098, 0.06352996081113815, 0.1969996839761734, 0.10076729953289032, 0.0, 0.18891212344169617, 0.0, 0.1192767471075058, 0.0, 0.006698341108858585, 0.0, 0.17411799728870392, 0.022159012034535408, 0.08576862514019012, 0.003967922646552324, 0.0, 0.0, 0.007441109046339989, 0.0354226678609848, 0.023656627163290977, 0.02338152565062046, 0.050385843962430954, 0.0, 0.1263495534658432, 0.033054422587156296, 0.0, 0.012297751381993294, 0.09549253433942795, 0.007355056703090668, 0.0, 0.16915738582611084, 0.07200627774000168], [0.0, 0.0, 0.0, 0.0, 0.0, 0.0, 0.0, 0.0, 0.0, 0.0, 0.0, 0.0, 1.4616941213607788, 0.3189575672149658, 0.3797585666179657, 0.4589233696460724, 0.0, 0.0, 0.0, 0.0, 0.0, 0.0, 0.0, 0.0, 0.0, 0.0, 0.0, 0.0, 4.552336692810059, 1.2886120080947876, 0.24526214599609375, 8.32903003692627, 0.0063119204714894295, 0.0, 0.012875442393124104, 0.018087444826960564, 0.4417954087257385, 0.04495483264327049, 0.1021532416343689, 0.05289715528488159, 7.944163371575996e-05, 0.0, 0.0, 0.0, 21.196584701538086, 4.165650367736816, 5.647772312164307, 11.540945053100586, 0.0, 0.0, 0.055404823273420334, 0.0, 0.0, 0.0, 0.0, 0.0, 0.0, 0.0, 0.0, 0.0, 0.0, 0.0, 0.0, 0.0, 0.0, 0.0, 0.0, 0.0, 0.0, 0.0, 0.0, 0.0, 0.0, 0.0, 0.0, 0.0, 0.0, 0.0, 0.0, 0.02418283373117447, 0.0, 0.0, 0.0, 0.0, 0.0, 0.0, 0.0, 0.0, 0.0, 0.016471432521939278, 0.0, 0.0, 0.0, 0.0, 0.0, 0.0], [1.401134729385376, 1.87602961063385, 0.5310022830963135, 1.07942533493042, 1.3813450336456299, 1.536878228187561, 0.5513796210289001, 1.3929316997528076, 1.4455418586730957, 1.3919663429260254, 0.33026787638664246, 1.2347012758255005, 1.3016412258148193, 1.9354242086410522, 0.5319969654083252, 1.8981913328170776, 1.0392361879348755, 0.846280574798584, 0.5803310871124268, 1.052770733833313, 0.8730989694595337, 1.0214331150054932, 0.7060950398445129, 1.2824727296829224, 0.5361500382423401, 0.8703622221946716, 0.38372769951820374, 0.9165849685668945, 1.245587706565857, 1.3216253519058228, 0.6040249466896057, 2.0184566974639893, 1.839792251586914, 1.7153352499008179, 7.626675605773926, 1.6909173727035522, 2.173985481262207, 1.936390995979309, 6.7316203117370605, 2.476853609085083, 2.430185079574585, 2.6307358741760254, 7.245031356811523, 2.1852080821990967, 2.5025038719177246, 3.505251884460449, 5.106646537780762, 2.8349246978759766, 0.42900270223617554, 0.8037838339805603, 0.6485965847969055, 0.4809820353984833, 0.22587206959724426, 0.8981859087944031, 0.9795213937759399, 0.714377760887146, 0.2713750898838043, 0.5612679719924927, 0.5235311985015869, 0.3908659815788269, 0.41665685176849365, 0.4198932349681854, 0.3518507778644562, 0.4996834397315979, 1.0488461256027222, 0.8502370119094849, 1.4622297286987305, 1.457952857017517, 0.5337799787521362, 1.0785740613937378, 1.201607346534729, 1.1757996082305908, 1.3177917003631592, 0.7016713619232178, 1.1099532842636108, 0.8810843229293823, 0.7591378688812256, 0.9902174472808838, 0.71234130859375, 0.6678341031074524, 0.2285105139017105, 0.23039494454860687, 0.39655357599258423, 0.33546626567840576, 0.22457264363765717, 0.41665327548980713, 0.7532252073287964, 0.7886978983879089, 0.23893792927265167, 0.3528386652469635, 0.555770993232727, 0.3025144636631012, 0.3073631227016449, 0.4061371684074402, 0.39288923144340515, 0.6051233410835266]]
Time 911.975602388382
