Created graph
[-7.0, -5, -3.0]
[-4.0, -3.0, -2.0]
[-4.5, -4.0, -3.5]
[-4.25, -4.0, -3.75]
[-4.375, -4.25, -4.125]
[-4.4375, -4.375, -4.3125]
0.1 10000 4
Score: 72.030594
Signatures: [[1.2554385662078857, 2.0341155529022217, 0.4194151759147644, 0.9266951084136963, 1.1764075756072998, 1.1936894655227661, 0.5492913722991943, 1.1641849279403687, 0.7699329257011414, 1.2761746644973755, 0.25744882225990295, 1.245431661605835, 2.169426918029785, 2.272667169570923, 0.4189106523990631, 2.8570189476013184, 1.2586586475372314, 0.7740168571472168, 0.7918181419372559, 1.3072746992111206, 1.205294132232666, 0.9454339146614075, 0.5806901454925537, 1.784645676612854, 0.5955209732055664, 1.0010788440704346, 0.41198834776878357, 1.2116059064865112, 2.6594839096069336, 2.464556932449341, 0.7544049620628357, 5.098853588104248, 1.735793948173523, 0.9855112433433533, 2.4697256088256836, 1.236684799194336, 1.9142134189605713, 1.1554279327392578, 1.1489869356155396, 1.9578124284744263, 1.029928207397461, 0.8120588660240173, 0.46028947830200195, 1.748252511024475, 4.424664497375488, 4.075524806976318, 3.2372548580169678, 4.4504008293151855, 0.2083154320716858, 0.6296190619468689, 0.5499734878540039, 0.11847981810569763, 0.19288897514343262, 0.8039261102676392, 0.6779583692550659, 0.7666992545127869, 0.27989229559898376, 0.372022807598114, 0.47464293241500854, 0.26372194290161133, 0.17939020693302155, 0.33467474579811096, 0.28357043862342834, 0.44186675548553467, 0.5710662007331848, 0.6821228861808777, 0.7337195873260498, 1.068805456161499, 0.23158729076385498, 0.4320121705532074, 0.7636903524398804, 0.5762054920196533, 0.06736408919095993, 0.46815478801727295, 0.02662052772939205, 0.6722884178161621, 0.24973808228969574, 0.5069254040718079, 0.03647197037935257, 0.4895443022251129, 0.07286512851715088, 0.1667412519454956, 0.4707099199295044, 0.279179185628891, 0.15433193743228912, 0.3698289394378662, 0.6352559924125671, 0.5879926681518555, 0.18381796777248383, 0.24156904220581055, 0.45075517892837524, 0.35168468952178955, 0.2541179358959198, 0.19915546476840973, 0.3375386595726013, 0.5241762399673462], [0.0, 0.0, 0.0, 0.0, 0.0, 0.0, 0.0, 0.0, 0.0, 0.0, 0.018573444336652756, 0.0, 1.6073949337005615, 0.30509984493255615, 0.09986542910337448, 0.3428598940372467, 0.0, 0.00582790607586503, 0.0, 0.0, 0.030910950154066086, 0.0, 0.0, 0.017145806923508644, 0.0, 0.0, 0.0, 0.0, 10.443201065063477, 3.756781816482544, 0.8648406863212585, 14.676548957824707, 0.00023055978817865252, 0.0, 0.01615060679614544, 0.0, 0.2086753100156784, 0.0, 0.03006371296942234, 0.0, 0.10729607194662094, 0.0, 0.11631528288125992, 0.01453747134655714, 14.737417221069336, 3.067095994949341, 2.6954259872436523, 5.154791831970215, 0.0, 0.0, 0.017675166949629784, 0.0, 0.1413644701242447, 0.0, 0.0, 0.0, 0.0, 0.0, 0.0, 0.0, 0.0, 0.0, 0.0, 0.0, 0.0, 0.0, 0.06923312693834305, 0.0, 0.0, 0.08786068111658096, 0.0, 0.0, 0.0, 0.0, 0.0, 0.029730357229709625, 0.00036031162017025054, 0.0, 0.029887408018112183, 0.0, 0.0, 0.0, 0.0, 0.0, 0.0, 0.0, 0.0, 0.0, 0.0, 0.0, 0.0, 0.0, 0.0, 0.0, 0.07357900589704514, 0.0], [0.0, 0.0, 0.0, 0.0, 0.0, 0.0, 0.0, 0.0, 0.0, 0.0, 0.007018519099801779, 0.0, 1.454071283340454, 0.42271724343299866, 0.4174623489379883, 0.4787888824939728, 0.0, 0.0, 0.0, 0.0, 0.0, 0.0, 0.0, 0.0, 0.0, 0.0, 0.0, 0.0, 5.707818984985352, 1.2388184070587158, 0.23999041318893433, 6.619116306304932, 0.0012345921713858843, 0.0, 0.016125623136758804, 0.0, 0.612516462802887, 0.007035545539110899, 0.24829690158367157, 1.9534734747139737e-05, 9.992256309487857e-06, 0.0, 0.0027939542196691036, 0.0, 17.852455139160156, 3.466463327407837, 5.113532543182373, 10.041855812072754, 0.0, 0.0, 0.03858257457613945, 0.0, 0.0, 0.0, 0.0, 0.0, 0.0, 0.0, 0.0, 0.0, 0.0, 0.0, 0.0, 0.0, 0.0, 0.0, 0.0, 0.0, 0.0, 0.0, 0.0, 0.0, 0.0, 0.0, 0.0, 0.0, 0.0, 0.0, 0.0, 0.0, 0.0, 0.0, 0.0, 0.0, 0.0, 0.0, 0.0, 0.0, 0.0, 0.003357568057253957, 0.0, 0.0, 0.0, 0.0, 0.0, 0.0], [0.885362982749939, 1.0380432605743408, 0.3723345994949341, 0.6989844441413879, 0.912807285785675, 1.0193864107131958, 0.3157237768173218, 0.927415132522583, 1.1587008237838745, 0.8202247619628906, 0.2414713352918625, 0.6955801248550415, 0.5593221783638, 1.089152216911316, 0.3733130693435669, 0.7606251239776611, 0.5170962810516357, 0.5783882141113281, 0.27985504269599915, 0.49181607365608215, 0.377614289522171, 0.6044650673866272, 0.4525631368160248, 0.5929086804389954, 0.30283722281455994, 0.4183572828769684, 0.21940992772579193, 0.4523420035839081, 0.8225384950637817, 0.5855892300605774, 0.37107619643211365, 0.7612200975418091, 1.1789484024047852, 1.3482717275619507, 7.096108913421631, 1.1850563287734985, 1.488706111907959, 1.5223788022994995, 6.726746082305908, 1.751408338546753, 2.1483869552612305, 2.438030481338501, 7.736304759979248, 1.564895749092102, 1.090786337852478, 2.0605902671813965, 4.042368412017822, 1.1169253587722778, 0.3557163178920746, 0.5342090725898743, 0.44675660133361816, 0.4640989601612091, 0.17589832842350006, 0.5390389561653137, 0.7026785612106323, 0.4060423672199249, 0.16082294285297394, 0.416525274515152, 0.3160143196582794, 0.29714521765708923, 0.36078694462776184, 0.28773069381713867, 0.24761420488357544, 0.3040153384208679, 0.8646022081375122, 0.5621082782745361, 1.269918441772461, 1.0477700233459473, 0.46203625202178955, 0.9924050569534302, 0.8941695094108582, 1.0174274444580078, 1.4210548400878906, 0.5105303525924683, 1.2092688083648682, 0.6466875076293945, 0.7068141102790833, 0.8468340635299683, 0.7636446356773376, 0.46702978014945984, 0.21201571822166443, 0.16287605464458466, 0.1911633461713791, 0.22188185155391693, 0.17075234651565552, 0.271375834941864, 0.48094984889030457, 0.5862402319908142, 0.1735888570547104, 0.2572043538093567, 0.3677413761615753, 0.17281796038150787, 0.19957076013088226, 0.3371613025665283, 0.28899863362312317, 0.40092164278030396]]
Time 909.3097031116486
