Created graph
[-7.0, -5, -3.0]
[-6.0, -5, -4.0]
[-4.5, -4.0, -3.5]
[-4.25, -4.0, -3.75]
[-4.125, -4.0, -3.875]
[-4.1875, -4.125, -4.0625]
0.1 1000000 3
Score: 101.159294
Signatures: [[0.3952919542789459, 1.11695396900177, 0.07655337452888489, 0.3887179493904114, 0.31409934163093567, 0.13718552887439728, 0.2582373023033142, 0.7561085820198059, 0.3005363345146179, 0.3071762025356293, 0.29238206148147583, 0.4464205205440521, 4.572824478149414, 2.010080337524414, 0.8217158913612366, 2.123366594314575, 0.96648108959198, 0.10399863868951797, 0.3317236304283142, 0.3042880594730377, 0.2592925727367401, 0.4021604061126709, 0.18723955750465393, 0.5995403528213501, 0.505252480506897, 0.2716066241264343, 0.15725255012512207, 0.12297821044921875, 19.016494750976562, 6.700907230377197, 1.4926726818084717, 27.161666870117188, 1.403986930847168, 0.6493704319000244, 2.3420660495758057, 0.7626621723175049, 2.2353579998016357, 0.7448163628578186, 2.9899258613586426, 1.2093300819396973, 1.2018448114395142, 1.1107585430145264, 1.8753206729888916, 1.5575138330459595, 36.72296905517578, 9.85660171508789, 10.916014671325684, 18.211462020874023, 0.0059262486174702644, 0.6675094962120056, 0.2236645221710205, 0.07112213224172592, 0.23966965079307556, 0.14367282390594482, 0.3655593693256378, 0.14770258963108063, 0.21139279007911682, 0.33322107791900635, 0.09123139828443527, 0.10923292487859726, 0.008337682113051414, 0.16340751945972443, 0.3098408281803131, 0.27941572666168213, 0.3844701647758484, 0.36724022030830383, 0.7174573540687561, 0.7666095495223999, 0.15629015862941742, 0.29759305715560913, 0.31007736921310425, 0.7849238514900208, 0.3834175169467926, 0.4401235580444336, 0.3593541085720062, 0.514566957950592, 0.1567792445421219, 0.2629985213279724, 0.23281307518482208, 0.30182093381881714, 0.0, 0.1401340365409851, 0.1859058141708374, 0.07423189282417297, 0.0, 0.1707734316587448, 0.06229778379201889, 0.04804650694131851, 0.030148230493068695, 0.25665223598480225, 0.11170506477355957, 0.0, 0.10195866972208023, 0.15592971444129944, 0.768549919128418, 0.18470104038715363], [2.388801097869873, 3.139430046081543, 0.9357056021690369, 1.7578859329223633, 2.252887487411499, 2.3795766830444336, 0.8911430835723877, 2.1276726722717285, 2.243189811706543, 2.1916017532348633, 0.674945056438446, 1.931018352508545, 3.9747748374938965, 4.040474891662598, 1.2094014883041382, 3.8243277072906494, 1.7209047079086304, 1.667718768119812, 0.9780210852622986, 1.7990151643753052, 1.529109239578247, 1.6048699617385864, 1.2535756826400757, 2.2489683628082275, 0.8939856886863708, 1.4857882261276245, 0.6511439085006714, 1.5839450359344482, 10.66594123840332, 5.102846622467041, 1.763368010520935, 15.033113479614258, 3.301647186279297, 2.897859811782837, 12.626936912536621, 2.592939615249634, 4.407662868499756, 3.413027763366699, 11.449228286743164, 4.247478485107422, 4.003304958343506, 3.815903425216675, 12.078028678894043, 3.6908884048461914, 20.826021194458008, 9.70937728881836, 12.46076774597168, 12.48607063293457, 0.6759626865386963, 1.3129745721817017, 1.3039671182632446, 0.8513154983520508, 0.467313289642334, 1.4585782289505005, 1.634676218032837, 1.250170111656189, 0.48537808656692505, 0.9067574739456177, 0.8314381241798401, 0.7527523636817932, 0.6989277601242065, 0.7289381623268127, 0.598577618598938, 0.7451863884925842, 1.7772877216339111, 1.3469887971878052, 2.616885185241699, 2.595458984375, 0.8095924854278564, 1.6131519079208374, 2.028313159942627, 1.7335270643234253, 1.765475869178772, 1.0934778451919556, 1.6238821744918823, 1.4961719512939453, 1.0128711462020874, 1.5537863969802856, 1.0112768411636353, 1.0702574253082275, 0.4663281738758087, 0.3582039475440979, 0.7153891921043396, 0.6146007180213928, 0.4139684736728668, 0.7003412842750549, 1.220138430595398, 1.3827532529830933, 0.4140075147151947, 0.5734215974807739, 0.9352474808692932, 0.6586403846740723, 0.5208665728569031, 0.6618345975875854, 0.7280813455581665, 1.07499361038208], [0.10834211111068726, 0.6898869872093201, 0.0, 0.17503207921981812, 0.2932928502559662, 0.0, 0.17870444059371948, 0.5328437089920044, 0.0, 0.11941081285476685, 0.0, 0.3655472695827484, 5.205987930297852, 1.7760159969329834, 0.7760905623435974, 2.5843000411987305, 0.04352737218141556, 0.021084940060973167, 0.30545398592948914, 0.19121341407299042, 0.6562671661376953, 0.06323625147342682, 0.0, 1.0108708143234253, 0.05540047958493233, 0.0, 0.0, 0.710283100605011, 23.255054473876953, 8.139351844787598, 1.7454630136489868, 33.444091796875, 0.15861232578754425, 0.11262650042772293, 0.705414354801178, 0.6255946159362793, 1.6988638639450073, 0.4291074275970459, 1.1708770990371704, 0.7812951803207397, 0.5643274188041687, 0.43370869755744934, 0.31888899207115173, 0.4179936647415161, 45.18227005004883, 10.876330375671387, 11.709731101989746, 22.724740982055664, 0.0, 0.0, 0.21909932792186737, 0.0, 0.2370501309633255, 0.05881559103727341, 0.00038150534965097904, 0.0, 0.06609008461236954, 0.0, 0.20095697045326233, 0.0018342165276408195, 0.0, 0.10520751774311066, 0.048193901777267456, 0.017595719546079636, 0.0, 0.06029677018523216, 0.21305544674396515, 0.29571110010147095, 0.23990461230278015, 0.5800015330314636, 0.0, 0.02305298112332821, 0.07846716791391373, 0.016297858208417892, 0.12269553542137146, 0.33469346165657043, 0.4406570494174957, 0.09052345901727676, 0.04558122158050537, 0.11610296368598938, 0.0, 0.0, 0.0, 0.049754317849874496, 0.0, 0.12158116698265076, 0.0, 0.16179201006889343, 0.0859045460820198, 0.08482453227043152, 0.0, 0.0, 0.0, 0.08034742623567581, 0.0, 0.1151496097445488]]
Time 889.9424860477448
