Created graph
[-7.0, -5, -3.0]
[-6.0, -5, -4.0]
[-4.5, -4.0, -3.5]
[-4.75, -4.5, -4.25]
[-4.625, -4.5, -4.375]
[-4.4375, -4.375, -4.3125]
0.1 10 3
Score: 77.22574
Signatures: [[0.12437717616558075, 0.2368089109659195, 0.060946956276893616, 0.08573777973651886, 0.11498221009969711, 0.0, 0.055534590035676956, 0.12077275663614273, 0.0, 0.034118957817554474, 0.0654732957482338, 0.11142533272504807, 1.438063383102417, 0.6754639148712158, 0.10046888142824173, 0.7266460657119751, 0.1799779087305069, 0.1672976166009903, 0.1592901051044464, 0.15713000297546387, 0.25102919340133667, 0.056109461933374405, 0.0, 0.37974536418914795, 0.09381302446126938, 0.07128308713436127, 0.060920409858226776, 0.23294173181056976, 9.483461380004883, 3.2553863525390625, 0.8227115273475647, 10.151619911193848, 0.28241732716560364, 0.06614711880683899, 0.036127783358097076, 0.10172920674085617, 0.45240336656570435, 0.06763660162687302, 0.0, 0.21491415798664093, 0.19029265642166138, 0.0, 0.0, 0.30369848012924194, 5.4661030769348145, 1.7697514295578003, 0.6708658337593079, 1.386649250984192, 0.0, 0.029987730085849762, 0.06162925064563751, 0.0, 0.14340561628341675, 0.004061989951878786, 0.04259327054023743, 0.10710571706295013, 0.040382515639066696, 0.030768023803830147, 0.03364155814051628, 0.03927982971072197, 0.0, 0.04002176970243454, 0.03936753049492836, 0.030811194330453873, 0.07081634551286697, 0.06441491097211838, 0.1579502373933792, 0.11610640585422516, 0.0, 0.14691095054149628, 0.016332972794771194, 0.10655936598777771, 0.0, 0.01590077020227909, 0.0, 0.14202161133289337, 0.02539602480828762, 0.07699209451675415, 0.014179385267198086, 0.0, 0.0, 0.012570519931614399, 0.04046352207660675, 0.02929031476378441, 0.022030314430594444, 0.044846367090940475, 0.007897540926933289, 0.10576410591602325, 0.03020447865128517, 0.0, 0.022777430713176727, 0.07200109213590622, 0.01452002115547657, 0.0, 0.12456116825342178, 0.0660180076956749], [0.0, 0.0, 0.0, 0.0, 0.0, 0.0, 0.0, 0.0, 0.0, 0.0, 0.0, 0.0, 0.8661390542984009, 0.18901774287223816, 0.2602461278438568, 0.3443549573421478, 0.0, 0.0, 0.0, 0.0, 0.0, 0.0, 0.0, 0.0, 0.0, 0.0, 0.0, 0.0, 1.960399866104126, 0.5308483839035034, 0.08475140482187271, 4.506289482116699, 0.011940761469304562, 0.0, 0.1707276850938797, 0.0280894935131073, 0.3801243305206299, 0.06830628216266632, 0.25158944725990295, 0.07115485519170761, 0.020288484171032906, 0.018894115462899208, 0.0, 0.0, 14.378108024597168, 2.8031156063079834, 4.293704032897949, 8.0563383102417, 0.0, 0.0, 0.06098608672618866, 0.0, 0.0, 0.0, 0.0, 0.0, 0.0, 0.0, 0.0, 0.0, 0.0, 0.0, 0.0, 0.0, 0.0, 0.0, 0.0, 0.0, 0.0, 0.0, 0.0, 0.0, 0.0, 0.0, 0.0, 0.0, 0.0, 0.0, 0.0, 0.03250503167510033, 0.0, 0.0, 0.0, 0.0, 0.0, 0.0, 0.0, 0.0, 0.0, 0.018712256103754044, 0.0, 0.0, 0.0, 0.00583301205188036, 0.0, 0.0], [1.075757384300232, 1.4426714181900024, 0.41044601798057556, 0.8310948610305786, 1.0644547939300537, 1.220202088356018, 0.4207015037536621, 1.074433445930481, 1.1675125360488892, 1.0867396593093872, 0.24652257561683655, 0.9490601420402527, 0.9317530393600464, 1.4413859844207764, 0.40022483468055725, 1.4179761409759521, 0.7911677956581116, 0.6465879678726196, 0.44188612699508667, 0.8040909171104431, 0.6719730496406555, 0.7929449677467346, 0.549236536026001, 0.9725011587142944, 0.4080229103565216, 0.6667578220367432, 0.2958453595638275, 0.6973884701728821, 0.5169135332107544, 0.876314103603363, 0.4158816337585449, 0.9847151041030884, 1.3960667848587036, 1.3192977905273438, 5.994722366333008, 1.3208401203155518, 1.6336971521377563, 1.4844657182693481, 5.186789035797119, 1.8946356773376465, 1.8747014999389648, 2.0926060676574707, 5.691256523132324, 1.677607774734497, 1.3102713823318481, 2.555725336074829, 3.8116443157196045, 2.005998134613037, 0.3463685214519501, 0.619270384311676, 0.48962992429733276, 0.375331848859787, 0.16887032985687256, 0.7054949998855591, 0.7534603476524353, 0.5550646781921387, 0.20504344999790192, 0.4342441260814667, 0.40327155590057373, 0.2967567443847656, 0.3330601155757904, 0.31919848918914795, 0.27155500650405884, 0.3929803967475891, 0.8160368800163269, 0.6641694903373718, 1.1252425909042358, 1.1134698390960693, 0.42163288593292236, 0.8475397825241089, 0.9471602439880371, 0.9207057952880859, 1.0631721019744873, 0.5534716844558716, 0.8868669867515564, 0.6825006604194641, 0.6034809947013855, 0.7785851955413818, 0.5689676403999329, 0.517353355884552, 0.17694370448589325, 0.17840954661369324, 0.302788645029068, 0.25291839241981506, 0.1745094358921051, 0.3206017017364502, 0.5949926376342773, 0.6082644462585449, 0.18311630189418793, 0.27008765935897827, 0.4317176043987274, 0.22982275485992432, 0.23783846199512482, 0.319601833820343, 0.2952822148799896, 0.4613158106803894]]
Time 963.6911435127258
