Created graph
[-7.0, -5, -3.0]
[-4.0, -3.0, -2.0]
[-4.5, -4.0, -3.5]
[-4.75, -4.5, -4.25]
[-4.375, -4.25, -4.125]
[-4.4375, -4.375, -4.3125]
0.1 5000 3
Score: 74.97931
Signatures: [[0.13555602729320526, 0.2738640010356903, 0.07245160639286041, 0.09122638404369354, 0.12083535641431808, 0.0, 0.05850176885724068, 0.1285983771085739, 0.0, 0.018919341266155243, 0.07865341007709503, 0.11671892553567886, 1.858715534210205, 0.8384489417076111, 0.14516249299049377, 0.9740955829620361, 0.2092958241701126, 0.2001265436410904, 0.1992783099412918, 0.17896392941474915, 0.31401628255844116, 0.05242821201682091, 0.0, 0.4671281576156616, 0.10947248339653015, 0.07056605815887451, 0.07089279592037201, 0.28431931138038635, 11.692071914672852, 4.064544677734375, 1.0038646459579468, 12.91646671295166, 0.33211973309516907, 0.0530310720205307, 0.05141777545213699, 0.11209356039762497, 0.638729989528656, 0.07184196263551712, 0.0, 0.25391536951065063, 0.21471360325813293, 0.0, 0.0, 0.35689640045166016, 8.376145362854004, 2.5064167976379395, 1.483428716659546, 2.719060182571411, 0.0, 0.022554369643330574, 0.08692645281553268, 0.0, 0.18445514142513275, 0.0, 0.03143492713570595, 0.1299857348203659, 0.04444265738129616, 0.02520461566746235, 0.03300456330180168, 0.04224882274866104, 0.0, 0.0420323945581913, 0.04285139963030815, 0.032499901950359344, 0.07984934747219086, 0.07074113190174103, 0.186429962515831, 0.11561422795057297, 0.0, 0.1808130443096161, 0.006722171325236559, 0.12553368508815765, 0.0, 0.01377703808248043, 0.0, 0.1678992509841919, 0.025329232215881348, 0.08943836390972137, 0.010762486606836319, 0.0, 0.0, 0.011615614406764507, 0.04204796627163887, 0.029739610850811005, 0.024697210639715195, 0.050557974725961685, 0.0003373184590600431, 0.12571069598197937, 0.03423556312918663, 0.0, 0.020191099494695663, 0.08997555822134018, 0.01174172479659319, 0.0, 0.15408743917942047, 0.07519439607858658], [0.0, 0.0, 0.0, 0.0, 0.0, 0.0, 0.0, 0.0, 0.0, 0.0, 0.0, 0.0, 1.2222539186477661, 0.268994003534317, 0.3338894546031952, 0.42530959844589233, 0.0, 0.0, 0.0, 0.0, 0.0, 0.0, 0.0, 0.0, 0.0, 0.0, 0.0, 0.0, 3.436499834060669, 0.9626339673995972, 0.17666439712047577, 6.744876384735107, 0.01089795958250761, 0.0, 0.07881267368793488, 0.025083443149924278, 0.4386543333530426, 0.06099683418869972, 0.18753989040851593, 0.06817763298749924, 0.008265950717031956, 0.00012322570546530187, 0.0, 0.0, 18.61104393005371, 3.659578561782837, 5.209771633148193, 10.256184577941895, 0.0, 0.0, 0.06289190798997879, 0.0, 0.0, 0.0, 0.0, 0.0, 0.0, 0.0, 0.0, 0.0, 0.0, 0.0, 0.0, 0.0, 0.0, 0.0, 0.0, 0.0, 0.0, 0.0, 0.0, 0.0, 0.0, 0.0, 0.0, 0.0, 0.0, 0.0, 0.0, 0.030595000833272934, 0.0, 0.0, 0.0, 0.0, 0.0, 0.0, 0.0, 0.0, 0.0, 0.018686868250370026, 0.0, 0.0, 0.0, 0.0013310392387211323, 0.0, 0.0], [1.270763874053955, 1.7029703855514526, 0.4821662902832031, 0.9794871211051941, 1.2544454336166382, 1.4153714179992676, 0.4990874230861664, 1.2652376890182495, 1.3394416570663452, 1.2744505405426025, 0.2959332764148712, 1.1208617687225342, 1.1372658014297485, 1.730629563331604, 0.4763124883174896, 1.6965383291244507, 0.9383004307746887, 0.7649508714675903, 0.5225717425346375, 0.9511473774909973, 0.7894719243049622, 0.9312451481819153, 0.6448619365692139, 1.1560434103012085, 0.4848252236843109, 0.7886033654212952, 0.3482593595981598, 0.8263757228851318, 0.8703990578651428, 1.1141469478607178, 0.5209754705429077, 1.4776077270507812, 1.6601665019989014, 1.5603476762771606, 6.996459484100342, 1.5432664155960083, 1.9499261379241943, 1.7578125, 6.124987602233887, 2.2433784008026123, 2.210369348526001, 2.423332691192627, 6.641779899597168, 1.9825407266616821, 1.8377346992492676, 3.0859286785125732, 4.546615123748779, 2.4221787452697754, 0.39743784070014954, 0.7317824959754944, 0.584472119808197, 0.44003042578697205, 0.20100656151771545, 0.8236883878707886, 0.8910081386566162, 0.6493910551071167, 0.24453391134738922, 0.5119337439537048, 0.47579970955848694, 0.3530671000480652, 0.3841254711151123, 0.3798382878303528, 0.3211648464202881, 0.45655521750450134, 0.9564483165740967, 0.7756317257881165, 1.329999327659607, 1.3209588527679443, 0.4899595379829407, 0.9846882224082947, 1.1029175519943237, 1.0730644464492798, 1.2191568613052368, 0.6431328654289246, 1.0230334997177124, 0.8010203838348389, 0.6981481909751892, 0.9052753448486328, 0.6559030413627625, 0.6085835099220276, 0.20837914943695068, 0.2098158895969391, 0.3585824966430664, 0.3019466996192932, 0.20475272834300995, 0.3790925145149231, 0.6930302381515503, 0.7158644795417786, 0.2166353166103363, 0.32000285387039185, 0.5070328712463379, 0.27235838770866394, 0.2802828848361969, 0.37286797165870667, 0.3535207509994507, 0.5474755764007568]]
Time 898.4211037158966
