Created graph
[-7.0, -5, -3.0]
[-4.0, -3.0, -2.0]
[-4.5, -4.0, -3.5]
[-4.25, -4.0, -3.75]
[-3.875, -3.75, -3.625]
[-3.9375, -3.875, -3.8125]
0.1 100000 3
Score: 72.99581
Signatures: [[0.12182416766881943, 0.3470994830131531, 0.08436712622642517, 0.07067734748125076, 0.10893500596284866, 0.0, 0.07053323835134506, 0.1668797880411148, 0.0, 0.0, 0.13957460224628448, 0.14310461282730103, 4.964737892150879, 1.6592570543289185, 0.44058746099472046, 2.1351547241210938, 0.3763313889503479, 0.3110814392566681, 0.3818899691104889, 0.2624738812446594, 0.648682177066803, 0.0018679728964343667, 0.0, 0.9275078773498535, 0.20996639132499695, 0.043977439403533936, 0.10884439945220947, 0.4841308295726776, 28.474973678588867, 9.7481107711792, 2.279604196548462, 34.88736343383789, 0.5522670149803162, 0.00015698728384450078, 0.0, 0.13007387518882751, 1.3686686754226685, 0.024287967011332512, 0.0, 0.2939111590385437, 0.2863103151321411, 0.0, 0.0, 0.6372779011726379, 32.637611389160156, 7.632137298583984, 6.595095634460449, 13.215505599975586, 0.0, 0.0, 0.20703105628490448, 0.0, 0.41152554750442505, 0.0, 0.0, 0.16513743996620178, 0.06909319758415222, 0.017377963289618492, 0.020948171615600586, 0.03942126780748367, 0.0, 0.05033716559410095, 0.02609715424478054, 0.008235971443355083, 0.07948946952819824, 0.06840748339891434, 0.2789852023124695, 0.11361897736787796, 0.0, 0.3073359727859497, 0.0, 0.12294771522283554, 0.0, 0.0, 0.0, 0.28916820883750916, 0.015195783227682114, 0.07840130478143692, 0.0, 0.0, 0.0, 0.0, 0.014294881373643875, 0.01345204096287489, 0.022646522149443626, 0.048501383513212204, 0.0, 0.1526786834001541, 0.026025202125310898, 0.0, 6.17199475527741e-05, 0.1335298717021942, 0.002826068317517638, 0.0, 0.310595840215683, 0.08448268473148346], [0.0, 0.0, 0.0, 0.0, 0.0, 0.0, 0.0, 0.0, 0.0, 0.0, 0.007370916195213795, 0.0, 3.585928201675415, 1.1565457582473755, 0.9130244255065918, 1.4085021018981934, 0.0, 0.0, 0.0, 0.0, 0.0, 0.0, 0.0, 0.0, 0.0, 0.0, 0.0, 0.0, 11.770352363586426, 3.734617233276367, 0.7544139623641968, 19.5485782623291, 0.16246356070041656, 0.0, 0.0006819103145971894, 0.11825926601886749, 1.3749157190322876, 0.17250235378742218, 0.12969474494457245, 0.3358320891857147, 0.06421784311532974, 0.0, 0.0, 0.0, 46.178009033203125, 9.965923309326172, 12.769566535949707, 25.283031463623047, 0.0, 0.0, 0.1390630304813385, 0.0, 0.0, 0.0, 0.0, 0.0, 0.0, 0.0, 0.0, 0.0, 0.0, 0.0, 0.0, 0.0, 0.0, 0.0, 0.0, 0.0, 0.0, 0.0, 0.0, 0.0, 0.0, 0.0, 0.0, 0.0, 0.0, 0.0, 0.0, 0.05870058014988899, 0.0, 0.0, 0.0, 0.0, 0.0, 0.0, 0.0, 0.0, 0.0, 0.04203846678137779, 0.0, 0.0, 0.0, 0.0, 0.0, 0.0], [3.021604061126709, 4.062084674835205, 1.1491050720214844, 2.3085074424743652, 2.966482639312744, 3.23517107963562, 1.192176342010498, 2.9688520431518555, 3.0059025287628174, 2.9393086433410645, 0.728849470615387, 2.6335196495056152, 2.834216833114624, 4.201743125915527, 1.1257933378219604, 4.111143112182617, 2.236315965652466, 1.8604217767715454, 1.2753931283950806, 2.274193286895752, 1.8969001770019531, 2.171321153640747, 1.5093713998794556, 2.830672025680542, 1.1587480306625366, 1.8576852083206177, 0.8264349699020386, 2.0347468852996826, 3.410151720046997, 3.084256649017334, 1.3718208074569702, 4.967294216156006, 3.9418561458587646, 3.6653778553009033, 16.03668212890625, 3.5464606285095215, 4.704660415649414, 4.139590263366699, 14.323512077331543, 5.292313098907471, 5.193014621734619, 5.479023456573486, 15.353615760803223, 4.719006061553955, 5.1358537673950195, 7.513917922973633, 10.719985961914062, 5.732809543609619, 0.8928066492080688, 1.7200403213500977, 1.4009290933609009, 1.0258066654205322, 0.5104560852050781, 1.896535873413086, 2.0893654823303223, 1.551882028579712, 0.5848106145858765, 1.1907267570495605, 1.1170272827148438, 0.8539848923683167, 0.8707373738288879, 0.9087368845939636, 0.7747396230697632, 1.0632280111312866, 2.2542648315429688, 1.8170464038848877, 3.2073287963867188, 3.1526286602020264, 1.1282322406768799, 2.3050105571746826, 2.5270981788635254, 2.5200095176696777, 2.7250630855560303, 1.4755367040634155, 2.3188812732696533, 1.8992687463760376, 1.5904028415679932, 2.128168821334839, 1.485676646232605, 1.4135935306549072, 0.49179744720458984, 0.49157825112342834, 0.8648189902305603, 0.7375316023826599, 0.4857602119445801, 0.9184411764144897, 1.5886493921279907, 1.7302179336547852, 0.530562698841095, 0.7528566122055054, 1.181779146194458, 0.682498037815094, 0.6552851796150208, 0.8520528078079224, 0.8783931732177734, 1.327985405921936]]
Time 876.7929108142853
