Created graph
[-7.0, -5, -3.0]
[-6.0, -5, -4.0]
[-4.5, -4.0, -3.5]
[-4.75, -4.5, -4.25]
[-4.625, -4.5, -4.375]
[-4.4375, -4.375, -4.3125]
0.1 1 3
Score: 77.22986
Signatures: [[0.12429310381412506, 0.23665224015712738, 0.060899630188941956, 0.08568206429481506, 0.11491873115301132, 0.0, 0.05550704523921013, 0.12070707976818085, 0.0, 0.03410938382148743, 0.06543177366256714, 0.11136482656002045, 1.4370872974395752, 0.6750208139419556, 0.100356824696064, 0.7260781526565552, 0.17986561357975006, 0.16718098521232605, 0.15917178988456726, 0.1570272147655487, 0.2508508265018463, 0.05606725066900253, 0.0, 0.37948504090309143, 0.093758225440979, 0.07124078273773193, 0.06087919697165489, 0.2327781766653061, 9.478229522705078, 3.253486156463623, 0.8222641944885254, 10.145257949829102, 0.2822445333003998, 0.066128671169281, 0.03595574200153351, 0.10166236013174057, 0.45196062326431274, 0.0675743892788887, 0.0, 0.21476398408412933, 0.19017818570137024, 0.0, 0.0, 0.3035103380680084, 5.459938049316406, 1.768092393875122, 0.6692197322845459, 1.383890986442566, 0.0, 0.02997989021241665, 0.06156620755791664, 0.0, 0.1433006376028061, 0.004063879139721394, 0.042581066489219666, 0.10701832920312881, 0.040360163897275925, 0.03076278790831566, 0.033624254167079926, 0.0392565093934536, 0.0, 0.04000149667263031, 0.039345964789390564, 0.030787238851189613, 0.07076982408761978, 0.06437282264232635, 0.15785202383995056, 0.11605828255414963, 0.0, 0.1468038260936737, 0.016326487064361572, 0.10647156834602356, 0.0, 0.01588778756558895, 0.0, 0.14193342626094818, 0.025384463369846344, 0.07693453133106232, 0.014172892086207867, 0.0, 0.0, 0.012561201117932796, 0.040438052266836166, 0.029272837564349174, 0.02201501466333866, 0.04481808468699455, 0.007897993549704552, 0.10568591952323914, 0.030183563008904457, 0.0, 0.022763604298233986, 0.07194554060697556, 0.01451482530683279, 0.0, 0.1244768351316452, 0.065974161028862], [0.0, 0.0, 0.0, 0.0, 0.0, 0.0, 0.0, 0.0, 0.0, 0.0, 0.0, 0.0, 0.865327000617981, 0.18883734941482544, 0.26007726788520813, 0.34410956501960754, 0.0, 0.0, 0.0, 0.0, 0.0, 0.0, 0.0, 0.0, 0.0, 0.0, 0.0, 0.0, 1.9571338891983032, 0.5298931002616882, 0.08454728871583939, 4.501282215118408, 0.0119373993948102, 0.0, 0.170876145362854, 0.028090398758649826, 0.3799404203891754, 0.06831173598766327, 0.2515820860862732, 0.07114435732364655, 0.020301751792430878, 0.018928013741970062, 0.0, 0.0, 14.368159294128418, 2.8011112213134766, 4.291326522827148, 8.051189422607422, 0.0, 0.0, 0.06096653640270233, 0.0, 0.0, 0.0, 0.0, 0.0, 0.0, 0.0, 0.0, 0.0, 0.0, 0.0, 0.0, 0.0, 0.0, 0.0, 0.0, 0.0, 0.0, 0.0, 0.0, 0.0, 0.0, 0.0, 0.0, 0.0, 0.0, 0.0, 0.0, 0.03249640390276909, 0.0, 0.0, 0.0, 0.0, 0.0, 0.0, 0.0, 0.0, 0.0, 0.018706325441598892, 0.0, 0.0, 0.0, 0.005838166922330856, 0.0, 0.0], [1.0753473043441772, 1.4421244859695435, 0.4102960228919983, 0.8307821750640869, 1.064050316810608, 1.2197626829147339, 0.42053496837615967, 1.0740268230438232, 1.1671168804168701, 1.0863316059112549, 0.24641825258731842, 0.9486985802650452, 0.931378185749054, 1.4407974481582642, 0.4000682234764099, 1.4174214601516724, 0.7908618450164795, 0.6463432312011719, 0.44172224402427673, 0.8037871718406677, 0.6717308163642883, 0.7926519513130188, 0.5490232706069946, 0.9721260070800781, 0.4078614413738251, 0.6665042042732239, 0.29573675990104675, 0.6971241235733032, 0.5165140628814697, 0.8759257197380066, 0.4156891703605652, 0.9841706156730652, 1.395509123802185, 1.3187754154205322, 5.992483615875244, 1.3203541040420532, 1.6330451965332031, 1.4838764667510986, 5.184715270996094, 1.8938883543014526, 1.873969316482544, 2.091845750808716, 5.689094066619873, 1.6769545078277588, 1.3097591400146484, 2.5547170639038086, 3.8101890087127686, 2.0053482055664062, 0.3462508022785187, 0.6190266013145447, 0.48942968249320984, 0.37518665194511414, 0.1688089519739151, 0.7052326202392578, 0.7531645894050598, 0.5548689365386963, 0.2049616426229477, 0.43407583236694336, 0.403117835521698, 0.296638548374176, 0.33294424414634705, 0.3190699517726898, 0.2714482843875885, 0.39284494519233704, 0.8157297968864441, 0.6639276146888733, 1.1247968673706055, 1.1130226850509644, 0.4214772880077362, 0.8472421765327454, 0.9468152523040771, 0.9203805327415466, 1.062809944152832, 0.5532741546630859, 0.8865509033203125, 0.6822460889816284, 0.6032662391662598, 0.7783082127571106, 0.5687697529792786, 0.5171517133712769, 0.1768740564584732, 0.17834337055683136, 0.3026726543903351, 0.2528165578842163, 0.1744459718465805, 0.3204766809940338, 0.5947760939598083, 0.6080383658409119, 0.18304626643657684, 0.2699793577194214, 0.4315558969974518, 0.22973622381687164, 0.23774759471416473, 0.3194817006587982, 0.2951618731021881, 0.46113401651382446]]
Time 1332.3248009681702
