Created graph
[-11.0, -9, -7.0]
[-8.0, -7.0, -6.0]
[-6.5, -6.0, -5.5]
[-5.75, -5.5, -5.25]
[-5.625, -5.5, -5.375]
[-5.5625, -5.5, -5.4375]
0.1 100000000 3
Score: 177.6788
Signatures: [[0.3460563123226166, 0.6868946552276611, 0.0, 0.0, 0.29090479016304016, 0.580775797367096, 0.24575446546077728, 0.0, 0.19870352745056152, 0.17372369766235352, 0.24038061499595642, 0.5669248104095459, 0.4044898748397827, 0.4138956367969513, 0.4357709586620331, 0.4761861562728882, 0.48513081669807434, 0.2691360116004944, 0.29269084334373474, 0.3750155568122864, 0.26870474219322205, 0.3639010488986969, 0.17483016848564148, 0.4727671146392822, 0.17338041961193085, 0.26659834384918213, 0.0404936820268631, 0.8411365747451782, 1.8542091846466064, 0.6830559968948364, 0.22755052149295807, 2.3443357944488525, 0.3932059705257416, 0.5318184494972229, 1.4595495462417603, 0.15269359946250916, 0.8802422285079956, 0.4017108678817749, 1.4187638759613037, 0.5984970927238464, 0.9664621949195862, 0.4669730067253113, 1.8152227401733398, 0.43321388959884644, 3.138193368911743, 1.5446914434432983, 2.0325777530670166, 2.0304017066955566, 0.21437211334705353, 0.25014233589172363, 0.07846927642822266, 0.02012459747493267, 0.042682748287916183, 0.5219454765319824, 0.08722023665904999, 0.15912021696567535, 0.03770025819540024, 0.032746583223342896, 0.43774330615997314, 0.11220302432775497, 0.05756250396370888, 0.20721010863780975, 0.20116831362247467, 0.3105877935886383, 0.30982086062431335, 0.0940476581454277, 0.3336266577243805, 0.793536365032196, 0.20523588359355927, 0.5732774138450623, 0.21657612919807434, 0.14407895505428314, 0.4090847373008728, 0.12968726456165314, 0.17071470618247986, 0.1748465895652771, 0.3390609920024872, 0.13636499643325806, 0.38642674684524536, 0.18813301622867584, 0.0, 0.0, 0.0, 0.0, 0.2346080094575882, 0.057907432317733765, 0.3241383731365204, 0.24925662577152252, 0.0, 0.0, 0.18258042633533478, 0.0, 0.0, 0.07392191141843796, 0.01737075485289097, 0.18920503556728363], [0.4456992745399475, 0.2339099794626236, 0.3151401877403259, 0.4526712894439697, 0.38170158863067627, 0.20628607273101807, 0.0, 0.748523473739624, 0.40571877360343933, 0.44793540239334106, 0.04850327596068382, 0.37245258688926697, 0.7478834390640259, 0.6638510823249817, 0.34292614459991455, 0.6245759725570679, 0.4311511516571045, 0.34146466851234436, 0.308545857667923, 0.18945133686065674, 0.2269173264503479, 0.05805818736553192, 0.15647777915000916, 0.39075642824172974, 0.18086238205432892, 0.024916741997003555, 0.35572195053100586, 0.0, 1.6285319328308105, 1.3243296146392822, 0.4077470898628235, 2.5583038330078125, 0.6244162917137146, 0.3667628765106201, 2.131969451904297, 0.28209176659584045, 0.5175243020057678, 0.5945835113525391, 1.7405145168304443, 0.7282756567001343, 0.7186145186424255, 0.5038874745368958, 1.5519311428070068, 0.795886218547821, 3.265535354614258, 1.4896113872528076, 1.7679376602172852, 2.001373529434204, 0.16107676923274994, 0.13939952850341797, 0.36609768867492676, 0.22905480861663818, 0.12754708528518677, 0.17909428477287292, 0.49240270256996155, 0.12098713964223862, 0.05879554897546768, 0.0, 0.11474926769733429, 0.14851221442222595, 0.09841226786375046, 0.019934745505452156, 0.16124826669692993, 0.06569484621286392, 0.12883597612380981, 0.35922738909721375, 0.2242746204137802, 0.4185609817504883, 0.0, 0.08771535754203796, 0.2828952372074127, 0.4120495021343231, 0.0, 0.37688738107681274, 0.0982896164059639, 0.014299982227385044, 0.3091353476047516, 0.296024888753891, 0.042672961950302124, 0.2882177531719208, 0.162326842546463, 0.1907380372285843, 0.2746511697769165, 0.27925288677215576, 0.0, 0.0, 0.009245535358786583, 0.2625066936016083, 0.4246906638145447, 0.10397468507289886, 0.0, 0.13777458667755127, 0.0, 0.16588391363620758, 0.29678627848625183, 0.11074468493461609], [0.38916969299316406, 0.5210920572280884, 0.1531907469034195, 0.5206313133239746, 0.27287811040878296, 0.2904450595378876, 0.31171298027038574, 0.3975661098957062, 0.4627382457256317, 0.35636988282203674, 0.16087311506271362, 0.05436960980296135, 0.6870330572128296, 0.7933616638183594, 0.03954865783452988, 0.7638905644416809, 0.042357176542282104, 0.1576780080795288, 0.0, 0.24114125967025757, 0.17492081224918365, 0.3376862406730652, 0.28290876746177673, 0.18381935358047485, 0.19510258734226227, 0.6199871301651001, 0.07697871327400208, 0.1772920936346054, 1.4897849559783936, 0.4972342848777771, 0.16511231660842896, 2.331660747528076, 0.46736207604408264, 0.5831568241119385, 1.7064080238342285, 0.8130066394805908, 0.5328177809715271, 0.46819233894348145, 1.5478898286819458, 0.48270541429519653, 0.20951178669929504, 0.6608536839485168, 1.6808007955551147, 0.384215772151947, 3.0677764415740967, 1.331893801689148, 1.694623351097107, 1.8338576555252075, 0.12346504628658295, 0.22111499309539795, 0.1816777139902115, 0.2630389332771301, 0.1078357994556427, 0.009131754748523235, 0.254098117351532, 0.23492741584777832, 0.2614956200122833, 0.536342978477478, 0.09766197204589844, 0.1889009028673172, 0.16648875176906586, 0.23302264511585236, 0.010903951711952686, 0.0775575041770935, 0.3717626631259918, 0.48568058013916016, 0.7332479953765869, 0.08550111949443817, 0.2717495262622833, 0.24736016988754272, 0.44122615456581116, 0.24622400104999542, 0.4784936010837555, 0.16534925997257233, 0.4832436740398407, 0.6010950803756714, 0.0, 0.23205497860908508, 0.037062473595142365, 0.0877745971083641, 0.1299934685230255, 0.28974610567092896, 0.13741131126880646, 0.27898743748664856, 0.0, 0.45490673184394836, 0.31491541862487793, 0.2114781141281128, 0.04252716526389122, 0.31841158866882324, 0.563374936580658, 0.25269708037376404, 0.5668216347694397, 0.09484100341796875, 0.21366605162620544, 0.27535948157310486]]
Time 821.5070974826813
