Created graph
[-7.0, -5, -3.0]
[-6.0, -5, -4.0]
[-4.5, -4.0, -3.5]
[-4.25, -4.0, -3.75]
[-3.875, -3.75, -3.625]
[-3.9375, -3.875, -3.8125]
0.1 100000 4
Score: 72.68223
Signatures: [[2.011431932449341, 2.7670466899871826, 0.8475760221481323, 1.5132468938827515, 1.999266505241394, 1.7922450304031372, 0.7957225441932678, 1.9384570121765137, 1.0310636758804321, 1.7317790985107422, 0.38903772830963135, 2.23626971244812, 3.3670237064361572, 3.7804837226867676, 0.5965037941932678, 4.243365287780762, 2.016756296157837, 1.2941601276397705, 1.458055019378662, 2.177814483642578, 1.9263719320297241, 1.6019967794418335, 0.47056445479393005, 2.8388524055480957, 0.8639799952507019, 1.6889865398406982, 0.805134654045105, 2.023796796798706, 11.991514205932617, 6.6088128089904785, 1.5606260299682617, 16.09004783630371, 2.4188573360443115, 1.4658797979354858, 2.7603354454040527, 1.9037872552871704, 2.869884729385376, 1.6526994705200195, 2.06265926361084, 3.35646390914917, 2.181854486465454, 1.2905635833740234, 1.1407915353775024, 3.0525689125061035, 12.998698234558105, 7.070148468017578, 5.283046245574951, 7.451146125793457, 0.38009244203567505, 0.693233847618103, 0.7241905927658081, 0.27180877327919006, 0.5780330300331116, 1.139222264289856, 1.1904704570770264, 1.416898488998413, 0.38170474767684937, 0.6501667499542236, 0.5975146293640137, 0.5776363015174866, 0.3419555723667145, 0.4714727997779846, 0.4007376730442047, 0.7766255736351013, 1.1021286249160767, 0.9470757246017456, 1.0809084177017212, 1.508286476135254, 0.4902619421482086, 1.4140797853469849, 1.1565998792648315, 1.6047073602676392, 0.8224891424179077, 0.7831504940986633, 0.318276584148407, 1.3956505060195923, 0.7085190415382385, 0.9131853580474854, 0.36201000213623047, 0.4890224039554596, 0.09498278051614761, 0.3631388545036316, 0.6750482320785522, 0.3571443557739258, 0.2716408967971802, 0.5790274143218994, 0.7589036822319031, 1.096174716949463, 0.23974229395389557, 0.4249218702316284, 0.7184243202209473, 0.4852077066898346, 0.47719666361808777, 0.5120681524276733, 0.6493379473686218, 0.7011159062385559], [2.36541748046875, 3.211238384246826, 0.8831200003623962, 1.8093122243881226, 2.3107011318206787, 2.601766586303711, 0.9372561573982239, 2.3449792861938477, 2.605663299560547, 2.338128089904785, 0.6220682263374329, 1.9315558671951294, 2.1005423069000244, 3.28383469581604, 0.9594194293022156, 3.034268379211426, 1.6741187572479248, 1.4796966314315796, 0.8970788717269897, 1.6248162984848022, 1.3758158683776855, 1.6396353244781494, 1.3371795415878296, 2.0790460109710693, 0.9042994379997253, 1.3150213956832886, 0.5881767272949219, 1.491831660270691, 1.2186379432678223, 1.6975373029708862, 1.0125038623809814, 1.7471094131469727, 3.2764909267425537, 3.1554622650146484, 14.882288932800293, 2.932990074157715, 3.9438211917877197, 3.6052894592285156, 13.45341682434082, 4.335244178771973, 4.5169830322265625, 4.945387840270996, 14.76396369934082, 3.8497891426086426, 2.8179428577423096, 5.8936591148376465, 9.38198184967041, 4.239335060119629, 0.750610888004303, 1.4714126586914062, 1.1986514329910278, 0.9220110177993774, 0.3570427894592285, 1.5001424551010132, 1.6771506071090698, 1.1240754127502441, 0.4667843282222748, 0.9671251773834229, 0.9115051031112671, 0.6704334616661072, 0.7407252788543701, 0.7582573294639587, 0.6460593938827515, 0.7914177179336548, 1.8889274597167969, 1.4886709451675415, 2.845937728881836, 2.6636366844177246, 0.9562928080558777, 1.8957123756408691, 2.1105799674987793, 1.9890397787094116, 2.396226644515991, 1.2072340250015259, 2.161609411239624, 1.5027859210968018, 1.3357110023498535, 1.8059395551681519, 1.3310253620147705, 1.2424489259719849, 0.4549872577190399, 0.36929985880851746, 0.6463994979858398, 0.61659836769104, 0.39286327362060547, 0.7372313737869263, 1.3151658773422241, 1.385955572128296, 0.4496963620185852, 0.6202581524848938, 0.9377432465553284, 0.5423868894577026, 0.4959361255168915, 0.6742157340049744, 0.7112090587615967, 1.1087640523910522], [0.0, 0.0, 0.0, 0.0, 0.0, 0.0, 0.0, 0.0, 0.0, 0.0, 0.0, 0.0, 3.935842990875244, 0.9655211567878723, 0.7591919898986816, 1.4327589273452759, 0.0, 0.0, 0.0, 0.0, 0.0, 0.0, 0.0, 0.0, 0.0, 0.0, 0.0, 0.0, 13.653167724609375, 4.319874286651611, 0.7697768211364746, 22.34198570251465, 0.010290568694472313, 0.0, 0.0, 0.0, 1.2527499198913574, 0.026242196559906006, 0.2024979144334793, 0.018852895125746727, 0.012518513947725296, 0.0, 0.0, 0.0, 48.3254508972168, 9.996273040771484, 12.724790573120117, 25.087257385253906, 0.0, 0.0, 0.11308804899454117, 0.0, 0.0, 0.0, 0.0, 0.0, 0.0, 0.0, 0.0, 0.0, 0.0, 0.0, 0.0, 0.0, 0.0, 0.0, 0.0, 0.0, 0.0, 0.0, 0.0, 0.0, 0.0, 0.0, 0.0, 0.0, 0.0, 0.0, 0.0, 0.01888398267328739, 0.0, 0.0, 0.0, 0.0, 0.0, 0.0, 0.0, 0.0, 0.0, 0.0, 0.0, 0.0, 0.0, 0.0, 0.0, 0.0], [0.0, 0.0, 0.0, 0.0, 0.0, 0.0, 0.0, 0.0, 0.0, 0.0, 0.08470924943685532, 0.0, 4.046290397644043, 0.9258122444152832, 0.51689213514328, 1.0594266653060913, 0.0, 0.06990952044725418, 0.0012650933349505067, 0.0, 0.1708029955625534, 0.0, 0.0, 0.25019708275794983, 0.04446346312761307, 0.0, 0.0, 0.0, 25.53157615661621, 7.994161128997803, 2.0854430198669434, 30.131711959838867, 0.19381093978881836, 0.0, 0.23286834359169006, 0.0, 0.9374246001243591, 0.0, 0.0, 0.0, 0.000774962012656033, 0.0, 0.02450406178832054, 0.01639193668961525, 28.187528610229492, 6.1074347496032715, 5.833275318145752, 11.795233726501465, 0.0, 0.0, 0.09642968326807022, 0.0, 0.30182695388793945, 0.0, 0.0, 0.0, 0.020762097090482712, 0.0, 0.0, 0.0, 0.0, 0.0, 0.0, 0.0, 0.0, 0.0, 0.20186711847782135, 0.0, 0.0, 0.029213905334472656, 0.0, 0.0, 0.0, 0.0, 0.0, 0.0, 0.0, 0.0, 0.0, 0.0, 0.0, 0.0, 0.0, 0.0, 0.0, 0.0, 0.0, 0.0, 0.00037938321474939585, 0.0, 0.0, 0.0466034933924675, 0.0, 0.0, 0.1728881299495697, 0.0]]
Time 920.0065894126892
