Created graph
[-7.0, -5, -3.0]
[-4.0, -3.0, -2.0]
[-4.5, -4.0, -3.5]
[-4.75, -4.5, -4.25]
[-4.625, -4.5, -4.375]
[-4.4375, -4.375, -4.3125]
0.1 1000 4
Score: 73.728714
Signatures: [[1.2439548969268799, 1.6101462841033936, 0.48703980445861816, 0.8944645524024963, 1.135202407836914, 1.1819136142730713, 0.4003699719905853, 0.946945071220398, 0.6470310688018799, 1.00887131690979, 0.24392180144786835, 1.134690523147583, 1.0504422187805176, 2.1754026412963867, 0.30462124943733215, 2.0056560039520264, 1.0610133409500122, 0.9213351011276245, 0.7808105945587158, 1.2547039985656738, 1.1181341409683228, 1.002408742904663, 0.404689222574234, 1.6912938356399536, 0.5385413765907288, 0.916481614112854, 0.4432315230369568, 1.2424895763397217, 3.197303295135498, 2.6132209300994873, 0.5939017534255981, 5.066033363342285, 1.2958598136901855, 0.9449590444564819, 0.7043753266334534, 0.8940452933311462, 1.4152237176895142, 0.9048252701759338, 0.22042959928512573, 1.567142128944397, 0.9660834670066833, 0.2746502161026001, 0.0, 1.3730762004852295, 1.6837974786758423, 2.967984199523926, 1.201690435409546, 0.6836498975753784, 0.22695153951644897, 0.4382713735103607, 0.35220593214035034, 0.16451521217823029, 0.3083246052265167, 0.6810178756713867, 0.7760987877845764, 0.820362389087677, 0.25809070467948914, 0.34394145011901855, 0.36755892634391785, 0.32327160239219666, 0.21345670521259308, 0.2953389585018158, 0.27506956458091736, 0.42552801966667175, 0.54207444190979, 0.5671365857124329, 0.6525726318359375, 0.9261955618858337, 0.25659337639808655, 0.5774044990539551, 0.7275227904319763, 0.834143340587616, 0.14056460559368134, 0.39968642592430115, 0.0, 0.7108192443847656, 0.1982310563325882, 0.46330058574676514, 0.09465436637401581, 0.2555413842201233, 0.09502218663692474, 0.23620465397834778, 0.42275771498680115, 0.2649633586406708, 0.16925016045570374, 0.36191174387931824, 0.6004586815834045, 0.6879621744155884, 0.1983719766139984, 0.3003963232040405, 0.4097749590873718, 0.3200027346611023, 0.24217794835567474, 0.20148879289627075, 0.45386263728141785, 0.4424622654914856], [0.575533390045166, 0.8176354765892029, 0.21227885782718658, 0.4813552796840668, 0.6311090588569641, 0.7115127444267273, 0.2729209065437317, 0.7374928593635559, 0.9572805762290955, 0.6772177815437317, 0.16682125627994537, 0.49130910634994507, 0.6874030828475952, 0.6676603555679321, 0.30152368545532227, 0.6872636675834656, 0.3814983665943146, 0.31515488028526306, 0.13701045513153076, 0.29096904397010803, 0.21497000753879547, 0.35160180926322937, 0.3940390646457672, 0.33259809017181396, 0.20472469925880432, 0.2643526792526245, 0.11510579288005829, 0.21538880467414856, 0.006773821078240871, 0.06920196115970612, 0.2605848014354706, 0.0, 0.9603541493415833, 0.9832224249839783, 6.460931777954102, 1.0351532697677612, 1.1980845928192139, 1.2111546993255615, 5.684206008911133, 1.3615539073944092, 1.6633838415145874, 2.2093493938446045, 6.41356897354126, 1.2754162549972534, 1.0925852060317993, 1.5777583122253418, 3.610426664352417, 1.942301630973816, 0.2563572824001312, 0.4680081605911255, 0.3786768317222595, 0.33255261182785034, 0.05846242979168892, 0.41631877422332764, 0.4270883798599243, 0.22771646082401276, 0.10564368218183517, 0.31362608075141907, 0.2582811415195465, 0.17183731496334076, 0.2515788674354553, 0.21414847671985626, 0.17034484446048737, 0.2058936357498169, 0.6537564396858215, 0.4474957585334778, 0.9722456336021423, 0.8003625869750977, 0.33995217084884644, 0.7175621390342712, 0.6466967463493347, 0.623320460319519, 1.144689679145813, 0.40244537591934204, 1.0097078084945679, 0.42533761262893677, 0.5906718373298645, 0.6736374497413635, 0.6005185842514038, 0.4487527310848236, 0.14688333868980408, 0.07381325215101242, 0.1302226483821869, 0.15199653804302216, 0.11481060832738876, 0.17960849404335022, 0.346280038356781, 0.3485601842403412, 0.11220832914113998, 0.15070509910583496, 0.2703772187232971, 0.11409055441617966, 0.13947801291942596, 0.24273769557476044, 0.14774289727210999, 0.3068290948867798], [0.0, 0.0, 0.0, 0.0, 0.0, 0.0, 0.0, 0.0, 0.0, 0.0, 0.013410110957920551, 0.0, 0.9487673044204712, 0.4382856488227844, 0.28359854221343994, 0.5814114809036255, 0.0, 0.0, 0.0, 0.0, 0.0, 0.0, 0.0, 0.0, 0.0018117442959919572, 0.0, 0.0, 0.0, 1.993525505065918, 0.8704643249511719, 0.08109323680400848, 5.119136333465576, 0.07078975439071655, 0.0, 0.0, 0.020537788048386574, 0.5187947154045105, 0.06332477182149887, 0.11762314289808273, 0.09606851637363434, 0.06820107996463776, 0.02801881730556488, 0.0, 0.018753506243228912, 15.133232116699219, 3.4107730388641357, 4.423391819000244, 8.060582160949707, 0.0, 0.0, 0.0786401629447937, 0.0, 0.0, 0.0, 0.0, 0.0, 0.0, 0.0, 0.0, 0.0, 0.0, 0.0, 0.0, 0.0, 0.0, 0.0, 0.0, 0.0, 0.0, 0.0, 0.0, 0.0, 0.0, 0.0, 0.0, 0.0, 0.0, 0.0, 0.0, 0.02099703438580036, 0.0, 0.0, 0.0, 0.0, 0.0, 0.0, 0.0, 0.0, 0.0, 0.0, 0.0, 0.0, 0.0, 0.0, 0.0, 0.0], [0.0, 0.0, 0.0, 0.0, 0.0, 0.0, 0.0, 0.0, 0.0, 0.0, 0.0, 0.0, 1.3688561916351318, 0.0, 0.05774170160293579, 0.07335660606622696, 0.0, 0.0, 0.0, 0.0, 0.0, 0.0, 0.0, 0.0, 0.0, 0.0, 0.0, 0.0, 9.698811531066895, 2.54986572265625, 0.77693772315979, 9.596214294433594, 0.0, 0.0, 0.4600043296813965, 0.0, 0.08962981402873993, 0.0, 0.4096754491329193, 0.0, 0.0, 0.0, 0.4493487477302551, 0.0, 6.643975734710693, 0.9399774670600891, 1.1055598258972168, 2.6036882400512695, 0.0, 0.0, 0.0, 0.0, 0.06134830415248871, 0.0, 0.0, 0.0, 0.0, 0.0, 0.0, 0.0, 0.0, 0.0, 0.0, 0.0, 0.0, 0.0, 0.043038129806518555, 0.0, 0.0, 0.024715706706047058, 0.0, 0.0, 0.0, 0.0, 0.0323617160320282, 0.0, 0.009278234094381332, 0.0, 0.022438565269112587, 0.0, 0.0, 0.0, 0.0, 0.0, 0.0, 0.0, 0.0, 0.0, 0.0, 0.0, 0.0, 0.0, 0.0, 0.0, 0.0, 0.0]]
Time 908.3663787841797
