Created graph
[-7.0, -5, -3.0]
[-4.0, -3.0, -2.0]
[-4.5, -4.0, -3.5]
[-4.75, -4.5, -4.25]
[-4.625, -4.5, -4.375]
[-4.4375, -4.375, -4.3125]
0.1 1000 3
Score: 76.71114
Signatures: [[0.13244900107383728, 0.2523115575313568, 0.06572210043668747, 0.09094581007957458, 0.12088130414485931, 0.0, 0.058091145008802414, 0.12680920958518982, 0.0, 0.03419623523950577, 0.06971728801727295, 0.11684460192918777, 1.540414571762085, 0.7204286456108093, 0.11239767074584961, 0.7864893078804016, 0.19107571244239807, 0.17902202904224396, 0.1716424822807312, 0.16711658239364624, 0.2695770859718323, 0.05993668735027313, 0.0, 0.4064091444015503, 0.09929414838552475, 0.07501962780952454, 0.06501972675323486, 0.2497730255126953, 10.029918670654297, 3.4547622203826904, 0.869337797164917, 10.821755409240723, 0.29940667748451233, 0.06720179319381714, 0.05126652494072914, 0.10778231173753738, 0.49917104840278625, 0.07293424010276794, 0.0, 0.22968241572380066, 0.20125213265419006, 0.0, 0.0, 0.3226291239261627, 6.134156703948975, 1.9461427927017212, 0.8500705361366272, 1.6891213655471802, 0.0, 0.03023538924753666, 0.06838982552289963, 0.0, 0.15442132949829102, 0.0035087228752672672, 0.04320041090250015, 0.11584289371967316, 0.04259781911969185, 0.030872004106640816, 0.03514403477311134, 0.041532598435878754, 0.0, 0.04188859090209007, 0.041415970772504807, 0.03302132710814476, 0.07537715137004852, 0.068376325070858, 0.16787371039390564, 0.12016535550355911, 0.0, 0.15793082118034363, 0.01648164540529251, 0.11538614332675934, 0.0, 0.016941433772444725, 0.0, 0.15083502233028412, 0.02640831284224987, 0.08282962441444397, 0.014564522542059422, 0.0, 0.0, 0.013369285501539707, 0.04283018037676811, 0.03087504394352436, 0.023537784814834595, 0.04765232279896736, 0.007420525886118412, 0.11359716951847076, 0.03225180506706238, 0.0, 0.02390936017036438, 0.07780518382787704, 0.014789341017603874, 0.0, 0.13330575823783875, 0.07039429247379303], [0.0, 0.0, 0.0, 0.0, 0.0, 0.0, 0.0, 0.0, 0.0, 0.0, 0.0, 0.0, 0.9546200037002563, 0.2092761993408203, 0.27822330594062805, 0.37004154920578003, 0.0, 0.0, 0.0, 0.0, 0.0, 0.0, 0.0, 0.0, 0.0, 0.0, 0.0, 0.0, 2.319370985031128, 0.6363704204559326, 0.10711798816919327, 5.053444862365723, 0.012408753857016563, 0.0, 0.15347793698310852, 0.0279864352196455, 0.39889445900917053, 0.06754619628190994, 0.24929848313331604, 0.07196060568094254, 0.01864778995513916, 0.01464445237070322, 0.0, 0.0, 15.438170433044434, 3.0187900066375732, 4.543565273284912, 8.605179786682129, 0.0, 0.0, 0.06265395879745483, 0.0, 0.0, 0.0, 0.0, 0.0, 0.0, 0.0, 0.0, 0.0, 0.0, 0.0, 0.0, 0.0, 0.0, 0.0, 0.0, 0.0, 0.0, 0.0, 0.0, 0.0, 0.0, 0.0, 0.0, 0.0, 0.0, 0.0, 0.0, 0.03312939777970314, 0.0, 0.0, 0.0, 0.0, 0.0, 0.0, 0.0, 0.0, 0.0, 0.019185077399015427, 0.0, 0.0, 0.0, 0.0051467944867908955, 0.0, 0.0], [1.1190797090530396, 1.5006039142608643, 0.4263037145137787, 0.86415034532547, 1.1070741415023804, 1.2659908533096313, 0.43827661871910095, 1.117470145225525, 1.208740472793579, 1.1295464038848877, 0.25751861929893494, 0.9874183535575867, 0.9729084372520447, 1.504022240638733, 0.41693437099456787, 1.4774600267410278, 0.8236469626426697, 0.6724855899810791, 0.4592423439025879, 0.8363206386566162, 0.6977735757827759, 0.823865532875061, 0.5714313983917236, 1.012439250946045, 0.42511892318725586, 0.6936593651771545, 0.3073756992816925, 0.7253584861755371, 0.5670892000198364, 0.9197633266448975, 0.43693289160728455, 1.0540077686309814, 1.455130696296692, 1.3741893768310547, 6.229908466339111, 1.372071385383606, 1.7030189037322998, 1.54660964012146, 5.404012203216553, 1.9735215902328491, 1.9515961408615112, 2.1720526218414307, 5.916358947753906, 1.7463998794555664, 1.3794203996658325, 2.6645667552948, 3.9682626724243164, 2.080300807952881, 0.35865893959999084, 0.6449998021125793, 0.5108465552330017, 0.39045819640159607, 0.17552587389945984, 0.7330613732337952, 0.7846262454986572, 0.5758429765701294, 0.21369707584381104, 0.45199862122535706, 0.4195650815963745, 0.30926209688186646, 0.3452117145061493, 0.33278557658195496, 0.28276631236076355, 0.40726837515830994, 0.8482837677001953, 0.6896932721138, 1.1720497608184814, 1.1605596542358398, 0.4377990961074829, 0.8789069652557373, 0.9833492636680603, 0.9548973441123962, 1.100885033607483, 0.5742040872573853, 0.9197640419006348, 0.7093483209609985, 0.6259299516677856, 0.8076332807540894, 0.5896143317222595, 0.538529634475708, 0.1842213273048401, 0.1853712797164917, 0.3150089383125305, 0.26365914940834045, 0.18122288584709167, 0.33368510007858276, 0.61773681640625, 0.6320804357528687, 0.19052256643772125, 0.2814611494541168, 0.448728084564209, 0.23896895349025726, 0.2474616914987564, 0.33216363191604614, 0.3080120086669922, 0.480410635471344]]
Time 894.7931413650513
