Created graph
[-7.0, -5, -3.0]
[-4.0, -3.0, -2.0]
[-4.5, -4.0, -3.5]
[-4.75, -4.5, -4.25]
[-4.625, -4.5, -4.375]
[-4.4375, -4.375, -4.3125]
0.1 100 3
Score: 77.17734
Signatures: [[0.12521332502365112, 0.2383796125650406, 0.061426036059856415, 0.0862869918346405, 0.11561420559883118, 0.0, 0.05580879747867584, 0.12142329663038254, 0.0, 0.034193117171525955, 0.06589659303426743, 0.11201082915067673, 1.44797945022583, 0.6798914074897766, 0.10161306709051132, 0.7323494553565979, 0.18109990656375885, 0.16847406327724457, 0.16048775613307953, 0.158159077167511, 0.2528360188007355, 0.05651671811938286, 0.0, 0.3823736310005188, 0.09436660259962082, 0.0717010572552681, 0.06133222579956055, 0.2346036583185196, 9.536911964416504, 3.274646759033203, 0.8272877335548401, 10.216451644897461, 0.2841271162033081, 0.06631110608577728, 0.03775537759065628, 0.1023544892668724, 0.45686355233192444, 0.06822030246257782, 0.0, 0.21636360883712769, 0.191397026181221, 0.0, 0.0, 0.3055938184261322, 5.53029727935791, 1.786698341369629, 0.6877564191818237, 1.4153931140899658, 0.0, 0.03005652129650116, 0.0622701458632946, 0.0, 0.14447103440761566, 0.004030622076243162, 0.042701080441474915, 0.10798364877700806, 0.04060639068484306, 0.030816134065389633, 0.03380875661969185, 0.03951307758688927, 0.0, 0.04022708535194397, 0.03957848623394966, 0.031049225479364395, 0.07128432393074036, 0.06484246999025345, 0.15893127024173737, 0.11656200885772705, 0.0, 0.14799338579177856, 0.016380826011300087, 0.10745205730199814, 0.0, 0.01603202521800995, 0.0, 0.14289754629135132, 0.025510909035801888, 0.07757623493671417, 0.014236669056117535, 0.0, 0.0, 0.012661566957831383, 0.04071595519781113, 0.029464267194271088, 0.02218140847980976, 0.045130547136068344, 0.007884428836405277, 0.10655931383371353, 0.03041406162083149, 0.0, 0.02290862612426281, 0.07256416976451874, 0.014560993760824203, 0.0, 0.12541413307189941, 0.06646321713924408], [0.0, 0.0, 0.0, 0.0, 0.0, 0.0, 0.0, 0.0, 0.0, 0.0, 0.0, 0.0, 0.8744845390319824, 0.1909438669681549, 0.2619802951812744, 0.34690970182418823, 0.0, 0.0, 0.0, 0.0, 0.0, 0.0, 0.0, 0.0, 0.0, 0.0, 0.0, 0.0, 1.9937994480133057, 0.5407609939575195, 0.086837038397789, 4.557627201080322, 0.012010768987238407, 0.0, 0.16923706233501434, 0.028116367757320404, 0.38203203678131104, 0.06827738136053085, 0.25167521834373474, 0.07131759077310562, 0.020191965624690056, 0.018555399030447006, 0.0, 0.0, 14.478985786437988, 2.823664665222168, 4.318002700805664, 8.108707427978516, 0.0, 0.0, 0.06118280440568924, 0.0, 0.0, 0.0, 0.0, 0.0, 0.0, 0.0, 0.0, 0.0, 0.0, 0.0, 0.0, 0.0, 0.0, 0.0, 0.0, 0.0, 0.0, 0.0, 0.0, 0.0, 0.0, 0.0, 0.0, 0.0, 0.0, 0.0, 0.0, 0.032595500349998474, 0.0, 0.0, 0.0, 0.0, 0.0, 0.0, 0.0, 0.0, 0.0, 0.018771475180983543, 0.0, 0.0, 0.0, 0.005780525505542755, 0.0, 0.0], [1.079885721206665, 1.4481825828552246, 0.41195446252822876, 0.8342447876930237, 1.0685203075408936, 1.2246158123016357, 0.4223746061325073, 1.0785325765609741, 1.1714791059494019, 1.090837001800537, 0.24756594002246857, 0.9527120590209961, 0.9355382323265076, 1.4472887516021729, 0.4017898738384247, 1.4235683679580688, 0.7942491173744202, 0.6490492820739746, 0.44354483485221863, 0.8071475625038147, 0.674421489238739, 0.7958997488021851, 0.5513752102851868, 0.9762914776802063, 0.4096486270427704, 0.6693102121353149, 0.2969450056552887, 0.7000505924224854, 0.5210190415382385, 0.8802403211593628, 0.4178220331668854, 0.990339994430542, 1.4016700983047485, 1.3245478868484497, 6.017207622528076, 1.3257267475128174, 1.6402580738067627, 1.4903844594955444, 5.207543849945068, 1.9021416902542114, 1.8820360898971558, 2.100215196609497, 5.7129130363464355, 1.6841678619384766, 1.315194845199585, 2.5658044815063477, 3.826192855834961, 2.012402057647705, 0.34755265712738037, 0.6217215657234192, 0.49163976311683655, 0.37678274512290955, 0.1694943904876709, 0.7081310153007507, 0.7564339637756348, 0.5570390820503235, 0.20586536824703217, 0.43593940138816833, 0.40481916069984436, 0.29794907569885254, 0.3342244625091553, 0.3204895257949829, 0.27262911200523376, 0.39433833956718445, 0.819122314453125, 0.6665920615196228, 1.1297210454940796, 1.1179707050323486, 0.4231896996498108, 0.8505330681800842, 0.950617790222168, 0.9239733219146729, 1.0668115615844727, 0.5554507374763489, 0.8900344371795654, 0.6850678324699402, 0.6056293249130249, 0.7813646197319031, 0.5709556937217712, 0.5193763375282288, 0.17764337360858917, 0.1790749579668045, 0.3039538264274597, 0.2539408206939697, 0.17515350878238678, 0.3218579888343811, 0.597171425819397, 0.6105391383171082, 0.1838221549987793, 0.2711736559867859, 0.4333440661430359, 0.23069429397583008, 0.2387598752975464, 0.3208044767379761, 0.296491414308548, 0.4631427526473999]]
Time 898.9777147769928
