Created graph
0.1 1000
[[inf, 0, 0], [0, 0, 0], [0, 0, 0]]
0.1 100000
[[inf, inf, 0], [0, 0, 0], [0, 0, 0]]
0.1 10000000
[[inf, inf, inf], [0, 0, 0], [0, 0, 0]]
1e-05 1000
[[inf, inf, inf], [92.28504, 0, 0], [0, 0, 0]]
1e-05 100000
[[inf, inf, inf], [92.28504, 99.795364, 0], [0, 0, 0]]
1e-05 10000000
[[inf, inf, inf], [92.28504, 99.795364, 166.40198], [0, 0, 0]]
1e-09 1000
[[inf, inf, inf], [92.28504, 99.795364, 166.40198], [191.02042, 0, 0]]
1e-09 100000
[[inf, inf, inf], [92.28504, 99.795364, 166.40198], [191.02042, 191.23915, 0]]
1e-09 10000000
[[inf, inf, inf], [92.28504, 99.795364, 166.40198], [191.02042, 191.23915, 191.76865]]
[-7.0, -5, -3.0]
[1.0, 3, 5.0]
1e-07 10.0
[[177.33041, 0, 0], [0, 0, 0], [0, 0, 0]]
1e-07 1000
[[177.33041, 177.86974, 0], [0, 0, 0], [0, 0, 0]]
1e-07 100000.0
[[177.33041, 177.86974, 178.44357], [0, 0, 0], [0, 0, 0]]
1e-05 10.0
[[177.33041, 177.86974, 178.44357], [92.79397, 0, 0], [0, 0, 0]]
1e-05 1000
[[177.33041, 177.86974, 178.44357], [92.79397, 93.21842, 0], [0, 0, 0]]
1e-05 100000.0
[[177.33041, 177.86974, 178.44357], [92.79397, 93.21842, 101.15286], [0, 0, 0]]
0.001 10.0
[[177.33041, 177.86974, 178.44357], [92.79397, 93.21842, 101.15286], [92.57747, 0, 0]]
0.001 1000
[[177.33041, 177.86974, 178.44357], [92.79397, 93.21842, 101.15286], [92.57747, 92.72689, 0]]
0.001 100000.0
[[177.33041, 177.86974, 178.44357], [92.79397, 93.21842, 101.15286], [92.57747, 92.72689, 119.10152]]
[-4.0, -3.0, -2.0]
[0.0, 1.0, 2.0]
0.0001 1.0
[[91.89403, 0, 0], [0, 0, 0], [0, 0, 0]]
0.0001 10.0
[[91.89403, 91.92321, 0], [0, 0, 0], [0, 0, 0]]
0.0001 100.0
[[91.89403, 91.92321, 99.13126], [0, 0, 0], [0, 0, 0]]
0.001 1.0
[[91.89403, 91.92321, 99.13126], [92.585884, 0, 0], [0, 0, 0]]
0.001 10.0
[[91.89403, 91.92321, 99.13126], [92.585884, 92.57735, 0], [0, 0, 0]]
0.001 100.0
[[91.89403, 91.92321, 99.13126], [92.585884, 92.57735, 92.62072], [0, 0, 0]]
0.01 1.0
[[91.89403, 91.92321, 99.13126], [92.585884, 92.57735, 92.62072], [197.42593, 0, 0]]
0.01 10.0
[[91.89403, 91.92321, 99.13126], [92.585884, 92.57735, 92.62072], [197.42593, 197.42593, 0]]
0.01 100.0
[[91.89403, 91.92321, 99.13126], [92.585884, 92.57735, 92.62072], [197.42593, 197.42593, 197.42593]]
[-4.5, -4.0, -3.5]
[-0.5, 0.0, 0.5]
3.1622776601683795e-05 0.31622776601683794
[[92.34752, 0, 0], [0, 0, 0], [0, 0, 0]]
3.1622776601683795e-05 1.0
[[92.34752, 94.6868, 0], [0, 0, 0], [0, 0, 0]]
3.1622776601683795e-05 3.1622776601683795
[[92.34752, 94.6868, 95.77277], [0, 0, 0], [0, 0, 0]]
0.0001 0.31622776601683794
[[92.34752, 94.6868, 95.77277], [91.70297, 0, 0], [0, 0, 0]]
0.0001 1.0
[[92.34752, 94.6868, 95.77277], [91.70297, 91.60801, 0], [0, 0, 0]]
0.0001 3.1622776601683795
[[92.34752, 94.6868, 95.77277], [91.70297, 91.60801, 91.270874], [0, 0, 0]]
0.00031622776601683794 0.31622776601683794
[[92.34752, 94.6868, 95.77277], [91.70297, 91.60801, 91.270874], [92.27751, 0, 0]]
0.00031622776601683794 1.0
[[92.34752, 94.6868, 95.77277], [91.70297, 91.60801, 91.270874], [92.27751, 92.5133, 0]]
0.00031622776601683794 3.1622776601683795
[[92.34752, 94.6868, 95.77277], [91.70297, 91.60801, 91.270874], [92.27751, 92.5133, 92.26792]]
[-4.25, -4.0, -3.75]
[0.25, 0.5, 0.75]
5.623413251903491e-05 1.7782794100389228
[[93.661415, 0, 0], [0, 0, 0], [0, 0, 0]]
5.623413251903491e-05 3.1622776601683795
[[93.661415, 92.075645, 0], [0, 0, 0], [0, 0, 0]]
5.623413251903491e-05 5.623413251903491
[[93.661415, 92.075645, 91.76786], [0, 0, 0], [0, 0, 0]]
0.0001 1.7782794100389228
[[93.661415, 92.075645, 91.76786], [91.696945, 0, 0], [0, 0, 0]]
0.0001 3.1622776601683795
[[93.661415, 92.075645, 91.76786], [91.696945, 91.79195, 0], [0, 0, 0]]
0.0001 5.623413251903491
[[93.661415, 92.075645, 91.76786], [91.696945, 91.79195, 102.93757], [0, 0, 0]]
0.00017782794100389227 1.7782794100389228
[[93.661415, 92.075645, 91.76786], [91.696945, 91.79195, 102.93757], [91.63631, 0, 0]]
0.00017782794100389227 3.1622776601683795
[[93.661415, 92.075645, 91.76786], [91.696945, 91.79195, 102.93757], [91.63631, 91.93802, 0]]
0.00017782794100389227 5.623413251903491
[[93.661415, 92.075645, 91.76786], [91.696945, 91.79195, 102.93757], [91.63631, 91.93802, 91.19164]]
[-3.875, -3.75, -3.625]
[0.625, 0.75, 0.875]
0.0001333521432163324 4.216965034285822
[[92.24618, 0, 0], [0, 0, 0], [0, 0, 0]]
0.0001333521432163324 5.623413251903491
[[92.24618, 92.162994, 0], [0, 0, 0], [0, 0, 0]]
0.0001333521432163324 7.498942093324558
[[92.24618, 92.162994, 91.96172], [0, 0, 0], [0, 0, 0]]
0.00017782794100389227 4.216965034285822
[[92.24618, 92.162994, 91.96172], [91.157364, 0, 0], [0, 0, 0]]
0.00017782794100389227 5.623413251903491
[[92.24618, 92.162994, 91.96172], [91.157364, 91.741844, 0], [0, 0, 0]]
0.00017782794100389227 7.498942093324558
[[92.24618, 92.162994, 91.96172], [91.157364, 91.741844, 92.26993], [0, 0, 0]]
0.00023713737056616554 4.216965034285822
[[92.24618, 92.162994, 91.96172], [91.157364, 91.741844, 92.26993], [91.932495, 0, 0]]
0.00023713737056616554 5.623413251903491
[[92.24618, 92.162994, 91.96172], [91.157364, 91.741844, 92.26993], [91.932495, 91.68034, 0]]
0.00023713737056616554 7.498942093324558
[[92.24618, 92.162994, 91.96172], [91.157364, 91.741844, 92.26993], [91.932495, 91.68034, 91.84834]]
[-3.8125, -3.75, -3.6875]
[0.5625, 0.625, 0.6875]
4 25
Score: 91.157364
0.00017782794100389227 4.216965034285822
Time 10918.859497308731
