Created graph
0.1 1000
[[inf, 0, 0], [0, 0, 0], [0, 0, 0]]
0.1 100000
[[inf, 1.1208988e+19, 0], [0, 0, 0], [0, 0, 0]]
0.1 10000000
[[inf, 1.1208988e+19, 9.407722e+18], [0, 0, 0], [0, 0, 0]]
1e-05 1000
[[inf, 1.1208988e+19, 9.407722e+18], [100.055695, 0, 0], [0, 0, 0]]
1e-05 100000
[[inf, 1.1208988e+19, 9.407722e+18], [100.055695, 108.83022, 0], [0, 0, 0]]
1e-05 10000000
[[inf, 1.1208988e+19, 9.407722e+18], [100.055695, 108.83022, 224.2689], [0, 0, 0]]
1e-09 1000
[[inf, 1.1208988e+19, 9.407722e+18], [100.055695, 108.83022, 224.2689], [256.76862, 0, 0]]
1e-09 100000
[[inf, 1.1208988e+19, 9.407722e+18], [100.055695, 108.83022, 224.2689], [256.76862, 257.38452, 0]]
1e-09 10000000
[[inf, 1.1208988e+19, 9.407722e+18], [100.055695, 108.83022, 224.2689], [256.76862, 257.38452, 256.93378]]
[-7.0, -5, -3.0]
[1.0, 3, 5.0]
1e-07 10.0
[[244.40155, 0, 0], [0, 0, 0], [0, 0, 0]]
1e-07 1000
[[244.40155, 245.26822, 0], [0, 0, 0], [0, 0, 0]]
1e-07 100000.0
[[244.40155, 245.26822, 247.23381], [0, 0, 0], [0, 0, 0]]
1e-05 10.0
[[244.40155, 245.26822, 247.23381], [102.03138, 0, 0], [0, 0, 0]]
1e-05 1000
[[244.40155, 245.26822, 247.23381], [102.03138, 100.44043, 0], [0, 0, 0]]
1e-05 100000.0
[[244.40155, 245.26822, 247.23381], [102.03138, 100.44043, 110.37211], [0, 0, 0]]
0.001 10.0
[[244.40155, 245.26822, 247.23381], [102.03138, 100.44043, 110.37211], [108.818855, 0, 0]]
0.001 1000
[[244.40155, 245.26822, 247.23381], [102.03138, 100.44043, 110.37211], [108.818855, 107.79364, 0]]
0.001 100000.0
[[244.40155, 245.26822, 247.23381], [102.03138, 100.44043, 110.37211], [108.818855, 107.79364, 149.00568]]
[-6.0, -5, -4.0]
[2.0, 3, 4.0]
1e-06 100.0
[[125.00449, 0, 0], [0, 0, 0], [0, 0, 0]]
1e-06 1000
[[125.00449, 119.245285, 0], [0, 0, 0], [0, 0, 0]]
1e-06 10000.0
[[125.00449, 119.245285, 127.276535], [0, 0, 0], [0, 0, 0]]
1e-05 100.0
[[125.00449, 119.245285, 127.276535], [100.434074, 0, 0], [0, 0, 0]]
1e-05 1000
[[125.00449, 119.245285, 127.276535], [100.434074, 100.244095, 0], [0, 0, 0]]
1e-05 10000.0
[[125.00449, 119.245285, 127.276535], [100.434074, 100.244095, 101.05781], [0, 0, 0]]
0.0001 100.0
[[125.00449, 119.245285, 127.276535], [100.434074, 100.244095, 101.05781], [102.517586, 0, 0]]
0.0001 1000
[[125.00449, 119.245285, 127.276535], [100.434074, 100.244095, 101.05781], [102.517586, 105.616455, 0]]
0.0001 10000.0
[[125.00449, 119.245285, 127.276535], [100.434074, 100.244095, 101.05781], [102.517586, 105.616455, 100.89641]]
[-5.5, -5, -4.5]
[2.5, 3, 3.5]
3.162277660168379e-06 316.22776601683796
[[100.37755, 0, 0], [0, 0, 0], [0, 0, 0]]
3.162277660168379e-06 1000
[[100.37755, 100.23635, 0], [0, 0, 0], [0, 0, 0]]
3.162277660168379e-06 3162.2776601683795
[[100.37755, 100.23635, 107.92026], [0, 0, 0], [0, 0, 0]]
1e-05 316.22776601683796
[[100.37755, 100.23635, 107.92026], [104.31576, 0, 0], [0, 0, 0]]
1e-05 1000
[[100.37755, 100.23635, 107.92026], [104.31576, 100.85037, 0], [0, 0, 0]]
1e-05 3162.2776601683795
[[100.37755, 100.23635, 107.92026], [104.31576, 100.85037, 99.75092], [0, 0, 0]]
3.1622776601683795e-05 316.22776601683796
[[100.37755, 100.23635, 107.92026], [104.31576, 100.85037, 99.75092], [102.723885, 0, 0]]
3.1622776601683795e-05 1000
[[100.37755, 100.23635, 107.92026], [104.31576, 100.85037, 99.75092], [102.723885, 101.239494, 0]]
3.1622776601683795e-05 3162.2776601683795
[[100.37755, 100.23635, 107.92026], [104.31576, 100.85037, 99.75092], [102.723885, 101.239494, 101.3083]]
[-5.25, -5, -4.75]
[3.25, 3.5, 3.75]
5.623413251903491e-06 1778.2794100389228
[[100.29377, 0, 0], [0, 0, 0], [0, 0, 0]]
5.623413251903491e-06 3162.2776601683795
[[100.29377, 100.256805, 0], [0, 0, 0], [0, 0, 0]]
5.623413251903491e-06 5623.413251903491
[[100.29377, 100.256805, 99.39533], [0, 0, 0], [0, 0, 0]]
1e-05 1778.2794100389228
[[100.29377, 100.256805, 99.39533], [99.875145, 0, 0], [0, 0, 0]]
1e-05 3162.2776601683795
[[100.29377, 100.256805, 99.39533], [99.875145, 100.573746, 0], [0, 0, 0]]
1e-05 5623.413251903491
[[100.29377, 100.256805, 99.39533], [99.875145, 100.573746, 99.37938], [0, 0, 0]]
1.778279410038923e-05 1778.2794100389228
[[100.29377, 100.256805, 99.39533], [99.875145, 100.573746, 99.37938], [101.721596, 0, 0]]
1.778279410038923e-05 3162.2776601683795
[[100.29377, 100.256805, 99.39533], [99.875145, 100.573746, 99.37938], [101.721596, 101.99203, 0]]
1.778279410038923e-05 5623.413251903491
[[100.29377, 100.256805, 99.39533], [99.875145, 100.573746, 99.37938], [101.721596, 101.99203, 100.14048]]
[-5.125, -5, -4.875]
[3.625, 3.75, 3.875]
7.498942093324558e-06 4216.965034285822
[[100.16715, 0, 0], [0, 0, 0], [0, 0, 0]]
7.498942093324558e-06 5623.413251903491
[[100.16715, 101.1291, 0], [0, 0, 0], [0, 0, 0]]
7.498942093324558e-06 7498.942093324558
[[100.16715, 101.1291, 101.63388], [0, 0, 0], [0, 0, 0]]
1e-05 4216.965034285822
[[100.16715, 101.1291, 101.63388], [100.778244, 0, 0], [0, 0, 0]]
1e-05 5623.413251903491
[[100.16715, 101.1291, 101.63388], [100.778244, 99.68947, 0], [0, 0, 0]]
1e-05 7498.942093324558
[[100.16715, 101.1291, 101.63388], [100.778244, 99.68947, 100.50464], [0, 0, 0]]
1.333521432163324e-05 4216.965034285822
[[100.16715, 101.1291, 101.63388], [100.778244, 99.68947, 100.50464], [100.15623, 0, 0]]
1.333521432163324e-05 5623.413251903491
[[100.16715, 101.1291, 101.63388], [100.778244, 99.68947, 100.50464], [100.15623, 99.38137, 0]]
1.333521432163324e-05 7498.942093324558
[[100.16715, 101.1291, 101.63388], [100.778244, 99.68947, 100.50464], [100.15623, 99.38137, 99.88633]]
[-4.9375, -4.875, -4.8125]
[3.6875, 3.75, 3.8125]
3 25
Score: 99.38137
1.333521432163324e-05 5623.413251903491
Time 18143.68544101715
