Created graph
0.1 1000
[[1.2715196e+19, 0, 0], [0, 0, 0], [0, 0, 0]]
0.1 100000
[[1.2715196e+19, 8.7694436e+18, 0], [0, 0, 0], [0, 0, 0]]
0.1 10000000
[[1.2715196e+19, 8.7694436e+18, inf], [0, 0, 0], [0, 0, 0]]
1e-05 1000
[[1.2715196e+19, 8.7694436e+18, inf], [95.44904, 0, 0], [0, 0, 0]]
1e-05 100000
[[1.2715196e+19, 8.7694436e+18, inf], [95.44904, 100.92297, 0], [0, 0, 0]]
1e-05 10000000
[[1.2715196e+19, 8.7694436e+18, inf], [95.44904, 100.92297, 243.84676], [0, 0, 0]]
1e-09 1000
[[1.2715196e+19, 8.7694436e+18, inf], [95.44904, 100.92297, 243.84676], [270.33923, 0, 0]]
1e-09 100000
[[1.2715196e+19, 8.7694436e+18, inf], [95.44904, 100.92297, 243.84676], [270.33923, 270.4953, 0]]
1e-09 10000000
[[1.2715196e+19, 8.7694436e+18, inf], [95.44904, 100.92297, 243.84676], [270.33923, 270.4953, 269.96317]]
[-7.0, -5, -3.0]
[1.0, 3, 5.0]
1e-07 10.0
[[251.57259, 0, 0], [0, 0, 0], [0, 0, 0]]
1e-07 1000
[[251.57259, 253.39787, 0], [0, 0, 0], [0, 0, 0]]
1e-07 100000.0
[[251.57259, 253.39787, 255.47653], [0, 0, 0], [0, 0, 0]]
1e-05 10.0
[[251.57259, 253.39787, 255.47653], [91.52687, 0, 0], [0, 0, 0]]
1e-05 1000
[[251.57259, 253.39787, 255.47653], [91.52687, 94.50469, 0], [0, 0, 0]]
1e-05 100000.0
[[251.57259, 253.39787, 255.47653], [91.52687, 94.50469, 101.80779], [0, 0, 0]]
0.001 10.0
[[251.57259, 253.39787, 255.47653], [91.52687, 94.50469, 101.80779], [162.26247, 0, 0]]
0.001 1000
[[251.57259, 253.39787, 255.47653], [91.52687, 94.50469, 101.80779], [162.26247, 158.56941, 0]]
0.001 100000.0
[[251.57259, 253.39787, 255.47653], [91.52687, 94.50469, 101.80779], [162.26247, 158.56941, 220.18413]]
[-6.0, -5, -4.0]
[0.0, 1.0, 2.0]
1e-06 1.0
[[117.67883, 0, 0], [0, 0, 0], [0, 0, 0]]
1e-06 10.0
[[117.67883, 117.85961, 0], [0, 0, 0], [0, 0, 0]]
1e-06 100.0
[[117.67883, 117.85961, 120.92967], [0, 0, 0], [0, 0, 0]]
1e-05 1.0
[[117.67883, 117.85961, 120.92967], [94.52265, 0, 0], [0, 0, 0]]
1e-05 10.0
[[117.67883, 117.85961, 120.92967], [94.52265, 95.26168, 0], [0, 0, 0]]
1e-05 100.0
[[117.67883, 117.85961, 120.92967], [94.52265, 95.26168, 92.3644], [0, 0, 0]]
0.0001 1.0
[[117.67883, 117.85961, 120.92967], [94.52265, 95.26168, 92.3644], [106.971405, 0, 0]]
0.0001 10.0
[[117.67883, 117.85961, 120.92967], [94.52265, 95.26168, 92.3644], [106.971405, 107.58631, 0]]
0.0001 100.0
[[117.67883, 117.85961, 120.92967], [94.52265, 95.26168, 92.3644], [106.971405, 107.58631, 102.355484]]
[-5.5, -5, -4.5]
[1.5, 2.0, 2.5]
3.162277660168379e-06 31.622776601683793
[[94.47972, 0, 0], [0, 0, 0], [0, 0, 0]]
3.162277660168379e-06 100.0
[[94.47972, 95.33142, 0], [0, 0, 0], [0, 0, 0]]
3.162277660168379e-06 316.22776601683796
[[94.47972, 95.33142, 91.94364], [0, 0, 0], [0, 0, 0]]
1e-05 31.622776601683793
[[94.47972, 95.33142, 91.94364], [91.442795, 0, 0], [0, 0, 0]]
1e-05 100.0
[[94.47972, 95.33142, 91.94364], [91.442795, 90.99646, 0], [0, 0, 0]]
1e-05 316.22776601683796
[[94.47972, 95.33142, 91.94364], [91.442795, 90.99646, 92.90928], [0, 0, 0]]
3.1622776601683795e-05 31.622776601683793
[[94.47972, 95.33142, 91.94364], [91.442795, 90.99646, 92.90928], [88.14011, 0, 0]]
3.1622776601683795e-05 100.0
[[94.47972, 95.33142, 91.94364], [91.442795, 90.99646, 92.90928], [88.14011, 90.33857, 0]]
3.1622776601683795e-05 316.22776601683796
[[94.47972, 95.33142, 91.94364], [91.442795, 90.99646, 92.90928], [88.14011, 90.33857, 96.00822]]
[-4.75, -4.5, -4.25]
[1.25, 1.5, 1.75]
1.778279410038923e-05 17.78279410038923
[[93.63792, 0, 0], [0, 0, 0], [0, 0, 0]]
1.778279410038923e-05 31.622776601683793
[[93.63792, 92.12707, 0], [0, 0, 0], [0, 0, 0]]
1.778279410038923e-05 56.23413251903491
[[93.63792, 92.12707, 93.36868], [0, 0, 0], [0, 0, 0]]
3.1622776601683795e-05 17.78279410038923
[[93.63792, 92.12707, 93.36868], [94.51054, 0, 0], [0, 0, 0]]
3.1622776601683795e-05 31.622776601683793
[[93.63792, 92.12707, 93.36868], [94.51054, 94.793, 0], [0, 0, 0]]
3.1622776601683795e-05 56.23413251903491
[[93.63792, 92.12707, 93.36868], [94.51054, 94.793, 92.94076], [0, 0, 0]]
5.623413251903491e-05 17.78279410038923
[[93.63792, 92.12707, 93.36868], [94.51054, 94.793, 92.94076], [95.052666, 0, 0]]
5.623413251903491e-05 31.622776601683793
[[93.63792, 92.12707, 93.36868], [94.51054, 94.793, 92.94076], [95.052666, 94.27085, 0]]
5.623413251903491e-05 56.23413251903491
[[93.63792, 92.12707, 93.36868], [94.51054, 94.793, 92.94076], [95.052666, 94.27085, 96.96618]]
[-4.875, -4.75, -4.625]
[1.375, 1.5, 1.625]
1.333521432163324e-05 23.71373705661655
[[93.005646, 0, 0], [0, 0, 0], [0, 0, 0]]
1.333521432163324e-05 31.622776601683793
[[93.005646, 92.13514, 0], [0, 0, 0], [0, 0, 0]]
1.333521432163324e-05 42.169650342858226
[[93.005646, 92.13514, 90.240036], [0, 0, 0], [0, 0, 0]]
1.778279410038923e-05 23.71373705661655
[[93.005646, 92.13514, 90.240036], [92.93335, 0, 0], [0, 0, 0]]
1.778279410038923e-05 31.622776601683793
[[93.005646, 92.13514, 90.240036], [92.93335, 90.905464, 0], [0, 0, 0]]
1.778279410038923e-05 42.169650342858226
[[93.005646, 92.13514, 90.240036], [92.93335, 90.905464, 93.27839], [0, 0, 0]]
2.3713737056616554e-05 23.71373705661655
[[93.005646, 92.13514, 90.240036], [92.93335, 90.905464, 93.27839], [94.728004, 0, 0]]
2.3713737056616554e-05 31.622776601683793
[[93.005646, 92.13514, 90.240036], [92.93335, 90.905464, 93.27839], [94.728004, 90.83106, 0]]
2.3713737056616554e-05 42.169650342858226
[[93.005646, 92.13514, 90.240036], [92.93335, 90.905464, 93.27839], [94.728004, 90.83106, 89.181244]]
[-4.6875, -4.625, -4.5625]
[1.5625, 1.625, 1.6875]
7 50
Score: 89.181244
2.3713737056616554e-05 42.169650342858226
Time 14257.219299554825
