Created graph
0.1 1000
[[1.0127518e+19, 0, 0], [0, 0, 0], [0, 0, 0]]
0.1 100000
[[1.0127518e+19, 1.2624132e+19, 0], [0, 0, 0], [0, 0, 0]]
0.1 10000000
[[1.0127518e+19, 1.2624132e+19, inf], [0, 0, 0], [0, 0, 0]]
1e-05 1000
[[1.0127518e+19, 1.2624132e+19, inf], [110.60615, 0, 0], [0, 0, 0]]
1e-05 100000
[[1.0127518e+19, 1.2624132e+19, inf], [110.60615, 122.38567, 0], [0, 0, 0]]
1e-05 10000000
[[1.0127518e+19, 1.2624132e+19, inf], [110.60615, 122.38567, 269.8663], [0, 0, 0]]
1e-09 1000
[[1.0127518e+19, 1.2624132e+19, inf], [110.60615, 122.38567, 269.8663], [297.92172, 0, 0]]
1e-09 100000
[[1.0127518e+19, 1.2624132e+19, inf], [110.60615, 122.38567, 269.8663], [297.92172, 297.8512, 0]]
1e-09 10000000
[[1.0127518e+19, 1.2624132e+19, inf], [110.60615, 122.38567, 269.8663], [297.92172, 297.8512, 296.7432]]
[-7.0, -5, -3.0]
[1.0, 3, 5.0]
1e-07 10.0
[[285.30362, 0, 0], [0, 0, 0], [0, 0, 0]]
1e-07 1000
[[285.30362, 282.4183, 0], [0, 0, 0], [0, 0, 0]]
1e-07 100000.0
[[285.30362, 282.4183, 285.21793], [0, 0, 0], [0, 0, 0]]
1e-05 10.0
[[285.30362, 282.4183, 285.21793], [105.280556, 0, 0], [0, 0, 0]]
1e-05 1000
[[285.30362, 282.4183, 285.21793], [105.280556, 118.323204, 0], [0, 0, 0]]
1e-05 100000.0
[[285.30362, 282.4183, 285.21793], [105.280556, 118.323204, 123.121704], [0, 0, 0]]
0.001 10.0
[[285.30362, 282.4183, 285.21793], [105.280556, 118.323204, 123.121704], [163.1686, 0, 0]]
0.001 1000
[[285.30362, 282.4183, 285.21793], [105.280556, 118.323204, 123.121704], [163.1686, 148.1592, 0]]
0.001 100000.0
[[285.30362, 282.4183, 285.21793], [105.280556, 118.323204, 123.121704], [163.1686, 148.1592, 238.48868]]
[-6.0, -5, -4.0]
[0.0, 1.0, 2.0]
1e-06 1.0
[[132.90892, 0, 0], [0, 0, 0], [0, 0, 0]]
1e-06 10.0
[[132.90892, 136.96695, 0], [0, 0, 0], [0, 0, 0]]
1e-06 100.0
[[132.90892, 136.96695, 133.83572], [0, 0, 0], [0, 0, 0]]
1e-05 1.0
[[132.90892, 136.96695, 133.83572], [112.096344, 0, 0], [0, 0, 0]]
1e-05 10.0
[[132.90892, 136.96695, 133.83572], [112.096344, 110.82706, 0], [0, 0, 0]]
1e-05 100.0
[[132.90892, 136.96695, 133.83572], [112.096344, 110.82706, 110.72322], [0, 0, 0]]
0.0001 1.0
[[132.90892, 136.96695, 133.83572], [112.096344, 110.82706, 110.72322], [112.59281, 0, 0]]
0.0001 10.0
[[132.90892, 136.96695, 133.83572], [112.096344, 110.82706, 110.72322], [112.59281, 112.35653, 0]]
0.0001 100.0
[[132.90892, 136.96695, 133.83572], [112.096344, 110.82706, 110.72322], [112.59281, 112.35653, 112.32485]]
[-5.5, -5, -4.5]
[1.5, 2.0, 2.5]
3.162277660168379e-06 31.622776601683793
[[113.611435, 0, 0], [0, 0, 0], [0, 0, 0]]
3.162277660168379e-06 100.0
[[113.611435, 112.00801, 0], [0, 0, 0], [0, 0, 0]]
3.162277660168379e-06 316.22776601683796
[[113.611435, 112.00801, 113.6497], [0, 0, 0], [0, 0, 0]]
1e-05 31.622776601683793
[[113.611435, 112.00801, 113.6497], [118.37812, 0, 0], [0, 0, 0]]
1e-05 100.0
[[113.611435, 112.00801, 113.6497], [118.37812, 110.69439, 0], [0, 0, 0]]
1e-05 316.22776601683796
[[113.611435, 112.00801, 113.6497], [118.37812, 110.69439, 112.78624], [0, 0, 0]]
3.1622776601683795e-05 31.622776601683793
[[113.611435, 112.00801, 113.6497], [118.37812, 110.69439, 112.78624], [115.21631, 0, 0]]
3.1622776601683795e-05 100.0
[[113.611435, 112.00801, 113.6497], [118.37812, 110.69439, 112.78624], [115.21631, 111.04996, 0]]
3.1622776601683795e-05 316.22776601683796
[[113.611435, 112.00801, 113.6497], [118.37812, 110.69439, 112.78624], [115.21631, 111.04996, 114.59736]]
[-5.25, -5, -4.75]
[1.75, 2.0, 2.25]
5.623413251903491e-06 56.23413251903491
[[111.45844, 0, 0], [0, 0, 0], [0, 0, 0]]
5.623413251903491e-06 100.0
[[111.45844, 112.77237, 0], [0, 0, 0], [0, 0, 0]]
5.623413251903491e-06 177.82794100389228
[[111.45844, 112.77237, 111.182976], [0, 0, 0], [0, 0, 0]]
1e-05 56.23413251903491
[[111.45844, 112.77237, 111.182976], [106.948784, 0, 0], [0, 0, 0]]
1e-05 100.0
[[111.45844, 112.77237, 111.182976], [106.948784, 112.126045, 0], [0, 0, 0]]
1e-05 177.82794100389228
[[111.45844, 112.77237, 111.182976], [106.948784, 112.126045, 111.87631], [0, 0, 0]]
1.778279410038923e-05 56.23413251903491
[[111.45844, 112.77237, 111.182976], [106.948784, 112.126045, 111.87631], [114.133705, 0, 0]]
1.778279410038923e-05 100.0
[[111.45844, 112.77237, 111.182976], [106.948784, 112.126045, 111.87631], [114.133705, 114.76185, 0]]
1.778279410038923e-05 177.82794100389228
[[111.45844, 112.77237, 111.182976], [106.948784, 112.126045, 111.87631], [114.133705, 114.76185, 114.2699]]
[-5.125, -5, -4.875]
[1.625, 1.75, 1.875]
7.498942093324558e-06 42.169650342858226
[[110.8547, 0, 0], [0, 0, 0], [0, 0, 0]]
7.498942093324558e-06 56.23413251903491
[[110.8547, 111.94144, 0], [0, 0, 0], [0, 0, 0]]
7.498942093324558e-06 74.98942093324558
[[110.8547, 111.94144, 112.06858], [0, 0, 0], [0, 0, 0]]
1e-05 42.169650342858226
[[110.8547, 111.94144, 112.06858], [109.06778, 0, 0], [0, 0, 0]]
1e-05 56.23413251903491
[[110.8547, 111.94144, 112.06858], [109.06778, 114.50466, 0], [0, 0, 0]]
1e-05 74.98942093324558
[[110.8547, 111.94144, 112.06858], [109.06778, 114.50466, 108.58881], [0, 0, 0]]
1.333521432163324e-05 42.169650342858226
[[110.8547, 111.94144, 112.06858], [109.06778, 114.50466, 108.58881], [115.85768, 0, 0]]
1.333521432163324e-05 56.23413251903491
[[110.8547, 111.94144, 112.06858], [109.06778, 114.50466, 108.58881], [115.85768, 114.431725, 0]]
1.333521432163324e-05 74.98942093324558
[[110.8547, 111.94144, 112.06858], [109.06778, 114.50466, 108.58881], [115.85768, 114.431725, 111.30359]]
[-5.0625, -5, -4.9375]
[1.8125, 1.875, 1.9375]
6 100
Score: 108.58881
1e-05 74.98942093324558
Time 16941.10947036743
