Created graph
0.1 1000
[[1.0513372e+19, 0, 0], [0, 0, 0], [0, 0, 0]]
0.1 100000
[[1.0513372e+19, 1.6853484e+19, 0], [0, 0, 0], [0, 0, 0]]
0.1 10000000
[[1.0513372e+19, 1.6853484e+19, inf], [0, 0, 0], [0, 0, 0]]
1e-05 1000
[[1.0513372e+19, 1.6853484e+19, inf], [100.553535, 0, 0], [0, 0, 0]]
1e-05 100000
[[1.0513372e+19, 1.6853484e+19, inf], [100.553535, 123.57648, 0], [0, 0, 0]]
1e-05 10000000
[[1.0513372e+19, 1.6853484e+19, inf], [100.553535, 123.57648, 286.49216], [0, 0, 0]]
1e-09 1000
[[1.0513372e+19, 1.6853484e+19, inf], [100.553535, 123.57648, 286.49216], [315.2533, 0, 0]]
1e-09 100000
[[1.0513372e+19, 1.6853484e+19, inf], [100.553535, 123.57648, 286.49216], [315.2533, 315.70764, 0]]
1e-09 10000000
[[1.0513372e+19, 1.6853484e+19, inf], [100.553535, 123.57648, 286.49216], [315.2533, 315.70764, 315.34494]]
[-7.0, -5, -3.0]
[1.0, 3, 5.0]
1e-07 10.0
[[305.494, 0, 0], [0, 0, 0], [0, 0, 0]]
1e-07 1000
[[305.494, 304.047, 0], [0, 0, 0], [0, 0, 0]]
1e-07 100000.0
[[305.494, 304.047, 305.389], [0, 0, 0], [0, 0, 0]]
1e-05 10.0
[[305.494, 304.047, 305.389], [104.23807, 0, 0], [0, 0, 0]]
1e-05 1000
[[305.494, 304.047, 305.389], [104.23807, 102.70808, 0], [0, 0, 0]]
1e-05 100000.0
[[305.494, 304.047, 305.389], [104.23807, 102.70808, 123.97788], [0, 0, 0]]
0.001 10.0
[[305.494, 304.047, 305.389], [104.23807, 102.70808, 123.97788], [106.86868, 0, 0]]
0.001 1000
[[305.494, 304.047, 305.389], [104.23807, 102.70808, 123.97788], [106.86868, 105.58911, 0]]
0.001 100000.0
[[305.494, 304.047, 305.389], [104.23807, 102.70808, 123.97788], [106.86868, 105.58911, 233.22859]]
[-6.0, -5, -4.0]
[2.0, 3, 4.0]
1e-06 100.0
[[137.29048, 0, 0], [0, 0, 0], [0, 0, 0]]
1e-06 1000
[[137.29048, 134.85052, 0], [0, 0, 0], [0, 0, 0]]
1e-06 10000.0
[[137.29048, 134.85052, 139.9028], [0, 0, 0], [0, 0, 0]]
1e-05 100.0
[[137.29048, 134.85052, 139.9028], [102.74296, 0, 0], [0, 0, 0]]
1e-05 1000
[[137.29048, 134.85052, 139.9028], [102.74296, 102.998825, 0], [0, 0, 0]]
1e-05 10000.0
[[137.29048, 134.85052, 139.9028], [102.74296, 102.998825, 102.40627], [0, 0, 0]]
0.0001 100.0
[[137.29048, 134.85052, 139.9028], [102.74296, 102.998825, 102.40627], [105.6192, 0, 0]]
0.0001 1000
[[137.29048, 134.85052, 139.9028], [102.74296, 102.998825, 102.40627], [105.6192, 104.54736, 0]]
0.0001 10000.0
[[137.29048, 134.85052, 139.9028], [102.74296, 102.998825, 102.40627], [105.6192, 104.54736, 100.53771]]
[-4.5, -4.0, -3.5]
[3.5, 4.0, 4.5]
3.1622776601683795e-05 3162.2776601683795
[[99.97648, 0, 0], [0, 0, 0], [0, 0, 0]]
3.1622776601683795e-05 10000.0
[[99.97648, 103.14868, 0], [0, 0, 0], [0, 0, 0]]
3.1622776601683795e-05 31622.776601683792
[[99.97648, 103.14868, 104.43119], [0, 0, 0], [0, 0, 0]]
0.0001 3162.2776601683795
[[99.97648, 103.14868, 104.43119], [102.44641, 0, 0], [0, 0, 0]]
0.0001 10000.0
[[99.97648, 103.14868, 104.43119], [102.44641, 101.48147, 0], [0, 0, 0]]
0.0001 31622.776601683792
[[99.97648, 103.14868, 104.43119], [102.44641, 101.48147, 100.13014], [0, 0, 0]]
0.00031622776601683794 3162.2776601683795
[[99.97648, 103.14868, 104.43119], [102.44641, 101.48147, 100.13014], [104.76776, 0, 0]]
0.00031622776601683794 10000.0
[[99.97648, 103.14868, 104.43119], [102.44641, 101.48147, 100.13014], [104.76776, 102.16343, 0]]
0.00031622776601683794 31622.776601683792
[[99.97648, 103.14868, 104.43119], [102.44641, 101.48147, 100.13014], [104.76776, 102.16343, 104.62561]]
[-4.75, -4.5, -4.25]
[3.25, 3.5, 3.75]
1.778279410038923e-05 1778.2794100389228
[[99.01878, 0, 0], [0, 0, 0], [0, 0, 0]]
1.778279410038923e-05 3162.2776601683795
[[99.01878, 100.027466, 0], [0, 0, 0], [0, 0, 0]]
1.778279410038923e-05 5623.413251903491
[[99.01878, 100.027466, 103.04932], [0, 0, 0], [0, 0, 0]]
3.1622776601683795e-05 1778.2794100389228
[[99.01878, 100.027466, 103.04932], [102.26352, 0, 0], [0, 0, 0]]
3.1622776601683795e-05 3162.2776601683795
[[99.01878, 100.027466, 103.04932], [102.26352, 101.52053, 0], [0, 0, 0]]
3.1622776601683795e-05 5623.413251903491
[[99.01878, 100.027466, 103.04932], [102.26352, 101.52053, 100.39181], [0, 0, 0]]
5.623413251903491e-05 1778.2794100389228
[[99.01878, 100.027466, 103.04932], [102.26352, 101.52053, 100.39181], [100.040596, 0, 0]]
5.623413251903491e-05 3162.2776601683795
[[99.01878, 100.027466, 103.04932], [102.26352, 101.52053, 100.39181], [100.040596, 104.34776, 0]]
5.623413251903491e-05 5623.413251903491
[[99.01878, 100.027466, 103.04932], [102.26352, 101.52053, 100.39181], [100.040596, 104.34776, 101.2652]]
[-4.875, -4.75, -4.625]
[3.125, 3.25, 3.375]
1.333521432163324e-05 1333.521432163324
[[103.11508, 0, 0], [0, 0, 0], [0, 0, 0]]
1.333521432163324e-05 1778.2794100389228
[[103.11508, 99.365746, 0], [0, 0, 0], [0, 0, 0]]
1.333521432163324e-05 2371.373705661655
[[103.11508, 99.365746, 100.00155], [0, 0, 0], [0, 0, 0]]
1.778279410038923e-05 1333.521432163324
[[103.11508, 99.365746, 100.00155], [102.36782, 0, 0], [0, 0, 0]]
1.778279410038923e-05 1778.2794100389228
[[103.11508, 99.365746, 100.00155], [102.36782, 101.24363, 0], [0, 0, 0]]
1.778279410038923e-05 2371.373705661655
[[103.11508, 99.365746, 100.00155], [102.36782, 101.24363, 101.21364], [0, 0, 0]]
2.3713737056616554e-05 1333.521432163324
[[103.11508, 99.365746, 100.00155], [102.36782, 101.24363, 101.21364], [101.8826, 0, 0]]
2.3713737056616554e-05 1778.2794100389228
[[103.11508, 99.365746, 100.00155], [102.36782, 101.24363, 101.21364], [101.8826, 100.286934, 0]]
2.3713737056616554e-05 2371.373705661655
[[103.11508, 99.365746, 100.00155], [102.36782, 101.24363, 101.21364], [101.8826, 100.286934, 100.887436]]
[-4.9375, -4.875, -4.8125]
[3.1875, 3.25, 3.3125]
4 5
Score: 99.365746
1.333521432163324e-05 1778.2794100389228
Time 12939.676365613937
