Created graph
0.1 1000
[[1.0293305e+19, 0, 0], [0, 0, 0], [0, 0, 0]]
0.1 100000
[[1.0293305e+19, inf, 0], [0, 0, 0], [0, 0, 0]]
0.1 10000000
[[1.0293305e+19, inf, 9.930191e+18], [0, 0, 0], [0, 0, 0]]
1e-05 1000
[[1.0293305e+19, inf, 9.930191e+18], [94.18279, 0, 0], [0, 0, 0]]
1e-05 100000
[[1.0293305e+19, inf, 9.930191e+18], [94.18279, 103.79228, 0], [0, 0, 0]]
1e-05 10000000
[[1.0293305e+19, inf, 9.930191e+18], [94.18279, 103.79228, 203.46739], [0, 0, 0]]
1e-09 1000
[[1.0293305e+19, inf, 9.930191e+18], [94.18279, 103.79228, 203.46739], [234.13533, 0, 0]]
1e-09 100000
[[1.0293305e+19, inf, 9.930191e+18], [94.18279, 103.79228, 203.46739], [234.13533, 234.3455, 0]]
1e-09 10000000
[[1.0293305e+19, inf, 9.930191e+18], [94.18279, 103.79228, 203.46739], [234.13533, 234.3455, 234.24022]]
[-7.0, -5, -3.0]
[1.0, 3, 5.0]
1e-07 10.0
[[224.46669, 0, 0], [0, 0, 0], [0, 0, 0]]
1e-07 1000
[[224.46669, 223.23285, 0], [0, 0, 0], [0, 0, 0]]
1e-07 100000.0
[[224.46669, 223.23285, 224.88911], [0, 0, 0], [0, 0, 0]]
1e-05 10.0
[[224.46669, 223.23285, 224.88911], [95.26255, 0, 0], [0, 0, 0]]
1e-05 1000
[[224.46669, 223.23285, 224.88911], [95.26255, 95.88787, 0], [0, 0, 0]]
1e-05 100000.0
[[224.46669, 223.23285, 224.88911], [95.26255, 95.88787, 102.82556], [0, 0, 0]]
0.001 10.0
[[224.46669, 223.23285, 224.88911], [95.26255, 95.88787, 102.82556], [99.19491, 0, 0]]
0.001 1000
[[224.46669, 223.23285, 224.88911], [95.26255, 95.88787, 102.82556], [99.19491, 97.320435, 0]]
0.001 100000.0
[[224.46669, 223.23285, 224.88911], [95.26255, 95.88787, 102.82556], [99.19491, 97.320435, 149.36943]]
[-6.0, -5, -4.0]
[0.0, 1.0, 2.0]
1e-06 1.0
[[126.67791, 0, 0], [0, 0, 0], [0, 0, 0]]
1e-06 10.0
[[126.67791, 125.5433, 0], [0, 0, 0], [0, 0, 0]]
1e-06 100.0
[[126.67791, 125.5433, 126.74162], [0, 0, 0], [0, 0, 0]]
1e-05 1.0
[[126.67791, 125.5433, 126.74162], [94.77483, 0, 0], [0, 0, 0]]
1e-05 10.0
[[126.67791, 125.5433, 126.74162], [94.77483, 96.387375, 0], [0, 0, 0]]
1e-05 100.0
[[126.67791, 125.5433, 126.74162], [94.77483, 96.387375, 99.16449], [0, 0, 0]]
0.0001 1.0
[[126.67791, 125.5433, 126.74162], [94.77483, 96.387375, 99.16449], [99.17978, 0, 0]]
0.0001 10.0
[[126.67791, 125.5433, 126.74162], [94.77483, 96.387375, 99.16449], [99.17978, 99.15498, 0]]
0.0001 100.0
[[126.67791, 125.5433, 126.74162], [94.77483, 96.387375, 99.16449], [99.17978, 99.15498, 99.14091]]
[-5.5, -5, -4.5]
[-0.5, 0.0, 0.5]
3.162277660168379e-06 0.31622776601683794
[[94.495, 0, 0], [0, 0, 0], [0, 0, 0]]
3.162277660168379e-06 1.0
[[94.495, 99.192184, 0], [0, 0, 0], [0, 0, 0]]
3.162277660168379e-06 3.1622776601683795
[[94.495, 99.192184, 96.92132], [0, 0, 0], [0, 0, 0]]
1e-05 0.31622776601683794
[[94.495, 99.192184, 96.92132], [93.89251, 0, 0], [0, 0, 0]]
1e-05 1.0
[[94.495, 99.192184, 96.92132], [93.89251, 95.51367, 0], [0, 0, 0]]
1e-05 3.1622776601683795
[[94.495, 99.192184, 96.92132], [93.89251, 95.51367, 95.26369], [0, 0, 0]]
3.1622776601683795e-05 0.31622776601683794
[[94.495, 99.192184, 96.92132], [93.89251, 95.51367, 95.26369], [95.74948, 0, 0]]
3.1622776601683795e-05 1.0
[[94.495, 99.192184, 96.92132], [93.89251, 95.51367, 95.26369], [95.74948, 96.431595, 0]]
3.1622776601683795e-05 3.1622776601683795
[[94.495, 99.192184, 96.92132], [93.89251, 95.51367, 95.26369], [95.74948, 96.431595, 97.64657]]
[-5.25, -5, -4.75]
[-0.75, -0.5, -0.25]
5.623413251903491e-06 0.1778279410038923
[[96.85568, 0, 0], [0, 0, 0], [0, 0, 0]]
5.623413251903491e-06 0.31622776601683794
[[96.85568, 96.026184, 0], [0, 0, 0], [0, 0, 0]]
5.623413251903491e-06 0.5623413251903491
[[96.85568, 96.026184, 95.20453], [0, 0, 0], [0, 0, 0]]
1e-05 0.1778279410038923
[[96.85568, 96.026184, 95.20453], [94.81157, 0, 0], [0, 0, 0]]
1e-05 0.31622776601683794
[[96.85568, 96.026184, 95.20453], [94.81157, 95.87582, 0], [0, 0, 0]]
1e-05 0.5623413251903491
[[96.85568, 96.026184, 95.20453], [94.81157, 95.87582, 95.853645], [0, 0, 0]]
1.778279410038923e-05 0.1778279410038923
[[96.85568, 96.026184, 95.20453], [94.81157, 95.87582, 95.853645], [96.03266, 0, 0]]
1.778279410038923e-05 0.31622776601683794
[[96.85568, 96.026184, 95.20453], [94.81157, 95.87582, 95.853645], [96.03266, 95.88378, 0]]
1.778279410038923e-05 0.5623413251903491
[[96.85568, 96.026184, 95.20453], [94.81157, 95.87582, 95.853645], [96.03266, 95.88378, 93.15871]]
[-4.875, -4.75, -4.625]
[-0.375, -0.25, -0.125]
1.333521432163324e-05 0.4216965034285822
[[94.22188, 0, 0], [0, 0, 0], [0, 0, 0]]
1.333521432163324e-05 0.5623413251903491
[[94.22188, 95.6064, 0], [0, 0, 0], [0, 0, 0]]
1.333521432163324e-05 0.7498942093324559
[[94.22188, 95.6064, 95.885544], [0, 0, 0], [0, 0, 0]]
1.778279410038923e-05 0.4216965034285822
[[94.22188, 95.6064, 95.885544], [95.004524, 0, 0], [0, 0, 0]]
1.778279410038923e-05 0.5623413251903491
[[94.22188, 95.6064, 95.885544], [95.004524, 94.06891, 0], [0, 0, 0]]
1.778279410038923e-05 0.7498942093324559
[[94.22188, 95.6064, 95.885544], [95.004524, 94.06891, 94.439186], [0, 0, 0]]
2.3713737056616554e-05 0.4216965034285822
[[94.22188, 95.6064, 95.885544], [95.004524, 94.06891, 94.439186], [94.54667, 0, 0]]
2.3713737056616554e-05 0.5623413251903491
[[94.22188, 95.6064, 95.885544], [95.004524, 94.06891, 94.439186], [94.54667, 94.8308, 0]]
2.3713737056616554e-05 0.7498942093324559
[[94.22188, 95.6064, 95.885544], [95.004524, 94.06891, 94.439186], [94.54667, 94.8308, 93.537384]]
[-4.6875, -4.625, -4.5625]
[-0.1875, -0.125, -0.0625]
3 10
Score: 93.537384
2.3713737056616554e-05 0.7498942093324559
Time 21635.53129720688
