Created graph
0.1 1000
[[inf, 0, 0], [0, 0, 0], [0, 0, 0]]
0.1 100000
[[inf, 1.3876996e+19, 0], [0, 0, 0], [0, 0, 0]]
0.1 10000000
[[inf, 1.3876996e+19, inf], [0, 0, 0], [0, 0, 0]]
1e-05 1000
[[inf, 1.3876996e+19, inf], [98.41731, 0, 0], [0, 0, 0]]
1e-05 100000
[[inf, 1.3876996e+19, inf], [98.41731, 124.216095, 0], [0, 0, 0]]
1e-05 10000000
[[inf, 1.3876996e+19, inf], [98.41731, 124.216095, 254.5902], [0, 0, 0]]
1e-09 1000
[[inf, 1.3876996e+19, inf], [98.41731, 124.216095, 254.5902], [281.21252, 0, 0]]
1e-09 100000
[[inf, 1.3876996e+19, inf], [98.41731, 124.216095, 254.5902], [281.21252, 280.10287, 0]]
1e-09 10000000
[[inf, 1.3876996e+19, inf], [98.41731, 124.216095, 254.5902], [281.21252, 280.10287, 281.0585]]
[-7.0, -5, -3.0]
[1.0, 3, 5.0]
1e-07 10.0
[[269.3927, 0, 0], [0, 0, 0], [0, 0, 0]]
1e-07 1000
[[269.3927, 268.1392, 0], [0, 0, 0], [0, 0, 0]]
1e-07 100000.0
[[269.3927, 268.1392, 267.19186], [0, 0, 0], [0, 0, 0]]
1e-05 10.0
[[269.3927, 268.1392, 267.19186], [98.32514, 0, 0], [0, 0, 0]]
1e-05 1000
[[269.3927, 268.1392, 267.19186], [98.32514, 98.489334, 0], [0, 0, 0]]
1e-05 100000.0
[[269.3927, 268.1392, 267.19186], [98.32514, 98.489334, 125.49959], [0, 0, 0]]
0.001 10.0
[[269.3927, 268.1392, 267.19186], [98.32514, 98.489334, 125.49959], [110.19865, 0, 0]]
0.001 1000
[[269.3927, 268.1392, 267.19186], [98.32514, 98.489334, 125.49959], [110.19865, 133.90955, 0]]
0.001 100000.0
[[269.3927, 268.1392, 267.19186], [98.32514, 98.489334, 125.49959], [110.19865, 133.90955, 203.07632]]
[-6.0, -5, -4.0]
[0.0, 1.0, 2.0]
1e-06 1.0
[[138.1358, 0, 0], [0, 0, 0], [0, 0, 0]]
1e-06 10.0
[[138.1358, 134.2633, 0], [0, 0, 0], [0, 0, 0]]
1e-06 100.0
[[138.1358, 134.2633, 134.78387], [0, 0, 0], [0, 0, 0]]
1e-05 1.0
[[138.1358, 134.2633, 134.78387], [98.971695, 0, 0], [0, 0, 0]]
1e-05 10.0
[[138.1358, 134.2633, 134.78387], [98.971695, 95.01317, 0], [0, 0, 0]]
1e-05 100.0
[[138.1358, 134.2633, 134.78387], [98.971695, 95.01317, 96.47145], [0, 0, 0]]
0.0001 1.0
[[138.1358, 134.2633, 134.78387], [98.971695, 95.01317, 96.47145], [94.227715, 0, 0]]
0.0001 10.0
[[138.1358, 134.2633, 134.78387], [98.971695, 95.01317, 96.47145], [94.227715, 95.771866, 0]]
0.0001 100.0
[[138.1358, 134.2633, 134.78387], [98.971695, 95.01317, 96.47145], [94.227715, 95.771866, 98.103226]]
[-4.5, -4.0, -3.5]
[-0.5, 0.0, 0.5]
3.1622776601683795e-05 0.31622776601683794
[[94.64181, 0, 0], [0, 0, 0], [0, 0, 0]]
3.1622776601683795e-05 1.0
[[94.64181, 93.6418, 0], [0, 0, 0], [0, 0, 0]]
3.1622776601683795e-05 3.1622776601683795
[[94.64181, 93.6418, 94.795204], [0, 0, 0], [0, 0, 0]]
0.0001 0.31622776601683794
[[94.64181, 93.6418, 94.795204], [93.731445, 0, 0], [0, 0, 0]]
0.0001 1.0
[[94.64181, 93.6418, 94.795204], [93.731445, 98.37948, 0], [0, 0, 0]]
0.0001 3.1622776601683795
[[94.64181, 93.6418, 94.795204], [93.731445, 98.37948, 98.75137], [0, 0, 0]]
0.00031622776601683794 0.31622776601683794
[[94.64181, 93.6418, 94.795204], [93.731445, 98.37948, 98.75137], [99.825325, 0, 0]]
0.00031622776601683794 1.0
[[94.64181, 93.6418, 94.795204], [93.731445, 98.37948, 98.75137], [99.825325, 99.35873, 0]]
0.00031622776601683794 3.1622776601683795
[[94.64181, 93.6418, 94.795204], [93.731445, 98.37948, 98.75137], [99.825325, 99.35873, 101.39404]]
[-4.75, -4.5, -4.25]
[-0.25, 0.0, 0.25]
1.778279410038923e-05 0.5623413251903491
[[95.00171, 0, 0], [0, 0, 0], [0, 0, 0]]
1.778279410038923e-05 1.0
[[95.00171, 96.76047, 0], [0, 0, 0], [0, 0, 0]]
1.778279410038923e-05 1.7782794100389228
[[95.00171, 96.76047, 95.60683], [0, 0, 0], [0, 0, 0]]
3.1622776601683795e-05 0.5623413251903491
[[95.00171, 96.76047, 95.60683], [92.96034, 0, 0], [0, 0, 0]]
3.1622776601683795e-05 1.0
[[95.00171, 96.76047, 95.60683], [92.96034, 94.50103, 0], [0, 0, 0]]
3.1622776601683795e-05 1.7782794100389228
[[95.00171, 96.76047, 95.60683], [92.96034, 94.50103, 94.82491], [0, 0, 0]]
5.623413251903491e-05 0.5623413251903491
[[95.00171, 96.76047, 95.60683], [92.96034, 94.50103, 94.82491], [93.52249, 0, 0]]
5.623413251903491e-05 1.0
[[95.00171, 96.76047, 95.60683], [92.96034, 94.50103, 94.82491], [93.52249, 95.115845, 0]]
5.623413251903491e-05 1.7782794100389228
[[95.00171, 96.76047, 95.60683], [92.96034, 94.50103, 94.82491], [93.52249, 95.115845, 94.5456]]
[-4.625, -4.5, -4.375]
[-0.375, -0.25, -0.125]
2.3713737056616554e-05 0.4216965034285822
[[95.11755, 0, 0], [0, 0, 0], [0, 0, 0]]
2.3713737056616554e-05 0.5623413251903491
[[95.11755, 95.57211, 0], [0, 0, 0], [0, 0, 0]]
2.3713737056616554e-05 0.7498942093324559
[[95.11755, 95.57211, 98.61158], [0, 0, 0], [0, 0, 0]]
3.1622776601683795e-05 0.4216965034285822
[[95.11755, 95.57211, 98.61158], [94.11022, 0, 0], [0, 0, 0]]
3.1622776601683795e-05 0.5623413251903491
[[95.11755, 95.57211, 98.61158], [94.11022, 91.748825, 0], [0, 0, 0]]
3.1622776601683795e-05 0.7498942093324559
[[95.11755, 95.57211, 98.61158], [94.11022, 91.748825, 94.77322], [0, 0, 0]]
4.216965034285822e-05 0.4216965034285822
[[95.11755, 95.57211, 98.61158], [94.11022, 91.748825, 94.77322], [95.11907, 0, 0]]
4.216965034285822e-05 0.5623413251903491
[[95.11755, 95.57211, 98.61158], [94.11022, 91.748825, 94.77322], [95.11907, 97.49594, 0]]
4.216965034285822e-05 0.7498942093324559
[[95.11755, 95.57211, 98.61158], [94.11022, 91.748825, 94.77322], [95.11907, 97.49594, 100.39729]]
[-4.5625, -4.5, -4.4375]
[-0.3125, -0.25, -0.1875]
5 200
Score: 91.748825
3.1622776601683795e-05 0.5623413251903491
Time 12551.92128610611
