Created graph
0.1 1000
[[1.0168509e+19, 0, 0], [0, 0, 0], [0, 0, 0]]
0.1 100000
[[1.0168509e+19, 9.452991e+18, 0], [0, 0, 0], [0, 0, 0]]
0.1 10000000
[[1.0168509e+19, 9.452991e+18, 1.1044648e+19], [0, 0, 0], [0, 0, 0]]
1e-05 1000
[[1.0168509e+19, 9.452991e+18, 1.1044648e+19], [101.62781, 0, 0], [0, 0, 0]]
1e-05 100000
[[1.0168509e+19, 9.452991e+18, 1.1044648e+19], [101.62781, 112.684525, 0], [0, 0, 0]]
1e-05 10000000
[[1.0168509e+19, 9.452991e+18, 1.1044648e+19], [101.62781, 112.684525, 242.79405], [0, 0, 0]]
1e-09 1000
[[1.0168509e+19, 9.452991e+18, 1.1044648e+19], [101.62781, 112.684525, 242.79405], [272.2129, 0, 0]]
1e-09 100000
[[1.0168509e+19, 9.452991e+18, 1.1044648e+19], [101.62781, 112.684525, 242.79405], [272.2129, 272.4713, 0]]
1e-09 10000000
[[1.0168509e+19, 9.452991e+18, 1.1044648e+19], [101.62781, 112.684525, 242.79405], [272.2129, 272.4713, 271.4869]]
[-7.0, -5, -3.0]
[1.0, 3, 5.0]
1e-07 10.0
[[262.25922, 0, 0], [0, 0, 0], [0, 0, 0]]
1e-07 1000
[[262.25922, 261.05795, 0], [0, 0, 0], [0, 0, 0]]
1e-07 100000.0
[[262.25922, 261.05795, 261.2518], [0, 0, 0], [0, 0, 0]]
1e-05 10.0
[[262.25922, 261.05795, 261.2518], [99.243484, 0, 0], [0, 0, 0]]
1e-05 1000
[[262.25922, 261.05795, 261.2518], [99.243484, 100.38388, 0], [0, 0, 0]]
1e-05 100000.0
[[262.25922, 261.05795, 261.2518], [99.243484, 100.38388, 112.92606], [0, 0, 0]]
0.001 10.0
[[262.25922, 261.05795, 261.2518], [99.243484, 100.38388, 112.92606], [105.07801, 0, 0]]
0.001 1000
[[262.25922, 261.05795, 261.2518], [99.243484, 100.38388, 112.92606], [105.07801, 105.52559, 0]]
0.001 100000.0
[[262.25922, 261.05795, 261.2518], [99.243484, 100.38388, 112.92606], [105.07801, 105.52559, 168.09077]]
[-6.0, -5, -4.0]
[0.0, 1.0, 2.0]
1e-06 1.0
[[127.71513, 0, 0], [0, 0, 0], [0, 0, 0]]
1e-06 10.0
[[127.71513, 134.40239, 0], [0, 0, 0], [0, 0, 0]]
1e-06 100.0
[[127.71513, 134.40239, 129.37546], [0, 0, 0], [0, 0, 0]]
1e-05 1.0
[[127.71513, 134.40239, 129.37546], [98.834076, 0, 0], [0, 0, 0]]
1e-05 10.0
[[127.71513, 134.40239, 129.37546], [98.834076, 98.04024, 0], [0, 0, 0]]
1e-05 100.0
[[127.71513, 134.40239, 129.37546], [98.834076, 98.04024, 99.12987], [0, 0, 0]]
0.0001 1.0
[[127.71513, 134.40239, 129.37546], [98.834076, 98.04024, 99.12987], [104.7493, 0, 0]]
0.0001 10.0
[[127.71513, 134.40239, 129.37546], [98.834076, 98.04024, 99.12987], [104.7493, 104.25772, 0]]
0.0001 100.0
[[127.71513, 134.40239, 129.37546], [98.834076, 98.04024, 99.12987], [104.7493, 104.25772, 104.4759]]
[-5.5, -5, -4.5]
[0.5, 1.0, 1.5]
3.162277660168379e-06 3.1622776601683795
[[101.605484, 0, 0], [0, 0, 0], [0, 0, 0]]
3.162277660168379e-06 10.0
[[101.605484, 100.78217, 0], [0, 0, 0], [0, 0, 0]]
3.162277660168379e-06 31.622776601683793
[[101.605484, 100.78217, 104.49154], [0, 0, 0], [0, 0, 0]]
1e-05 3.1622776601683795
[[101.605484, 100.78217, 104.49154], [99.032814, 0, 0], [0, 0, 0]]
1e-05 10.0
[[101.605484, 100.78217, 104.49154], [99.032814, 98.76339, 0], [0, 0, 0]]
1e-05 31.622776601683793
[[101.605484, 100.78217, 104.49154], [99.032814, 98.76339, 98.652145], [0, 0, 0]]
3.1622776601683795e-05 3.1622776601683795
[[101.605484, 100.78217, 104.49154], [99.032814, 98.76339, 98.652145], [100.26108, 0, 0]]
3.1622776601683795e-05 10.0
[[101.605484, 100.78217, 104.49154], [99.032814, 98.76339, 98.652145], [100.26108, 100.64015, 0]]
3.1622776601683795e-05 31.622776601683793
[[101.605484, 100.78217, 104.49154], [99.032814, 98.76339, 98.652145], [100.26108, 100.64015, 100.28887]]
[-5.25, -5, -4.75]
[1.25, 1.5, 1.75]
5.623413251903491e-06 17.78279410038923
[[99.464294, 0, 0], [0, 0, 0], [0, 0, 0]]
5.623413251903491e-06 31.622776601683793
[[99.464294, 98.75998, 0], [0, 0, 0], [0, 0, 0]]
5.623413251903491e-06 56.23413251903491
[[99.464294, 98.75998, 98.762245], [0, 0, 0], [0, 0, 0]]
1e-05 17.78279410038923
[[99.464294, 98.75998, 98.762245], [99.22939, 0, 0], [0, 0, 0]]
1e-05 31.622776601683793
[[99.464294, 98.75998, 98.762245], [99.22939, 99.76235, 0], [0, 0, 0]]
1e-05 56.23413251903491
[[99.464294, 98.75998, 98.762245], [99.22939, 99.76235, 100.10634], [0, 0, 0]]
1.778279410038923e-05 17.78279410038923
[[99.464294, 98.75998, 98.762245], [99.22939, 99.76235, 100.10634], [99.71082, 0, 0]]
1.778279410038923e-05 31.622776601683793
[[99.464294, 98.75998, 98.762245], [99.22939, 99.76235, 100.10634], [99.71082, 99.81136, 0]]
1.778279410038923e-05 56.23413251903491
[[99.464294, 98.75998, 98.762245], [99.22939, 99.76235, 100.10634], [99.71082, 99.81136, 99.270325]]
[-5.375, -5.25, -5.125]
[1.375, 1.5, 1.625]
4.216965034285822e-06 23.71373705661655
[[99.6077, 0, 0], [0, 0, 0], [0, 0, 0]]
4.216965034285822e-06 31.622776601683793
[[99.6077, 99.971375, 0], [0, 0, 0], [0, 0, 0]]
4.216965034285822e-06 42.169650342858226
[[99.6077, 99.971375, 99.2715], [0, 0, 0], [0, 0, 0]]
5.623413251903491e-06 23.71373705661655
[[99.6077, 99.971375, 99.2715], [99.811, 0, 0], [0, 0, 0]]
5.623413251903491e-06 31.622776601683793
[[99.6077, 99.971375, 99.2715], [99.811, 98.61323, 0], [0, 0, 0]]
5.623413251903491e-06 42.169650342858226
[[99.6077, 99.971375, 99.2715], [99.811, 98.61323, 98.73923], [0, 0, 0]]
7.498942093324558e-06 23.71373705661655
[[99.6077, 99.971375, 99.2715], [99.811, 98.61323, 98.73923], [99.648445, 0, 0]]
7.498942093324558e-06 31.622776601683793
[[99.6077, 99.971375, 99.2715], [99.811, 98.61323, 98.73923], [99.648445, 99.966644, 0]]
7.498942093324558e-06 42.169650342858226
[[99.6077, 99.971375, 99.2715], [99.811, 98.61323, 98.73923], [99.648445, 99.966644, 99.91259]]
[-5.3125, -5.25, -5.1875]
[1.4375, 1.5, 1.5625]
3 250
Score: 98.61323
5.623413251903491e-06 31.622776601683793
Time 19289.06509423256
