Created graph
0.1 1000
[[inf, 0, 0], [0, 0, 0], [0, 0, 0]]
0.1 100000
[[inf, 1.0657918e+19, 0], [0, 0, 0], [0, 0, 0]]
0.1 10000000
[[inf, 1.0657918e+19, inf], [0, 0, 0], [0, 0, 0]]
1e-05 1000
[[inf, 1.0657918e+19, inf], [96.38612, 0, 0], [0, 0, 0]]
1e-05 100000
[[inf, 1.0657918e+19, inf], [96.38612, 104.60523, 0], [0, 0, 0]]
1e-05 10000000
[[inf, 1.0657918e+19, inf], [96.38612, 104.60523, 194.76053], [0, 0, 0]]
1e-09 1000
[[inf, 1.0657918e+19, inf], [96.38612, 104.60523, 194.76053], [222.57631, 0, 0]]
1e-09 100000
[[inf, 1.0657918e+19, inf], [96.38612, 104.60523, 194.76053], [222.57631, 221.87901, 0]]
1e-09 10000000
[[inf, 1.0657918e+19, inf], [96.38612, 104.60523, 194.76053], [222.57631, 221.87901, 221.7061]]
[-7.0, -5, -3.0]
[1.0, 3, 5.0]
1e-07 10.0
[[208.04065, 0, 0], [0, 0, 0], [0, 0, 0]]
1e-07 1000
[[208.04065, 206.86986, 0], [0, 0, 0], [0, 0, 0]]
1e-07 100000.0
[[208.04065, 206.86986, 204.62903], [0, 0, 0], [0, 0, 0]]
1e-05 10.0
[[208.04065, 206.86986, 204.62903], [97.49184, 0, 0], [0, 0, 0]]
1e-05 1000
[[208.04065, 206.86986, 204.62903], [97.49184, 93.83013, 0], [0, 0, 0]]
1e-05 100000.0
[[208.04065, 206.86986, 204.62903], [97.49184, 93.83013, 104.680855], [0, 0, 0]]
0.001 10.0
[[208.04065, 206.86986, 204.62903], [97.49184, 93.83013, 104.680855], [150.75478, 0, 0]]
0.001 1000
[[208.04065, 206.86986, 204.62903], [97.49184, 93.83013, 104.680855], [150.75478, 117.566956, 0]]
0.001 100000.0
[[208.04065, 206.86986, 204.62903], [97.49184, 93.83013, 104.680855], [150.75478, 117.566956, 159.03773]]
[-6.0, -5, -4.0]
[2.0, 3, 4.0]
1e-06 100.0
[[117.439125, 0, 0], [0, 0, 0], [0, 0, 0]]
1e-06 1000
[[117.439125, 123.60275, 0], [0, 0, 0], [0, 0, 0]]
1e-06 10000.0
[[117.439125, 123.60275, 119.49926], [0, 0, 0], [0, 0, 0]]
1e-05 100.0
[[117.439125, 123.60275, 119.49926], [96.987404, 0, 0], [0, 0, 0]]
1e-05 1000
[[117.439125, 123.60275, 119.49926], [96.987404, 94.43689, 0], [0, 0, 0]]
1e-05 10000.0
[[117.439125, 123.60275, 119.49926], [96.987404, 94.43689, 97.184494], [0, 0, 0]]
0.0001 100.0
[[117.439125, 123.60275, 119.49926], [96.987404, 94.43689, 97.184494], [100.25022, 0, 0]]
0.0001 1000
[[117.439125, 123.60275, 119.49926], [96.987404, 94.43689, 97.184494], [100.25022, 98.60346, 0]]
0.0001 10000.0
[[117.439125, 123.60275, 119.49926], [96.987404, 94.43689, 97.184494], [100.25022, 98.60346, 97.23554]]
[-5.5, -5, -4.5]
[2.5, 3, 3.5]
3.162277660168379e-06 316.22776601683796
[[98.63819, 0, 0], [0, 0, 0], [0, 0, 0]]
3.162277660168379e-06 1000
[[98.63819, 98.391014, 0], [0, 0, 0], [0, 0, 0]]
3.162277660168379e-06 3162.2776601683795
[[98.63819, 98.391014, 96.8939], [0, 0, 0], [0, 0, 0]]
1e-05 316.22776601683796
[[98.63819, 98.391014, 96.8939], [94.209526, 0, 0], [0, 0, 0]]
1e-05 1000
[[98.63819, 98.391014, 96.8939], [94.209526, 95.20126, 0], [0, 0, 0]]
1e-05 3162.2776601683795
[[98.63819, 98.391014, 96.8939], [94.209526, 95.20126, 96.488075], [0, 0, 0]]
3.1622776601683795e-05 316.22776601683796
[[98.63819, 98.391014, 96.8939], [94.209526, 95.20126, 96.488075], [95.21632, 0, 0]]
3.1622776601683795e-05 1000
[[98.63819, 98.391014, 96.8939], [94.209526, 95.20126, 96.488075], [95.21632, 95.787834, 0]]
3.1622776601683795e-05 3162.2776601683795
[[98.63819, 98.391014, 96.8939], [94.209526, 95.20126, 96.488075], [95.21632, 95.787834, 93.442276]]
[-4.75, -4.5, -4.25]
[3.25, 3.5, 3.75]
1.778279410038923e-05 1778.2794100389228
[[96.91015, 0, 0], [0, 0, 0], [0, 0, 0]]
1.778279410038923e-05 3162.2776601683795
[[96.91015, 94.91023, 0], [0, 0, 0], [0, 0, 0]]
1.778279410038923e-05 5623.413251903491
[[96.91015, 94.91023, 95.770836], [0, 0, 0], [0, 0, 0]]
3.1622776601683795e-05 1778.2794100389228
[[96.91015, 94.91023, 95.770836], [95.33011, 0, 0], [0, 0, 0]]
3.1622776601683795e-05 3162.2776601683795
[[96.91015, 94.91023, 95.770836], [95.33011, 96.29404, 0], [0, 0, 0]]
3.1622776601683795e-05 5623.413251903491
[[96.91015, 94.91023, 95.770836], [95.33011, 96.29404, 94.79473], [0, 0, 0]]
5.623413251903491e-05 1778.2794100389228
[[96.91015, 94.91023, 95.770836], [95.33011, 96.29404, 94.79473], [96.34234, 0, 0]]
5.623413251903491e-05 3162.2776601683795
[[96.91015, 94.91023, 95.770836], [95.33011, 96.29404, 94.79473], [96.34234, 96.409294, 0]]
5.623413251903491e-05 5623.413251903491
[[96.91015, 94.91023, 95.770836], [95.33011, 96.29404, 94.79473], [96.34234, 96.409294, 96.46387]]
[-4.625, -4.5, -4.375]
[3.625, 3.75, 3.875]
2.3713737056616554e-05 4216.965034285822
[[95.61864, 0, 0], [0, 0, 0], [0, 0, 0]]
2.3713737056616554e-05 5623.413251903491
[[95.61864, 95.75799, 0], [0, 0, 0], [0, 0, 0]]
2.3713737056616554e-05 7498.942093324558
[[95.61864, 95.75799, 95.70403], [0, 0, 0], [0, 0, 0]]
3.1622776601683795e-05 4216.965034285822
[[95.61864, 95.75799, 95.70403], [95.31621, 0, 0], [0, 0, 0]]
3.1622776601683795e-05 5623.413251903491
[[95.61864, 95.75799, 95.70403], [95.31621, 95.5596, 0], [0, 0, 0]]
3.1622776601683795e-05 7498.942093324558
[[95.61864, 95.75799, 95.70403], [95.31621, 95.5596, 95.93973], [0, 0, 0]]
4.216965034285822e-05 4216.965034285822
[[95.61864, 95.75799, 95.70403], [95.31621, 95.5596, 95.93973], [95.00608, 0, 0]]
4.216965034285822e-05 5623.413251903491
[[95.61864, 95.75799, 95.70403], [95.31621, 95.5596, 95.93973], [95.00608, 93.26631, 0]]
4.216965034285822e-05 7498.942093324558
[[95.61864, 95.75799, 95.70403], [95.31621, 95.5596, 95.93973], [95.00608, 93.26631, 92.31441]]
[-4.4375, -4.375, -4.3125]
[3.8125, 3.875, 3.9375]
5 50
Score: 92.31441
4.216965034285822e-05 7498.942093324558
Time 14299.296062231064
