Created graph
0.1 1000
[[7.534867e+18, 0, 0], [0, 0, 0], [0, 0, 0]]
0.1 100000
[[7.534867e+18, 1.3352581e+19, 0], [0, 0, 0], [0, 0, 0]]
0.1 10000000
[[7.534867e+18, 1.3352581e+19, inf], [0, 0, 0], [0, 0, 0]]
1e-05 1000
[[7.534867e+18, 1.3352581e+19, inf], [103.23989, 0, 0], [0, 0, 0]]
1e-05 100000
[[7.534867e+18, 1.3352581e+19, inf], [103.23989, 122.842834, 0], [0, 0, 0]]
1e-05 10000000
[[7.534867e+18, 1.3352581e+19, inf], [103.23989, 122.842834, 241.23607], [0, 0, 0]]
1e-09 1000
[[7.534867e+18, 1.3352581e+19, inf], [103.23989, 122.842834, 241.23607], [268.53067, 0, 0]]
1e-09 100000
[[7.534867e+18, 1.3352581e+19, inf], [103.23989, 122.842834, 241.23607], [268.53067, 268.36115, 0]]
1e-09 10000000
[[7.534867e+18, 1.3352581e+19, inf], [103.23989, 122.842834, 241.23607], [268.53067, 268.36115, 268.24274]]
[-7.0, -5, -3.0]
[1.0, 3, 5.0]
1e-07 10.0
[[255.068, 0, 0], [0, 0, 0], [0, 0, 0]]
1e-07 1000
[[255.068, 254.86295, 0], [0, 0, 0], [0, 0, 0]]
1e-07 100000.0
[[255.068, 254.86295, 256.6689], [0, 0, 0], [0, 0, 0]]
1e-05 10.0
[[255.068, 254.86295, 256.6689], [98.900185, 0, 0], [0, 0, 0]]
1e-05 1000
[[255.068, 254.86295, 256.6689], [98.900185, 101.82908, 0], [0, 0, 0]]
1e-05 100000.0
[[255.068, 254.86295, 256.6689], [98.900185, 101.82908, 121.62049], [0, 0, 0]]
0.001 10.0
[[255.068, 254.86295, 256.6689], [98.900185, 101.82908, 121.62049], [104.89127, 0, 0]]
0.001 1000
[[255.068, 254.86295, 256.6689], [98.900185, 101.82908, 121.62049], [104.89127, 104.6582, 0]]
0.001 100000.0
[[255.068, 254.86295, 256.6689], [98.900185, 101.82908, 121.62049], [104.89127, 104.6582, 188.34512]]
[-6.0, -5, -4.0]
[0.0, 1.0, 2.0]
1e-06 1.0
[[139.54395, 0, 0], [0, 0, 0], [0, 0, 0]]
1e-06 10.0
[[139.54395, 136.87054, 0], [0, 0, 0], [0, 0, 0]]
1e-06 100.0
[[139.54395, 136.87054, 137.50386], [0, 0, 0], [0, 0, 0]]
1e-05 1.0
[[139.54395, 136.87054, 137.50386], [102.53964, 0, 0], [0, 0, 0]]
1e-05 10.0
[[139.54395, 136.87054, 137.50386], [102.53964, 102.499176, 0], [0, 0, 0]]
1e-05 100.0
[[139.54395, 136.87054, 137.50386], [102.53964, 102.499176, 102.85963], [0, 0, 0]]
0.0001 1.0
[[139.54395, 136.87054, 137.50386], [102.53964, 102.499176, 102.85963], [103.283875, 0, 0]]
0.0001 10.0
[[139.54395, 136.87054, 137.50386], [102.53964, 102.499176, 102.85963], [103.283875, 103.44631, 0]]
0.0001 100.0
[[139.54395, 136.87054, 137.50386], [102.53964, 102.499176, 102.85963], [103.283875, 103.44631, 103.056404]]
[-5.5, -5, -4.5]
[0.5, 1.0, 1.5]
3.162277660168379e-06 3.1622776601683795
[[103.689186, 0, 0], [0, 0, 0], [0, 0, 0]]
3.162277660168379e-06 10.0
[[103.689186, 104.09643, 0], [0, 0, 0], [0, 0, 0]]
3.162277660168379e-06 31.622776601683793
[[103.689186, 104.09643, 103.71349], [0, 0, 0], [0, 0, 0]]
1e-05 3.1622776601683795
[[103.689186, 104.09643, 103.71349], [103.26279, 0, 0], [0, 0, 0]]
1e-05 10.0
[[103.689186, 104.09643, 103.71349], [103.26279, 102.69735, 0], [0, 0, 0]]
1e-05 31.622776601683793
[[103.689186, 104.09643, 103.71349], [103.26279, 102.69735, 103.37021], [0, 0, 0]]
3.1622776601683795e-05 3.1622776601683795
[[103.689186, 104.09643, 103.71349], [103.26279, 102.69735, 103.37021], [99.70061, 0, 0]]
3.1622776601683795e-05 10.0
[[103.689186, 104.09643, 103.71349], [103.26279, 102.69735, 103.37021], [99.70061, 102.44943, 0]]
3.1622776601683795e-05 31.622776601683793
[[103.689186, 104.09643, 103.71349], [103.26279, 102.69735, 103.37021], [99.70061, 102.44943, 99.85771]]
[-4.75, -4.5, -4.25]
[0.25, 0.5, 0.75]
1.778279410038923e-05 1.7782794100389228
[[103.859146, 0, 0], [0, 0, 0], [0, 0, 0]]
1.778279410038923e-05 3.1622776601683795
[[103.859146, 102.62048, 0], [0, 0, 0], [0, 0, 0]]
1.778279410038923e-05 5.623413251903491
[[103.859146, 102.62048, 102.528114], [0, 0, 0], [0, 0, 0]]
3.1622776601683795e-05 1.7782794100389228
[[103.859146, 102.62048, 102.528114], [101.12501, 0, 0], [0, 0, 0]]
3.1622776601683795e-05 3.1622776601683795
[[103.859146, 102.62048, 102.528114], [101.12501, 100.103226, 0], [0, 0, 0]]
3.1622776601683795e-05 5.623413251903491
[[103.859146, 102.62048, 102.528114], [101.12501, 100.103226, 102.03555], [0, 0, 0]]
5.623413251903491e-05 1.7782794100389228
[[103.859146, 102.62048, 102.528114], [101.12501, 100.103226, 102.03555], [103.781265, 0, 0]]
5.623413251903491e-05 3.1622776601683795
[[103.859146, 102.62048, 102.528114], [101.12501, 100.103226, 102.03555], [103.781265, 100.32615, 0]]
5.623413251903491e-05 5.623413251903491
[[103.859146, 102.62048, 102.528114], [101.12501, 100.103226, 102.03555], [103.781265, 100.32615, 103.302605]]
[-4.625, -4.5, -4.375]
[0.375, 0.5, 0.625]
2.3713737056616554e-05 2.371373705661655
[[101.928665, 0, 0], [0, 0, 0], [0, 0, 0]]
2.3713737056616554e-05 3.1622776601683795
[[101.928665, 101.67603, 0], [0, 0, 0], [0, 0, 0]]
2.3713737056616554e-05 4.216965034285822
[[101.928665, 101.67603, 101.66666], [0, 0, 0], [0, 0, 0]]
3.1622776601683795e-05 2.371373705661655
[[101.928665, 101.67603, 101.66666], [100.30822, 0, 0], [0, 0, 0]]
3.1622776601683795e-05 3.1622776601683795
[[101.928665, 101.67603, 101.66666], [100.30822, 103.98645, 0], [0, 0, 0]]
3.1622776601683795e-05 4.216965034285822
[[101.928665, 101.67603, 101.66666], [100.30822, 103.98645, 101.685715], [0, 0, 0]]
4.216965034285822e-05 2.371373705661655
[[101.928665, 101.67603, 101.66666], [100.30822, 103.98645, 101.685715], [101.08297, 0, 0]]
4.216965034285822e-05 3.1622776601683795
[[101.928665, 101.67603, 101.66666], [100.30822, 103.98645, 101.685715], [101.08297, 100.83381, 0]]
4.216965034285822e-05 4.216965034285822
[[101.928665, 101.67603, 101.66666], [100.30822, 103.98645, 101.685715], [101.08297, 100.83381, 100.651764]]
[-4.5625, -4.5, -4.4375]
[0.3125, 0.375, 0.4375]
4 200
Score: 100.30822
3.1622776601683795e-05 2.371373705661655
Time 14052.445906877518
