Created graph
0.1 1000
[[1.327882e+19, 0, 0], [0, 0, 0], [0, 0, 0]]
0.1 100000
[[1.327882e+19, inf, 0], [0, 0, 0], [0, 0, 0]]
0.1 10000000
[[1.327882e+19, inf, inf], [0, 0, 0], [0, 0, 0]]
1e-05 1000
[[1.327882e+19, inf, inf], [92.49924, 0, 0], [0, 0, 0]]
1e-05 100000
[[1.327882e+19, inf, inf], [92.49924, 100.668564, 0], [0, 0, 0]]
1e-05 10000000
[[1.327882e+19, inf, inf], [92.49924, 100.668564, 220.73062], [0, 0, 0]]
1e-09 1000
[[1.327882e+19, inf, inf], [92.49924, 100.668564, 220.73062], [244.63043, 0, 0]]
1e-09 100000
[[1.327882e+19, inf, inf], [92.49924, 100.668564, 220.73062], [244.63043, 245.41019, 0]]
1e-09 10000000
[[1.327882e+19, inf, inf], [92.49924, 100.668564, 220.73062], [244.63043, 245.41019, 245.2624]]
[-7.0, -5, -3.0]
[1.0, 3, 5.0]
1e-07 10.0
[[229.4174, 0, 0], [0, 0, 0], [0, 0, 0]]
1e-07 1000
[[229.4174, 231.40924, 0], [0, 0, 0], [0, 0, 0]]
1e-07 100000.0
[[229.4174, 231.40924, 231.40309], [0, 0, 0], [0, 0, 0]]
1e-05 10.0
[[229.4174, 231.40924, 231.40309], [92.96729, 0, 0], [0, 0, 0]]
1e-05 1000
[[229.4174, 231.40924, 231.40309], [92.96729, 90.977936, 0], [0, 0, 0]]
1e-05 100000.0
[[229.4174, 231.40924, 231.40309], [92.96729, 90.977936, 101.08452], [0, 0, 0]]
0.001 10.0
[[229.4174, 231.40924, 231.40309], [92.96729, 90.977936, 101.08452], [166.63249, 0, 0]]
0.001 1000
[[229.4174, 231.40924, 231.40309], [92.96729, 90.977936, 101.08452], [166.63249, 128.90009, 0]]
0.001 100000.0
[[229.4174, 231.40924, 231.40309], [92.96729, 90.977936, 101.08452], [166.63249, 128.90009, 200.36694]]
[-6.0, -5, -4.0]
[2.0, 3, 4.0]
1e-06 100.0
[[115.36119, 0, 0], [0, 0, 0], [0, 0, 0]]
1e-06 1000
[[115.36119, 113.23818, 0], [0, 0, 0], [0, 0, 0]]
1e-06 10000.0
[[115.36119, 113.23818, 113.812546], [0, 0, 0], [0, 0, 0]]
1e-05 100.0
[[115.36119, 113.23818, 113.812546], [90.79682, 0, 0], [0, 0, 0]]
1e-05 1000
[[115.36119, 113.23818, 113.812546], [90.79682, 92.05167, 0], [0, 0, 0]]
1e-05 10000.0
[[115.36119, 113.23818, 113.812546], [90.79682, 92.05167, 92.59584], [0, 0, 0]]
0.0001 100.0
[[115.36119, 113.23818, 113.812546], [90.79682, 92.05167, 92.59584], [109.78054, 0, 0]]
0.0001 1000
[[115.36119, 113.23818, 113.812546], [90.79682, 92.05167, 92.59584], [109.78054, 107.49492, 0]]
0.0001 10000.0
[[115.36119, 113.23818, 113.812546], [90.79682, 92.05167, 92.59584], [109.78054, 107.49492, 96.87058]]
[-5.5, -5, -4.5]
[1.5, 2.0, 2.5]
3.162277660168379e-06 31.622776601683793
[[92.39948, 0, 0], [0, 0, 0], [0, 0, 0]]
3.162277660168379e-06 100.0
[[92.39948, 90.36319, 0], [0, 0, 0], [0, 0, 0]]
3.162277660168379e-06 316.22776601683796
[[92.39948, 90.36319, 93.87697], [0, 0, 0], [0, 0, 0]]
1e-05 31.622776601683793
[[92.39948, 90.36319, 93.87697], [94.027054, 0, 0], [0, 0, 0]]
1e-05 100.0
[[92.39948, 90.36319, 93.87697], [94.027054, 92.41466, 0], [0, 0, 0]]
1e-05 316.22776601683796
[[92.39948, 90.36319, 93.87697], [94.027054, 92.41466, 91.87528], [0, 0, 0]]
3.1622776601683795e-05 31.622776601683793
[[92.39948, 90.36319, 93.87697], [94.027054, 92.41466, 91.87528], [95.14618, 0, 0]]
3.1622776601683795e-05 100.0
[[92.39948, 90.36319, 93.87697], [94.027054, 92.41466, 91.87528], [95.14618, 95.84646, 0]]
3.1622776601683795e-05 316.22776601683796
[[92.39948, 90.36319, 93.87697], [94.027054, 92.41466, 91.87528], [95.14618, 95.84646, 93.519646]]
[-5.75, -5.5, -5.25]
[1.75, 2.0, 2.25]
1.778279410038923e-06 56.23413251903491
[[98.3743, 0, 0], [0, 0, 0], [0, 0, 0]]
1.778279410038923e-06 100.0
[[98.3743, 97.12249, 0], [0, 0, 0], [0, 0, 0]]
1.778279410038923e-06 177.82794100389228
[[98.3743, 97.12249, 97.46925], [0, 0, 0], [0, 0, 0]]
3.162277660168379e-06 56.23413251903491
[[98.3743, 97.12249, 97.46925], [92.43958, 0, 0], [0, 0, 0]]
3.162277660168379e-06 100.0
[[98.3743, 97.12249, 97.46925], [92.43958, 93.5623, 0], [0, 0, 0]]
3.162277660168379e-06 177.82794100389228
[[98.3743, 97.12249, 97.46925], [92.43958, 93.5623, 90.79909], [0, 0, 0]]
5.623413251903491e-06 56.23413251903491
[[98.3743, 97.12249, 97.46925], [92.43958, 93.5623, 90.79909], [89.69992, 0, 0]]
5.623413251903491e-06 100.0
[[98.3743, 97.12249, 97.46925], [92.43958, 93.5623, 90.79909], [89.69992, 91.569954, 0]]
5.623413251903491e-06 177.82794100389228
[[98.3743, 97.12249, 97.46925], [92.43958, 93.5623, 90.79909], [89.69992, 91.569954, 94.15176]]
[-5.375, -5.25, -5.125]
[1.625, 1.75, 1.875]
4.216965034285822e-06 42.169650342858226
[[93.300476, 0, 0], [0, 0, 0], [0, 0, 0]]
4.216965034285822e-06 56.23413251903491
[[93.300476, 91.119865, 0], [0, 0, 0], [0, 0, 0]]
4.216965034285822e-06 74.98942093324558
[[93.300476, 91.119865, 92.065956], [0, 0, 0], [0, 0, 0]]
5.623413251903491e-06 42.169650342858226
[[93.300476, 91.119865, 92.065956], [93.55882, 0, 0], [0, 0, 0]]
5.623413251903491e-06 56.23413251903491
[[93.300476, 91.119865, 92.065956], [93.55882, 91.75902, 0], [0, 0, 0]]
5.623413251903491e-06 74.98942093324558
[[93.300476, 91.119865, 92.065956], [93.55882, 91.75902, 92.05001], [0, 0, 0]]
7.498942093324558e-06 42.169650342858226
[[93.300476, 91.119865, 92.065956], [93.55882, 91.75902, 92.05001], [91.26627, 0, 0]]
7.498942093324558e-06 56.23413251903491
[[93.300476, 91.119865, 92.065956], [93.55882, 91.75902, 92.05001], [91.26627, 90.919014, 0]]
7.498942093324558e-06 74.98942093324558
[[93.300476, 91.119865, 92.065956], [93.55882, 91.75902, 92.05001], [91.26627, 90.919014, 91.120476]]
[-5.1875, -5.125, -5.0625]
[1.6875, 1.75, 1.8125]
6 200
Score: 90.919014
7.498942093324558e-06 56.23413251903491
Time 20263.910376787186
