Created graph
0.1 1000
[[1.0982296e+19, 0, 0], [0, 0, 0], [0, 0, 0]]
0.1 100000
[[1.0982296e+19, 1.3859066e+19, 0], [0, 0, 0], [0, 0, 0]]
0.1 10000000
[[1.0982296e+19, 1.3859066e+19, inf], [0, 0, 0], [0, 0, 0]]
1e-05 1000
[[1.0982296e+19, 1.3859066e+19, inf], [95.6159, 0, 0], [0, 0, 0]]
1e-05 100000
[[1.0982296e+19, 1.3859066e+19, inf], [95.6159, 110.18641, 0], [0, 0, 0]]
1e-05 10000000
[[1.0982296e+19, 1.3859066e+19, inf], [95.6159, 110.18641, 225.97737], [0, 0, 0]]
1e-09 1000
[[1.0982296e+19, 1.3859066e+19, inf], [95.6159, 110.18641, 225.97737], [250.61613, 0, 0]]
1e-09 100000
[[1.0982296e+19, 1.3859066e+19, inf], [95.6159, 110.18641, 225.97737], [250.61613, 251.44568, 0]]
1e-09 10000000
[[1.0982296e+19, 1.3859066e+19, inf], [95.6159, 110.18641, 225.97737], [250.61613, 251.44568, 251.28778]]
[-7.0, -5, -3.0]
[1.0, 3, 5.0]
1e-07 10.0
[[238.39784, 0, 0], [0, 0, 0], [0, 0, 0]]
1e-07 1000
[[238.39784, 235.23752, 0], [0, 0, 0], [0, 0, 0]]
1e-07 100000.0
[[238.39784, 235.23752, 238.78703], [0, 0, 0], [0, 0, 0]]
1e-05 10.0
[[238.39784, 235.23752, 238.78703], [96.19165, 0, 0], [0, 0, 0]]
1e-05 1000
[[238.39784, 235.23752, 238.78703], [96.19165, 92.850426, 0], [0, 0, 0]]
1e-05 100000.0
[[238.39784, 235.23752, 238.78703], [96.19165, 92.850426, 109.188446], [0, 0, 0]]
0.001 10.0
[[238.39784, 235.23752, 238.78703], [96.19165, 92.850426, 109.188446], [116.64823, 0, 0]]
0.001 1000
[[238.39784, 235.23752, 238.78703], [96.19165, 92.850426, 109.188446], [116.64823, 115.02412, 0]]
0.001 100000.0
[[238.39784, 235.23752, 238.78703], [96.19165, 92.850426, 109.188446], [116.64823, 115.02412, 204.43143]]
[-6.0, -5, -4.0]
[2.0, 3, 4.0]
1e-06 100.0
[[119.83985, 0, 0], [0, 0, 0], [0, 0, 0]]
1e-06 1000
[[119.83985, 121.3259, 0], [0, 0, 0], [0, 0, 0]]
1e-06 10000.0
[[119.83985, 121.3259, 123.925125], [0, 0, 0], [0, 0, 0]]
1e-05 100.0
[[119.83985, 121.3259, 123.925125], [91.49205, 0, 0], [0, 0, 0]]
1e-05 1000
[[119.83985, 121.3259, 123.925125], [91.49205, 91.004395, 0], [0, 0, 0]]
1e-05 10000.0
[[119.83985, 121.3259, 123.925125], [91.49205, 91.004395, 94.0408], [0, 0, 0]]
0.0001 100.0
[[119.83985, 121.3259, 123.925125], [91.49205, 91.004395, 94.0408], [101.86442, 0, 0]]
0.0001 1000
[[119.83985, 121.3259, 123.925125], [91.49205, 91.004395, 94.0408], [101.86442, 100.453354, 0]]
0.0001 10000.0
[[119.83985, 121.3259, 123.925125], [91.49205, 91.004395, 94.0408], [101.86442, 100.453354, 97.987785]]
[-5.5, -5, -4.5]
[2.5, 3, 3.5]
3.162277660168379e-06 316.22776601683796
[[95.7929, 0, 0], [0, 0, 0], [0, 0, 0]]
3.162277660168379e-06 1000
[[95.7929, 95.49679, 0], [0, 0, 0], [0, 0, 0]]
3.162277660168379e-06 3162.2776601683795
[[95.7929, 95.49679, 94.9082], [0, 0, 0], [0, 0, 0]]
1e-05 316.22776601683796
[[95.7929, 95.49679, 94.9082], [93.24314, 0, 0], [0, 0, 0]]
1e-05 1000
[[95.7929, 95.49679, 94.9082], [93.24314, 95.47092, 0], [0, 0, 0]]
1e-05 3162.2776601683795
[[95.7929, 95.49679, 94.9082], [93.24314, 95.47092, 91.50875], [0, 0, 0]]
3.1622776601683795e-05 316.22776601683796
[[95.7929, 95.49679, 94.9082], [93.24314, 95.47092, 91.50875], [95.22364, 0, 0]]
3.1622776601683795e-05 1000
[[95.7929, 95.49679, 94.9082], [93.24314, 95.47092, 91.50875], [95.22364, 94.60438, 0]]
3.1622776601683795e-05 3162.2776601683795
[[95.7929, 95.49679, 94.9082], [93.24314, 95.47092, 91.50875], [95.22364, 94.60438, 94.76041]]
[-5.25, -5, -4.75]
[3.25, 3.5, 3.75]
5.623413251903491e-06 1778.2794100389228
[[91.30956, 0, 0], [0, 0, 0], [0, 0, 0]]
5.623413251903491e-06 3162.2776601683795
[[91.30956, 93.944016, 0], [0, 0, 0], [0, 0, 0]]
5.623413251903491e-06 5623.413251903491
[[91.30956, 93.944016, 93.75715], [0, 0, 0], [0, 0, 0]]
1e-05 1778.2794100389228
[[91.30956, 93.944016, 93.75715], [92.06406, 0, 0], [0, 0, 0]]
1e-05 3162.2776601683795
[[91.30956, 93.944016, 93.75715], [92.06406, 95.18218, 0], [0, 0, 0]]
1e-05 5623.413251903491
[[91.30956, 93.944016, 93.75715], [92.06406, 95.18218, 92.703415], [0, 0, 0]]
1.778279410038923e-05 1778.2794100389228
[[91.30956, 93.944016, 93.75715], [92.06406, 95.18218, 92.703415], [93.62395, 0, 0]]
1.778279410038923e-05 3162.2776601683795
[[91.30956, 93.944016, 93.75715], [92.06406, 95.18218, 92.703415], [93.62395, 90.099396, 0]]
1.778279410038923e-05 5623.413251903491
[[91.30956, 93.944016, 93.75715], [92.06406, 95.18218, 92.703415], [93.62395, 90.099396, 95.1221]]
[-4.875, -4.75, -4.625]
[3.375, 3.5, 3.625]
1.333521432163324e-05 2371.373705661655
[[93.63869, 0, 0], [0, 0, 0], [0, 0, 0]]
1.333521432163324e-05 3162.2776601683795
[[93.63869, 95.10914, 0], [0, 0, 0], [0, 0, 0]]
1.333521432163324e-05 4216.965034285822
[[93.63869, 95.10914, 92.88716], [0, 0, 0], [0, 0, 0]]
1.778279410038923e-05 2371.373705661655
[[93.63869, 95.10914, 92.88716], [95.211876, 0, 0], [0, 0, 0]]
1.778279410038923e-05 3162.2776601683795
[[93.63869, 95.10914, 92.88716], [95.211876, 92.0961, 0], [0, 0, 0]]
1.778279410038923e-05 4216.965034285822
[[93.63869, 95.10914, 92.88716], [95.211876, 92.0961, 93.078354], [0, 0, 0]]
2.3713737056616554e-05 2371.373705661655
[[93.63869, 95.10914, 92.88716], [95.211876, 92.0961, 93.078354], [93.41497, 0, 0]]
2.3713737056616554e-05 3162.2776601683795
[[93.63869, 95.10914, 92.88716], [95.211876, 92.0961, 93.078354], [93.41497, 91.44432, 0]]
2.3713737056616554e-05 4216.965034285822
[[93.63869, 95.10914, 92.88716], [95.211876, 92.0961, 93.078354], [93.41497, 91.44432, 94.114746]]
[-4.6875, -4.625, -4.5625]
[3.4375, 3.5, 3.5625]
5 250
Score: 91.44432
2.3713737056616554e-05 3162.2776601683795
Time 15833.24763417244
