Created graph
0.1 1000
[[1.0623793e+19, 0, 0], [0, 0, 0], [0, 0, 0]]
0.1 100000
[[1.0623793e+19, inf, 0], [0, 0, 0], [0, 0, 0]]
0.1 10000000
[[1.0623793e+19, inf, inf], [0, 0, 0], [0, 0, 0]]
1e-05 1000
[[1.0623793e+19, inf, inf], [89.58896, 0, 0], [0, 0, 0]]
1e-05 100000
[[1.0623793e+19, inf, inf], [89.58896, 100.137886, 0], [0, 0, 0]]
1e-05 10000000
[[1.0623793e+19, inf, inf], [89.58896, 100.137886, 187.45105], [0, 0, 0]]
1e-09 1000
[[1.0623793e+19, inf, inf], [89.58896, 100.137886, 187.45105], [208.56207, 0, 0]]
1e-09 100000
[[1.0623793e+19, inf, inf], [89.58896, 100.137886, 187.45105], [208.56207, 207.69434, 0]]
1e-09 10000000
[[1.0623793e+19, inf, inf], [89.58896, 100.137886, 187.45105], [208.56207, 207.69434, 208.15814]]
[-7.0, -5, -3.0]
[1.0, 3, 5.0]
1e-07 10.0
[[190.36488, 0, 0], [0, 0, 0], [0, 0, 0]]
1e-07 1000
[[190.36488, 191.00447, 0], [0, 0, 0], [0, 0, 0]]
1e-07 100000.0
[[190.36488, 191.00447, 195.27219], [0, 0, 0], [0, 0, 0]]
1e-05 10.0
[[190.36488, 191.00447, 195.27219], [91.68737, 0, 0], [0, 0, 0]]
1e-05 1000
[[190.36488, 191.00447, 195.27219], [91.68737, 92.31874, 0], [0, 0, 0]]
1e-05 100000.0
[[190.36488, 191.00447, 195.27219], [91.68737, 92.31874, 100.23369], [0, 0, 0]]
0.001 10.0
[[190.36488, 191.00447, 195.27219], [91.68737, 92.31874, 100.23369], [150.38458, 0, 0]]
0.001 1000
[[190.36488, 191.00447, 195.27219], [91.68737, 92.31874, 100.23369], [150.38458, 134.50528, 0]]
0.001 100000.0
[[190.36488, 191.00447, 195.27219], [91.68737, 92.31874, 100.23369], [150.38458, 134.50528, 164.29594]]
[-6.0, -5, -4.0]
[0.0, 1.0, 2.0]
1e-06 1.0
[[116.66723, 0, 0], [0, 0, 0], [0, 0, 0]]
1e-06 10.0
[[116.66723, 113.72808, 0], [0, 0, 0], [0, 0, 0]]
1e-06 100.0
[[116.66723, 113.72808, 117.15942], [0, 0, 0], [0, 0, 0]]
1e-05 1.0
[[116.66723, 113.72808, 117.15942], [91.51421, 0, 0], [0, 0, 0]]
1e-05 10.0
[[116.66723, 113.72808, 117.15942], [91.51421, 91.05928, 0], [0, 0, 0]]
1e-05 100.0
[[116.66723, 113.72808, 117.15942], [91.51421, 91.05928, 91.78091], [0, 0, 0]]
0.0001 1.0
[[116.66723, 113.72808, 117.15942], [91.51421, 91.05928, 91.78091], [102.867, 0, 0]]
0.0001 10.0
[[116.66723, 113.72808, 117.15942], [91.51421, 91.05928, 91.78091], [102.867, 105.72321, 0]]
0.0001 100.0
[[116.66723, 113.72808, 117.15942], [91.51421, 91.05928, 91.78091], [102.867, 105.72321, 107.518814]]
[-5.5, -5, -4.5]
[0.5, 1.0, 1.5]
3.162277660168379e-06 3.1622776601683795
[[91.60854, 0, 0], [0, 0, 0], [0, 0, 0]]
3.162277660168379e-06 10.0
[[91.60854, 90.95344, 0], [0, 0, 0], [0, 0, 0]]
3.162277660168379e-06 31.622776601683793
[[91.60854, 90.95344, 90.09764], [0, 0, 0], [0, 0, 0]]
1e-05 3.1622776601683795
[[91.60854, 90.95344, 90.09764], [90.10248, 0, 0], [0, 0, 0]]
1e-05 10.0
[[91.60854, 90.95344, 90.09764], [90.10248, 91.84816, 0], [0, 0, 0]]
1e-05 31.622776601683793
[[91.60854, 90.95344, 90.09764], [90.10248, 91.84816, 92.407616], [0, 0, 0]]
3.1622776601683795e-05 3.1622776601683795
[[91.60854, 90.95344, 90.09764], [90.10248, 91.84816, 92.407616], [89.77515, 0, 0]]
3.1622776601683795e-05 10.0
[[91.60854, 90.95344, 90.09764], [90.10248, 91.84816, 92.407616], [89.77515, 92.38947, 0]]
3.1622776601683795e-05 31.622776601683793
[[91.60854, 90.95344, 90.09764], [90.10248, 91.84816, 92.407616], [89.77515, 92.38947, 90.91073]]
[-4.75, -4.5, -4.25]
[0.25, 0.5, 0.75]
1.778279410038923e-05 1.7782794100389228
[[89.519424, 0, 0], [0, 0, 0], [0, 0, 0]]
1.778279410038923e-05 3.1622776601683795
[[89.519424, 92.93859, 0], [0, 0, 0], [0, 0, 0]]
1.778279410038923e-05 5.623413251903491
[[89.519424, 92.93859, 91.4], [0, 0, 0], [0, 0, 0]]
3.1622776601683795e-05 1.7782794100389228
[[89.519424, 92.93859, 91.4], [92.00156, 0, 0], [0, 0, 0]]
3.1622776601683795e-05 3.1622776601683795
[[89.519424, 92.93859, 91.4], [92.00156, 91.737366, 0], [0, 0, 0]]
3.1622776601683795e-05 5.623413251903491
[[89.519424, 92.93859, 91.4], [92.00156, 91.737366, 91.639404], [0, 0, 0]]
5.623413251903491e-05 1.7782794100389228
[[89.519424, 92.93859, 91.4], [92.00156, 91.737366, 91.639404], [94.20024, 0, 0]]
5.623413251903491e-05 3.1622776601683795
[[89.519424, 92.93859, 91.4], [92.00156, 91.737366, 91.639404], [94.20024, 96.37739, 0]]
5.623413251903491e-05 5.623413251903491
[[89.519424, 92.93859, 91.4], [92.00156, 91.737366, 91.639404], [94.20024, 96.37739, 98.48123]]
[-4.875, -4.75, -4.625]
[0.125, 0.25, 0.375]
1.333521432163324e-05 1.333521432163324
[[92.9341, 0, 0], [0, 0, 0], [0, 0, 0]]
1.333521432163324e-05 1.7782794100389228
[[92.9341, 91.37064, 0], [0, 0, 0], [0, 0, 0]]
1.333521432163324e-05 2.371373705661655
[[92.9341, 91.37064, 90.92603], [0, 0, 0], [0, 0, 0]]
1.778279410038923e-05 1.333521432163324
[[92.9341, 91.37064, 90.92603], [91.343636, 0, 0], [0, 0, 0]]
1.778279410038923e-05 1.7782794100389228
[[92.9341, 91.37064, 90.92603], [91.343636, 90.85965, 0], [0, 0, 0]]
1.778279410038923e-05 2.371373705661655
[[92.9341, 91.37064, 90.92603], [91.343636, 90.85965, 89.52577], [0, 0, 0]]
2.3713737056616554e-05 1.333521432163324
[[92.9341, 91.37064, 90.92603], [91.343636, 90.85965, 89.52577], [90.89555, 0, 0]]
2.3713737056616554e-05 1.7782794100389228
[[92.9341, 91.37064, 90.92603], [91.343636, 90.85965, 89.52577], [90.89555, 89.73807, 0]]
2.3713737056616554e-05 2.371373705661655
[[92.9341, 91.37064, 90.92603], [91.343636, 90.85965, 89.52577], [90.89555, 89.73807, 91.5529]]
[-4.8125, -4.75, -4.6875]
[0.3125, 0.375, 0.4375]
7 200
Score: 89.52577
1.778279410038923e-05 2.371373705661655
Time 14139.591059207916
