Created graph
0.1 1000
[[260.83902, 0, 0], [0, 0, 0], [0, 0, 0]]
0.1 100000
[[260.83902, inf, 0], [0, 0, 0], [0, 0, 0]]
0.1 10000000
[[260.83902, inf, 9.320199e+18], [0, 0, 0], [0, 0, 0]]
1e-05 1000
[[260.83902, inf, 9.320199e+18], [111.482086, 0, 0], [0, 0, 0]]
1e-05 100000
[[260.83902, inf, 9.320199e+18], [111.482086, 119.93332, 0], [0, 0, 0]]
1e-05 10000000
[[260.83902, inf, 9.320199e+18], [111.482086, 119.93332, 227.35973], [0, 0, 0]]
1e-09 1000
[[260.83902, inf, 9.320199e+18], [111.482086, 119.93332, 227.35973], [257.0725, 0, 0]]
1e-09 100000
[[260.83902, inf, 9.320199e+18], [111.482086, 119.93332, 227.35973], [257.0725, 256.52448, 0]]
1e-09 10000000
[[260.83902, inf, 9.320199e+18], [111.482086, 119.93332, 227.35973], [257.0725, 256.52448, 256.8455]]
[-7.0, -5, -3.0]
[1.0, 3, 5.0]
1e-07 10.0
[[247.20343, 0, 0], [0, 0, 0], [0, 0, 0]]
1e-07 1000
[[247.20343, 245.37865, 0], [0, 0, 0], [0, 0, 0]]
1e-07 100000.0
[[247.20343, 245.37865, 245.98091], [0, 0, 0], [0, 0, 0]]
1e-05 10.0
[[247.20343, 245.37865, 245.98091], [113.26999, 0, 0], [0, 0, 0]]
1e-05 1000
[[247.20343, 245.37865, 245.98091], [113.26999, 110.22422, 0], [0, 0, 0]]
1e-05 100000.0
[[247.20343, 245.37865, 245.98091], [113.26999, 110.22422, 120.59529], [0, 0, 0]]
0.001 10.0
[[247.20343, 245.37865, 245.98091], [113.26999, 110.22422, 120.59529], [118.05347, 0, 0]]
0.001 1000
[[247.20343, 245.37865, 245.98091], [113.26999, 110.22422, 120.59529], [118.05347, 112.54588, 0]]
0.001 100000.0
[[247.20343, 245.37865, 245.98091], [113.26999, 110.22422, 120.59529], [118.05347, 112.54588, 158.42854]]
[-6.0, -5, -4.0]
[2.0, 3, 4.0]
1e-06 100.0
[[131.34866, 0, 0], [0, 0, 0], [0, 0, 0]]
1e-06 1000
[[131.34866, 135.74774, 0], [0, 0, 0], [0, 0, 0]]
1e-06 10000.0
[[131.34866, 135.74774, 131.6124], [0, 0, 0], [0, 0, 0]]
1e-05 100.0
[[131.34866, 135.74774, 131.6124], [111.71728, 0, 0], [0, 0, 0]]
1e-05 1000
[[131.34866, 135.74774, 131.6124], [111.71728, 111.30169, 0], [0, 0, 0]]
1e-05 10000.0
[[131.34866, 135.74774, 131.6124], [111.71728, 111.30169, 110.45897], [0, 0, 0]]
0.0001 100.0
[[131.34866, 135.74774, 131.6124], [111.71728, 111.30169, 110.45897], [116.58095, 0, 0]]
0.0001 1000
[[131.34866, 135.74774, 131.6124], [111.71728, 111.30169, 110.45897], [116.58095, 113.43113, 0]]
0.0001 10000.0
[[131.34866, 135.74774, 131.6124], [111.71728, 111.30169, 110.45897], [116.58095, 113.43113, 109.8745]]
[-4.5, -4.0, -3.5]
[3.5, 4.0, 4.5]
3.1622776601683795e-05 3162.2776601683795
[[109.970505, 0, 0], [0, 0, 0], [0, 0, 0]]
3.1622776601683795e-05 10000.0
[[109.970505, 110.586845, 0], [0, 0, 0], [0, 0, 0]]
3.1622776601683795e-05 31622.776601683792
[[109.970505, 110.586845, 110.29221], [0, 0, 0], [0, 0, 0]]
0.0001 3162.2776601683795
[[109.970505, 110.586845, 110.29221], [111.46742, 0, 0], [0, 0, 0]]
0.0001 10000.0
[[109.970505, 110.586845, 110.29221], [111.46742, 109.341484, 0], [0, 0, 0]]
0.0001 31622.776601683792
[[109.970505, 110.586845, 110.29221], [111.46742, 109.341484, 108.91078], [0, 0, 0]]
0.00031622776601683794 3162.2776601683795
[[109.970505, 110.586845, 110.29221], [111.46742, 109.341484, 108.91078], [112.65908, 0, 0]]
0.00031622776601683794 10000.0
[[109.970505, 110.586845, 110.29221], [111.46742, 109.341484, 108.91078], [112.65908, 110.869644, 0]]
0.00031622776601683794 31622.776601683792
[[109.970505, 110.586845, 110.29221], [111.46742, 109.341484, 108.91078], [112.65908, 110.869644, 109.213425]]
[-4.25, -4.0, -3.75]
[4.25, 4.5, 4.75]
5.623413251903491e-05 17782.794100389227
[[109.237495, 0, 0], [0, 0, 0], [0, 0, 0]]
5.623413251903491e-05 31622.776601683792
[[109.237495, 109.76591, 0], [0, 0, 0], [0, 0, 0]]
5.623413251903491e-05 56234.13251903491
[[109.237495, 109.76591, 110.466385], [0, 0, 0], [0, 0, 0]]
0.0001 17782.794100389227
[[109.237495, 109.76591, 110.466385], [109.41315, 0, 0], [0, 0, 0]]
0.0001 31622.776601683792
[[109.237495, 109.76591, 110.466385], [109.41315, 108.97213, 0], [0, 0, 0]]
0.0001 56234.13251903491
[[109.237495, 109.76591, 110.466385], [109.41315, 108.97213, 109.81687], [0, 0, 0]]
0.00017782794100389227 17782.794100389227
[[109.237495, 109.76591, 110.466385], [109.41315, 108.97213, 109.81687], [109.8723, 0, 0]]
0.00017782794100389227 31622.776601683792
[[109.237495, 109.76591, 110.466385], [109.41315, 108.97213, 109.81687], [109.8723, 108.91549, 0]]
0.00017782794100389227 56234.13251903491
[[109.237495, 109.76591, 110.466385], [109.41315, 108.97213, 109.81687], [109.8723, 108.91549, 108.667114]]
[-3.875, -3.75, -3.625]
[4.625, 4.75, 4.875]
0.0001333521432163324 42169.65034285822
[[109.22644, 0, 0], [0, 0, 0], [0, 0, 0]]
0.0001333521432163324 56234.13251903491
[[109.22644, 109.22636, 0], [0, 0, 0], [0, 0, 0]]
0.0001333521432163324 74989.42093324558
[[109.22644, 109.22636, 109.400444], [0, 0, 0], [0, 0, 0]]
0.00017782794100389227 42169.65034285822
[[109.22644, 109.22636, 109.400444], [109.39131, 0, 0], [0, 0, 0]]
0.00017782794100389227 56234.13251903491
[[109.22644, 109.22636, 109.400444], [109.39131, 108.44083, 0], [0, 0, 0]]
0.00017782794100389227 74989.42093324558
[[109.22644, 109.22636, 109.400444], [109.39131, 108.44083, 108.2992], [0, 0, 0]]
0.00023713737056616554 42169.65034285822
[[109.22644, 109.22636, 109.400444], [109.39131, 108.44083, 108.2992], [108.952736, 0, 0]]
0.00023713737056616554 56234.13251903491
[[109.22644, 109.22636, 109.400444], [109.39131, 108.44083, 108.2992], [108.952736, 108.685844, 0]]
0.00023713737056616554 74989.42093324558
[[109.22644, 109.22636, 109.400444], [109.39131, 108.44083, 108.2992], [108.952736, 108.685844, 108.905266]]
[-3.8125, -3.75, -3.6875]
[4.8125, 4.875, 4.9375]
3 5
Score: 108.2992
0.00017782794100389227 74989.42093324558
Time 17849.327431440353
