Created graph
0.1 1000
[[1.1538118e+19, 0, 0], [0, 0, 0], [0, 0, 0]]
0.1 100000
[[1.1538118e+19, 1.2185998e+19, 0], [0, 0, 0], [0, 0, 0]]
0.1 10000000
[[1.1538118e+19, 1.2185998e+19, inf], [0, 0, 0], [0, 0, 0]]
1e-05 1000
[[1.1538118e+19, 1.2185998e+19, inf], [95.53443, 0, 0], [0, 0, 0]]
1e-05 100000
[[1.1538118e+19, 1.2185998e+19, inf], [95.53443, 93.04281, 0], [0, 0, 0]]
1e-05 10000000
[[1.1538118e+19, 1.2185998e+19, inf], [95.53443, 93.04281, 206.82195], [0, 0, 0]]
1e-09 1000
[[1.1538118e+19, 1.2185998e+19, inf], [95.53443, 93.04281, 206.82195], [233.11638, 0, 0]]
1e-09 100000
[[1.1538118e+19, 1.2185998e+19, inf], [95.53443, 93.04281, 206.82195], [233.11638, 232.61836, 0]]
1e-09 10000000
[[1.1538118e+19, 1.2185998e+19, inf], [95.53443, 93.04281, 206.82195], [233.11638, 232.61836, 233.25383]]
[-7.0, -5, -3.0]
[3.0, 5, 7.0]
1e-07 1000.0
[[219.03522, 0, 0], [0, 0, 0], [0, 0, 0]]
1e-07 100000
[[219.03522, 217.60678, 0], [0, 0, 0], [0, 0, 0]]
1e-07 10000000.0
[[219.03522, 217.60678, 231.21414], [0, 0, 0], [0, 0, 0]]
1e-05 1000.0
[[219.03522, 217.60678, 231.21414], [95.28781, 0, 0], [0, 0, 0]]
1e-05 100000
[[219.03522, 217.60678, 231.21414], [95.28781, 91.97378, 0], [0, 0, 0]]
1e-05 10000000.0
[[219.03522, 217.60678, 231.21414], [95.28781, 91.97378, 206.81044], [0, 0, 0]]
0.001 1000.0
[[219.03522, 217.60678, 231.21414], [95.28781, 91.97378, 206.81044], [118.74891, 0, 0]]
0.001 100000
[[219.03522, 217.60678, 231.21414], [95.28781, 91.97378, 206.81044], [118.74891, 182.34523, 0]]
0.001 10000000.0
[[219.03522, 217.60678, 231.21414], [95.28781, 91.97378, 206.81044], [118.74891, 182.34523, inf]]
[-6.0, -5, -4.0]
[4.0, 5, 6.0]
1e-06 10000.0
[[112.0594, 0, 0], [0, 0, 0], [0, 0, 0]]
1e-06 100000
[[112.0594, 126.97115, 0], [0, 0, 0], [0, 0, 0]]
1e-06 1000000.0
[[112.0594, 126.97115, 208.49907], [0, 0, 0], [0, 0, 0]]
1e-05 10000.0
[[112.0594, 126.97115, 208.49907], [92.029045, 0, 0], [0, 0, 0]]
1e-05 100000
[[112.0594, 126.97115, 208.49907], [92.029045, 92.45445, 0], [0, 0, 0]]
1e-05 1000000.0
[[112.0594, 126.97115, 208.49907], [92.029045, 92.45445, 181.65004], [0, 0, 0]]
0.0001 10000.0
[[112.0594, 126.97115, 208.49907], [92.029045, 92.45445, 181.65004], [93.11294, 0, 0]]
0.0001 100000
[[112.0594, 126.97115, 208.49907], [92.029045, 92.45445, 181.65004], [93.11294, 90.4317, 0]]
0.0001 1000000.0
[[112.0594, 126.97115, 208.49907], [92.029045, 92.45445, 181.65004], [93.11294, 90.4317, 117.65889]]
[-4.5, -4.0, -3.5]
[4.5, 5, 5.5]
3.1622776601683795e-05 31622.776601683792
[[90.435486, 0, 0], [0, 0, 0], [0, 0, 0]]
3.1622776601683795e-05 100000
[[90.435486, 91.240326, 0], [0, 0, 0], [0, 0, 0]]
3.1622776601683795e-05 316227.7660168379
[[90.435486, 91.240326, 96.7842], [0, 0, 0], [0, 0, 0]]
0.0001 31622.776601683792
[[90.435486, 91.240326, 96.7842], [92.47757, 0, 0], [0, 0, 0]]
0.0001 100000
[[90.435486, 91.240326, 96.7842], [92.47757, 90.44002, 0], [0, 0, 0]]
0.0001 316227.7660168379
[[90.435486, 91.240326, 96.7842], [92.47757, 90.44002, 92.17176], [0, 0, 0]]
0.00031622776601683794 31622.776601683792
[[90.435486, 91.240326, 96.7842], [92.47757, 90.44002, 92.17176], [98.24824, 0, 0]]
0.00031622776601683794 100000
[[90.435486, 91.240326, 96.7842], [92.47757, 90.44002, 92.17176], [98.24824, 113.391716, 0]]
0.00031622776601683794 316227.7660168379
[[90.435486, 91.240326, 96.7842], [92.47757, 90.44002, 92.17176], [98.24824, 113.391716, 150.84784]]
[-4.75, -4.5, -4.25]
[4.25, 4.5, 4.75]
1.778279410038923e-05 17782.794100389227
[[91.71965, 0, 0], [0, 0, 0], [0, 0, 0]]
1.778279410038923e-05 31622.776601683792
[[91.71965, 91.10709, 0], [0, 0, 0], [0, 0, 0]]
1.778279410038923e-05 56234.13251903491
[[91.71965, 91.10709, 90.49729], [0, 0, 0], [0, 0, 0]]
3.1622776601683795e-05 17782.794100389227
[[91.71965, 91.10709, 90.49729], [90.04332, 0, 0], [0, 0, 0]]
3.1622776601683795e-05 31622.776601683792
[[91.71965, 91.10709, 90.49729], [90.04332, 91.863266, 0], [0, 0, 0]]
3.1622776601683795e-05 56234.13251903491
[[91.71965, 91.10709, 90.49729], [90.04332, 91.863266, 90.5055], [0, 0, 0]]
5.623413251903491e-05 17782.794100389227
[[91.71965, 91.10709, 90.49729], [90.04332, 91.863266, 90.5055], [92.3945, 0, 0]]
5.623413251903491e-05 31622.776601683792
[[91.71965, 91.10709, 90.49729], [90.04332, 91.863266, 90.5055], [92.3945, 90.863434, 0]]
5.623413251903491e-05 56234.13251903491
[[91.71965, 91.10709, 90.49729], [90.04332, 91.863266, 90.5055], [92.3945, 90.863434, 91.04046]]
[-4.625, -4.5, -4.375]
[4.125, 4.25, 4.375]
2.3713737056616554e-05 13335.21432163324
[[91.73942, 0, 0], [0, 0, 0], [0, 0, 0]]
2.3713737056616554e-05 17782.794100389227
[[91.73942, 92.0996, 0], [0, 0, 0], [0, 0, 0]]
2.3713737056616554e-05 23713.737056616552
[[91.73942, 92.0996, 90.87885], [0, 0, 0], [0, 0, 0]]
3.1622776601683795e-05 13335.21432163324
[[91.73942, 92.0996, 90.87885], [90.80019, 0, 0], [0, 0, 0]]
3.1622776601683795e-05 17782.794100389227
[[91.73942, 92.0996, 90.87885], [90.80019, 91.71028, 0], [0, 0, 0]]
3.1622776601683795e-05 23713.737056616552
[[91.73942, 92.0996, 90.87885], [90.80019, 91.71028, 91.99322], [0, 0, 0]]
4.216965034285822e-05 13335.21432163324
[[91.73942, 92.0996, 90.87885], [90.80019, 91.71028, 91.99322], [93.21122, 0, 0]]
4.216965034285822e-05 17782.794100389227
[[91.73942, 92.0996, 90.87885], [90.80019, 91.71028, 91.99322], [93.21122, 92.83564, 0]]
4.216965034285822e-05 23713.737056616552
[[91.73942, 92.0996, 90.87885], [90.80019, 91.71028, 91.99322], [93.21122, 92.83564, 91.0028]]
[-4.5625, -4.5, -4.4375]
[4.0625, 4.125, 4.1875]
6 5
Score: 90.80019
3.1622776601683795e-05 13335.21432163324
Time 11155.158378839493
