Created graph
0.1 1000
[[1.8083081e+19, 0, 0], [0, 0, 0], [0, 0, 0]]
0.1 100000
[[1.8083081e+19, 1.1818851e+19, 0], [0, 0, 0], [0, 0, 0]]
0.1 10000000
[[1.8083081e+19, 1.1818851e+19, inf], [0, 0, 0], [0, 0, 0]]
1e-05 1000
[[1.8083081e+19, 1.1818851e+19, inf], [94.09167, 0, 0], [0, 0, 0]]
1e-05 100000
[[1.8083081e+19, 1.1818851e+19, inf], [94.09167, 107.05405, 0], [0, 0, 0]]
1e-05 10000000
[[1.8083081e+19, 1.1818851e+19, inf], [94.09167, 107.05405, 193.8386], [0, 0, 0]]
1e-09 1000
[[1.8083081e+19, 1.1818851e+19, inf], [94.09167, 107.05405, 193.8386], [216.21904, 0, 0]]
1e-09 100000
[[1.8083081e+19, 1.1818851e+19, inf], [94.09167, 107.05405, 193.8386], [216.21904, 216.64415, 0]]
1e-09 10000000
[[1.8083081e+19, 1.1818851e+19, inf], [94.09167, 107.05405, 193.8386], [216.21904, 216.64415, 216.44887]]
[-7.0, -5, -3.0]
[1.0, 3, 5.0]
1e-07 10.0
[[203.78111, 0, 0], [0, 0, 0], [0, 0, 0]]
1e-07 1000
[[203.78111, 201.56891, 0], [0, 0, 0], [0, 0, 0]]
1e-07 100000.0
[[203.78111, 201.56891, 204.03278], [0, 0, 0], [0, 0, 0]]
1e-05 10.0
[[203.78111, 201.56891, 204.03278], [93.42409, 0, 0], [0, 0, 0]]
1e-05 1000
[[203.78111, 201.56891, 204.03278], [93.42409, 94.56628, 0], [0, 0, 0]]
1e-05 100000.0
[[203.78111, 201.56891, 204.03278], [93.42409, 94.56628, 105.76062], [0, 0, 0]]
0.001 10.0
[[203.78111, 201.56891, 204.03278], [93.42409, 94.56628, 105.76062], [123.06727, 0, 0]]
0.001 1000
[[203.78111, 201.56891, 204.03278], [93.42409, 94.56628, 105.76062], [123.06727, 123.427315, 0]]
0.001 100000.0
[[203.78111, 201.56891, 204.03278], [93.42409, 94.56628, 105.76062], [123.06727, 123.427315, 152.90399]]
[-6.0, -5, -4.0]
[0.0, 1.0, 2.0]
1e-06 1.0
[[115.20453, 0, 0], [0, 0, 0], [0, 0, 0]]
1e-06 10.0
[[115.20453, 125.013565, 0], [0, 0, 0], [0, 0, 0]]
1e-06 100.0
[[115.20453, 125.013565, 118.60883], [0, 0, 0], [0, 0, 0]]
1e-05 1.0
[[115.20453, 125.013565, 118.60883], [94.01414, 0, 0], [0, 0, 0]]
1e-05 10.0
[[115.20453, 125.013565, 118.60883], [94.01414, 94.14336, 0], [0, 0, 0]]
1e-05 100.0
[[115.20453, 125.013565, 118.60883], [94.01414, 94.14336, 91.01705], [0, 0, 0]]
0.0001 1.0
[[115.20453, 125.013565, 118.60883], [94.01414, 94.14336, 91.01705], [108.87922, 0, 0]]
0.0001 10.0
[[115.20453, 125.013565, 118.60883], [94.01414, 94.14336, 91.01705], [108.87922, 107.69702, 0]]
0.0001 100.0
[[115.20453, 125.013565, 118.60883], [94.01414, 94.14336, 91.01705], [108.87922, 107.69702, 100.392334]]
[-5.5, -5, -4.5]
[1.5, 2.0, 2.5]
3.162277660168379e-06 31.622776601683793
[[92.834366, 0, 0], [0, 0, 0], [0, 0, 0]]
3.162277660168379e-06 100.0
[[92.834366, 94.25026, 0], [0, 0, 0], [0, 0, 0]]
3.162277660168379e-06 316.22776601683796
[[92.834366, 94.25026, 94.67662], [0, 0, 0], [0, 0, 0]]
1e-05 31.622776601683793
[[92.834366, 94.25026, 94.67662], [93.38762, 0, 0], [0, 0, 0]]
1e-05 100.0
[[92.834366, 94.25026, 94.67662], [93.38762, 90.46397, 0], [0, 0, 0]]
1e-05 316.22776601683796
[[92.834366, 94.25026, 94.67662], [93.38762, 90.46397, 93.07167], [0, 0, 0]]
3.1622776601683795e-05 31.622776601683793
[[92.834366, 94.25026, 94.67662], [93.38762, 90.46397, 93.07167], [98.28053, 0, 0]]
3.1622776601683795e-05 100.0
[[92.834366, 94.25026, 94.67662], [93.38762, 90.46397, 93.07167], [98.28053, 100.99299, 0]]
3.1622776601683795e-05 316.22776601683796
[[92.834366, 94.25026, 94.67662], [93.38762, 90.46397, 93.07167], [98.28053, 100.99299, 100.64856]]
[-5.25, -5, -4.75]
[1.75, 2.0, 2.25]
5.623413251903491e-06 56.23413251903491
[[92.69651, 0, 0], [0, 0, 0], [0, 0, 0]]
5.623413251903491e-06 100.0
[[92.69651, 94.11178, 0], [0, 0, 0], [0, 0, 0]]
5.623413251903491e-06 177.82794100389228
[[92.69651, 94.11178, 95.62241], [0, 0, 0], [0, 0, 0]]
1e-05 56.23413251903491
[[92.69651, 94.11178, 95.62241], [93.79109, 0, 0], [0, 0, 0]]
1e-05 100.0
[[92.69651, 94.11178, 95.62241], [93.79109, 92.01506, 0], [0, 0, 0]]
1e-05 177.82794100389228
[[92.69651, 94.11178, 95.62241], [93.79109, 92.01506, 92.843506], [0, 0, 0]]
1.778279410038923e-05 56.23413251903491
[[92.69651, 94.11178, 95.62241], [93.79109, 92.01506, 92.843506], [94.147354, 0, 0]]
1.778279410038923e-05 100.0
[[92.69651, 94.11178, 95.62241], [93.79109, 92.01506, 92.843506], [94.147354, 93.234116, 0]]
1.778279410038923e-05 177.82794100389228
[[92.69651, 94.11178, 95.62241], [93.79109, 92.01506, 92.843506], [94.147354, 93.234116, 92.26273]]
[-5.125, -5, -4.875]
[1.875, 2.0, 2.125]
7.498942093324558e-06 74.98942093324558
[[91.94898, 0, 0], [0, 0, 0], [0, 0, 0]]
7.498942093324558e-06 100.0
[[91.94898, 93.24705, 0], [0, 0, 0], [0, 0, 0]]
7.498942093324558e-06 133.3521432163324
[[91.94898, 93.24705, 94.12193], [0, 0, 0], [0, 0, 0]]
1e-05 74.98942093324558
[[91.94898, 93.24705, 94.12193], [92.87625, 0, 0], [0, 0, 0]]
1e-05 100.0
[[91.94898, 93.24705, 94.12193], [92.87625, 93.28963, 0], [0, 0, 0]]
1e-05 133.3521432163324
[[91.94898, 93.24705, 94.12193], [92.87625, 93.28963, 93.9871], [0, 0, 0]]
1.333521432163324e-05 74.98942093324558
[[91.94898, 93.24705, 94.12193], [92.87625, 93.28963, 93.9871], [93.197624, 0, 0]]
1.333521432163324e-05 100.0
[[91.94898, 93.24705, 94.12193], [92.87625, 93.28963, 93.9871], [93.197624, 95.13776, 0]]
1.333521432163324e-05 133.3521432163324
[[91.94898, 93.24705, 94.12193], [92.87625, 93.28963, 93.9871], [93.197624, 95.13776, 92.84382]]
[-5.1875, -5.125, -5.0625]
[1.8125, 1.875, 1.9375]
5 100
Score: 91.94898
7.498942093324558e-06 74.98942093324558
Time 16310.992402791977
