Created graph
0.1 1000
[[1.0315717e+19, 0, 0], [0, 0, 0], [0, 0, 0]]
0.1 100000
[[1.0315717e+19, inf, 0], [0, 0, 0], [0, 0, 0]]
0.1 10000000
[[1.0315717e+19, inf, 9.453034e+18], [0, 0, 0], [0, 0, 0]]
1e-05 1000
[[1.0315717e+19, inf, 9.453034e+18], [97.37557, 0, 0], [0, 0, 0]]
1e-05 100000
[[1.0315717e+19, inf, 9.453034e+18], [97.37557, 114.37279, 0], [0, 0, 0]]
1e-05 10000000
[[1.0315717e+19, inf, 9.453034e+18], [97.37557, 114.37279, 268.43988], [0, 0, 0]]
1e-09 1000
[[1.0315717e+19, inf, 9.453034e+18], [97.37557, 114.37279, 268.43988], [296.65594, 0, 0]]
1e-09 100000
[[1.0315717e+19, inf, 9.453034e+18], [97.37557, 114.37279, 268.43988], [296.65594, 296.14767, 0]]
1e-09 10000000
[[1.0315717e+19, inf, 9.453034e+18], [97.37557, 114.37279, 268.43988], [296.65594, 296.14767, 296.62875]]
[-7.0, -5, -3.0]
[1.0, 3, 5.0]
1e-07 10.0
[[287.50552, 0, 0], [0, 0, 0], [0, 0, 0]]
1e-07 1000
[[287.50552, 286.97964, 0], [0, 0, 0], [0, 0, 0]]
1e-07 100000.0
[[287.50552, 286.97964, 285.1169], [0, 0, 0], [0, 0, 0]]
1e-05 10.0
[[287.50552, 286.97964, 285.1169], [97.01781, 0, 0], [0, 0, 0]]
1e-05 1000
[[287.50552, 286.97964, 285.1169], [97.01781, 96.90318, 0], [0, 0, 0]]
1e-05 100000.0
[[287.50552, 286.97964, 285.1169], [97.01781, 96.90318, 113.19712], [0, 0, 0]]
0.001 10.0
[[287.50552, 286.97964, 285.1169], [97.01781, 96.90318, 113.19712], [100.788185, 0, 0]]
0.001 1000
[[287.50552, 286.97964, 285.1169], [97.01781, 96.90318, 113.19712], [100.788185, 100.63716, 0]]
0.001 100000.0
[[287.50552, 286.97964, 285.1169], [97.01781, 96.90318, 113.19712], [100.788185, 100.63716, 221.57587]]
[-6.0, -5, -4.0]
[2.0, 3, 4.0]
1e-06 100.0
[[125.644646, 0, 0], [0, 0, 0], [0, 0, 0]]
1e-06 1000
[[125.644646, 128.1624, 0], [0, 0, 0], [0, 0, 0]]
1e-06 10000.0
[[125.644646, 128.1624, 132.5054], [0, 0, 0], [0, 0, 0]]
1e-05 100.0
[[125.644646, 128.1624, 132.5054], [97.03807, 0, 0], [0, 0, 0]]
1e-05 1000
[[125.644646, 128.1624, 132.5054], [97.03807, 96.75768, 0], [0, 0, 0]]
1e-05 10000.0
[[125.644646, 128.1624, 132.5054], [97.03807, 96.75768, 99.503006], [0, 0, 0]]
0.0001 100.0
[[125.644646, 128.1624, 132.5054], [97.03807, 96.75768, 99.503006], [100.20929, 0, 0]]
0.0001 1000
[[125.644646, 128.1624, 132.5054], [97.03807, 96.75768, 99.503006], [100.20929, 99.64363, 0]]
0.0001 10000.0
[[125.644646, 128.1624, 132.5054], [97.03807, 96.75768, 99.503006], [100.20929, 99.64363, 98.94781]]
[-5.5, -5, -4.5]
[2.5, 3, 3.5]
3.162277660168379e-06 316.22776601683796
[[99.13369, 0, 0], [0, 0, 0], [0, 0, 0]]
3.162277660168379e-06 1000
[[99.13369, 98.38116, 0], [0, 0, 0], [0, 0, 0]]
3.162277660168379e-06 3162.2776601683795
[[99.13369, 98.38116, 97.99418], [0, 0, 0], [0, 0, 0]]
1e-05 316.22776601683796
[[99.13369, 98.38116, 97.99418], [95.318436, 0, 0], [0, 0, 0]]
1e-05 1000
[[99.13369, 98.38116, 97.99418], [95.318436, 97.036316, 0], [0, 0, 0]]
1e-05 3162.2776601683795
[[99.13369, 98.38116, 97.99418], [95.318436, 97.036316, 97.003], [0, 0, 0]]
3.1622776601683795e-05 316.22776601683796
[[99.13369, 98.38116, 97.99418], [95.318436, 97.036316, 97.003], [98.21676, 0, 0]]
3.1622776601683795e-05 1000
[[99.13369, 98.38116, 97.99418], [95.318436, 97.036316, 97.003], [98.21676, 97.53046, 0]]
3.1622776601683795e-05 3162.2776601683795
[[99.13369, 98.38116, 97.99418], [95.318436, 97.036316, 97.003], [98.21676, 97.53046, 97.18939]]
[-5.25, -5, -4.75]
[2.25, 2.5, 2.75]
5.623413251903491e-06 177.82794100389228
[[97.159836, 0, 0], [0, 0, 0], [0, 0, 0]]
5.623413251903491e-06 316.22776601683796
[[97.159836, 96.813866, 0], [0, 0, 0], [0, 0, 0]]
5.623413251903491e-06 562.341325190349
[[97.159836, 96.813866, 96.4407], [0, 0, 0], [0, 0, 0]]
1e-05 177.82794100389228
[[97.159836, 96.813866, 96.4407], [96.23783, 0, 0], [0, 0, 0]]
1e-05 316.22776601683796
[[97.159836, 96.813866, 96.4407], [96.23783, 96.49427, 0], [0, 0, 0]]
1e-05 562.341325190349
[[97.159836, 96.813866, 96.4407], [96.23783, 96.49427, 96.3859], [0, 0, 0]]
1.778279410038923e-05 177.82794100389228
[[97.159836, 96.813866, 96.4407], [96.23783, 96.49427, 96.3859], [96.55384, 0, 0]]
1.778279410038923e-05 316.22776601683796
[[97.159836, 96.813866, 96.4407], [96.23783, 96.49427, 96.3859], [96.55384, 96.16944, 0]]
1.778279410038923e-05 562.341325190349
[[97.159836, 96.813866, 96.4407], [96.23783, 96.49427, 96.3859], [96.55384, 96.16944, 96.94988]]
[-4.875, -4.75, -4.625]
[2.375, 2.5, 2.625]
1.333521432163324e-05 237.13737056616552
[[97.17984, 0, 0], [0, 0, 0], [0, 0, 0]]
1.333521432163324e-05 316.22776601683796
[[97.17984, 96.514366, 0], [0, 0, 0], [0, 0, 0]]
1.333521432163324e-05 421.6965034285823
[[97.17984, 96.514366, 97.57411], [0, 0, 0], [0, 0, 0]]
1.778279410038923e-05 237.13737056616552
[[97.17984, 96.514366, 97.57411], [96.75424, 0, 0], [0, 0, 0]]
1.778279410038923e-05 316.22776601683796
[[97.17984, 96.514366, 97.57411], [96.75424, 96.55287, 0], [0, 0, 0]]
1.778279410038923e-05 421.6965034285823
[[97.17984, 96.514366, 97.57411], [96.75424, 96.55287, 96.591835], [0, 0, 0]]
2.3713737056616554e-05 237.13737056616552
[[97.17984, 96.514366, 97.57411], [96.75424, 96.55287, 96.591835], [97.23454, 0, 0]]
2.3713737056616554e-05 316.22776601683796
[[97.17984, 96.514366, 97.57411], [96.75424, 96.55287, 96.591835], [97.23454, 97.6238, 0]]
2.3713737056616554e-05 421.6965034285823
[[97.17984, 96.514366, 97.57411], [96.75424, 96.55287, 96.591835], [97.23454, 97.6238, 97.238106]]
[-4.9375, -4.875, -4.8125]
[2.4375, 2.5, 2.5625]
3 200
Score: 96.514366
1.333521432163324e-05 316.22776601683796
Time 16349.810822248459
