Created graph
0.1 1000
[[1.6944065e+19, 0, 0], [0, 0, 0], [0, 0, 0]]
0.1 100000
[[1.6944065e+19, inf, 0], [0, 0, 0], [0, 0, 0]]
0.1 10000000
[[1.6944065e+19, inf, inf], [0, 0, 0], [0, 0, 0]]
1e-05 1000
[[1.6944065e+19, inf, inf], [101.80983, 0, 0], [0, 0, 0]]
1e-05 100000
[[1.6944065e+19, inf, inf], [101.80983, 122.60427, 0], [0, 0, 0]]
1e-05 10000000
[[1.6944065e+19, inf, inf], [101.80983, 122.60427, 268.56912], [0, 0, 0]]
1e-09 1000
[[1.6944065e+19, inf, inf], [101.80983, 122.60427, 268.56912], [296.29736, 0, 0]]
1e-09 100000
[[1.6944065e+19, inf, inf], [101.80983, 122.60427, 268.56912], [296.29736, 295.67166, 0]]
1e-09 10000000
[[1.6944065e+19, inf, inf], [101.80983, 122.60427, 268.56912], [296.29736, 295.67166, 296.7452]]
[-7.0, -5, -3.0]
[1.0, 3, 5.0]
1e-07 10.0
[[282.53412, 0, 0], [0, 0, 0], [0, 0, 0]]
1e-07 1000
[[282.53412, 278.5465, 0], [0, 0, 0], [0, 0, 0]]
1e-07 100000.0
[[282.53412, 278.5465, 280.07068], [0, 0, 0], [0, 0, 0]]
1e-05 10.0
[[282.53412, 278.5465, 280.07068], [102.11738, 0, 0], [0, 0, 0]]
1e-05 1000
[[282.53412, 278.5465, 280.07068], [102.11738, 102.213524, 0], [0, 0, 0]]
1e-05 100000.0
[[282.53412, 278.5465, 280.07068], [102.11738, 102.213524, 123.59138], [0, 0, 0]]
0.001 10.0
[[282.53412, 278.5465, 280.07068], [102.11738, 102.213524, 123.59138], [210.93951, 0, 0]]
0.001 1000
[[282.53412, 278.5465, 280.07068], [102.11738, 102.213524, 123.59138], [210.93951, 169.61305, 0]]
0.001 100000.0
[[282.53412, 278.5465, 280.07068], [102.11738, 102.213524, 123.59138], [210.93951, 169.61305, 260.33926]]
[-6.0, -5, -4.0]
[0.0, 1.0, 2.0]
1e-06 1.0
[[126.040726, 0, 0], [0, 0, 0], [0, 0, 0]]
1e-06 10.0
[[126.040726, 129.56192, 0], [0, 0, 0], [0, 0, 0]]
1e-06 100.0
[[126.040726, 129.56192, 128.05865], [0, 0, 0], [0, 0, 0]]
1e-05 1.0
[[126.040726, 129.56192, 128.05865], [103.98306, 0, 0], [0, 0, 0]]
1e-05 10.0
[[126.040726, 129.56192, 128.05865], [103.98306, 100.40832, 0], [0, 0, 0]]
1e-05 100.0
[[126.040726, 129.56192, 128.05865], [103.98306, 100.40832, 98.46913], [0, 0, 0]]
0.0001 1.0
[[126.040726, 129.56192, 128.05865], [103.98306, 100.40832, 98.46913], [105.79415, 0, 0]]
0.0001 10.0
[[126.040726, 129.56192, 128.05865], [103.98306, 100.40832, 98.46913], [105.79415, 112.439095, 0]]
0.0001 100.0
[[126.040726, 129.56192, 128.05865], [103.98306, 100.40832, 98.46913], [105.79415, 112.439095, 114.70451]]
[-5.5, -5, -4.5]
[1.5, 2.0, 2.5]
3.162277660168379e-06 31.622776601683793
[[101.42569, 0, 0], [0, 0, 0], [0, 0, 0]]
3.162277660168379e-06 100.0
[[101.42569, 103.531555, 0], [0, 0, 0], [0, 0, 0]]
3.162277660168379e-06 316.22776601683796
[[101.42569, 103.531555, 102.57174], [0, 0, 0], [0, 0, 0]]
1e-05 31.622776601683793
[[101.42569, 103.531555, 102.57174], [104.022026, 0, 0], [0, 0, 0]]
1e-05 100.0
[[101.42569, 103.531555, 102.57174], [104.022026, 97.93311, 0], [0, 0, 0]]
1e-05 316.22776601683796
[[101.42569, 103.531555, 102.57174], [104.022026, 97.93311, 103.38849], [0, 0, 0]]
3.1622776601683795e-05 31.622776601683793
[[101.42569, 103.531555, 102.57174], [104.022026, 97.93311, 103.38849], [102.39853, 0, 0]]
3.1622776601683795e-05 100.0
[[101.42569, 103.531555, 102.57174], [104.022026, 97.93311, 103.38849], [102.39853, 99.96163, 0]]
3.1622776601683795e-05 316.22776601683796
[[101.42569, 103.531555, 102.57174], [104.022026, 97.93311, 103.38849], [102.39853, 99.96163, 99.888115]]
[-5.25, -5, -4.75]
[1.75, 2.0, 2.25]
5.623413251903491e-06 56.23413251903491
[[103.12492, 0, 0], [0, 0, 0], [0, 0, 0]]
5.623413251903491e-06 100.0
[[103.12492, 100.10552, 0], [0, 0, 0], [0, 0, 0]]
5.623413251903491e-06 177.82794100389228
[[103.12492, 100.10552, 100.59693], [0, 0, 0], [0, 0, 0]]
1e-05 56.23413251903491
[[103.12492, 100.10552, 100.59693], [105.23366, 0, 0], [0, 0, 0]]
1e-05 100.0
[[103.12492, 100.10552, 100.59693], [105.23366, 104.26763, 0], [0, 0, 0]]
1e-05 177.82794100389228
[[103.12492, 100.10552, 100.59693], [105.23366, 104.26763, 99.14598], [0, 0, 0]]
1.778279410038923e-05 56.23413251903491
[[103.12492, 100.10552, 100.59693], [105.23366, 104.26763, 99.14598], [100.997635, 0, 0]]
1.778279410038923e-05 100.0
[[103.12492, 100.10552, 100.59693], [105.23366, 104.26763, 99.14598], [100.997635, 100.46819, 0]]
1.778279410038923e-05 177.82794100389228
[[103.12492, 100.10552, 100.59693], [105.23366, 104.26763, 99.14598], [100.997635, 100.46819, 101.94255]]
[-5.125, -5, -4.875]
[2.125, 2.25, 2.375]
7.498942093324558e-06 133.3521432163324
[[100.4371, 0, 0], [0, 0, 0], [0, 0, 0]]
7.498942093324558e-06 177.82794100389228
[[100.4371, 99.08133, 0], [0, 0, 0], [0, 0, 0]]
7.498942093324558e-06 237.13737056616552
[[100.4371, 99.08133, 99.81803], [0, 0, 0], [0, 0, 0]]
1e-05 133.3521432163324
[[100.4371, 99.08133, 99.81803], [104.02895, 0, 0], [0, 0, 0]]
1e-05 177.82794100389228
[[100.4371, 99.08133, 99.81803], [104.02895, 99.141266, 0], [0, 0, 0]]
1e-05 237.13737056616552
[[100.4371, 99.08133, 99.81803], [104.02895, 99.141266, 99.75397], [0, 0, 0]]
1.333521432163324e-05 133.3521432163324
[[100.4371, 99.08133, 99.81803], [104.02895, 99.141266, 99.75397], [104.3859, 0, 0]]
1.333521432163324e-05 177.82794100389228
[[100.4371, 99.08133, 99.81803], [104.02895, 99.141266, 99.75397], [104.3859, 105.57104, 0]]
1.333521432163324e-05 237.13737056616552
[[100.4371, 99.08133, 99.81803], [104.02895, 99.141266, 99.75397], [104.3859, 105.57104, 100.95869]]
[-5.1875, -5.125, -5.0625]
[2.1875, 2.25, 2.3125]
7 25
Score: 99.08133
7.498942093324558e-06 177.82794100389228
Time 17273.644068479538
