Created graph
0.1 1000
[[1.4346529e+19, 0, 0], [0, 0, 0], [0, 0, 0]]
0.1 100000
[[1.4346529e+19, inf, 0], [0, 0, 0], [0, 0, 0]]
0.1 10000000
[[1.4346529e+19, inf, inf], [0, 0, 0], [0, 0, 0]]
1e-05 1000
[[1.4346529e+19, inf, inf], [108.46786, 0, 0], [0, 0, 0]]
1e-05 100000
[[1.4346529e+19, inf, inf], [108.46786, 114.84322, 0], [0, 0, 0]]
1e-05 10000000
[[1.4346529e+19, inf, inf], [108.46786, 114.84322, 207.82391], [0, 0, 0]]
1e-09 1000
[[1.4346529e+19, inf, inf], [108.46786, 114.84322, 207.82391], [232.31496, 0, 0]]
1e-09 100000
[[1.4346529e+19, inf, inf], [108.46786, 114.84322, 207.82391], [232.31496, 232.85336, 0]]
1e-09 10000000
[[1.4346529e+19, inf, inf], [108.46786, 114.84322, 207.82391], [232.31496, 232.85336, 233.23878]]
[-7.0, -5, -3.0]
[1.0, 3, 5.0]
1e-07 10.0
[[221.25674, 0, 0], [0, 0, 0], [0, 0, 0]]
1e-07 1000
[[221.25674, 220.80705, 0], [0, 0, 0], [0, 0, 0]]
1e-07 100000.0
[[221.25674, 220.80705, 221.33975], [0, 0, 0], [0, 0, 0]]
1e-05 10.0
[[221.25674, 220.80705, 221.33975], [107.07263, 0, 0], [0, 0, 0]]
1e-05 1000
[[221.25674, 220.80705, 221.33975], [107.07263, 107.27023, 0], [0, 0, 0]]
1e-05 100000.0
[[221.25674, 220.80705, 221.33975], [107.07263, 107.27023, 116.43238], [0, 0, 0]]
0.001 10.0
[[221.25674, 220.80705, 221.33975], [107.07263, 107.27023, 116.43238], [97.84666, 0, 0]]
0.001 1000
[[221.25674, 220.80705, 221.33975], [107.07263, 107.27023, 116.43238], [97.84666, 98.226715, 0]]
0.001 100000.0
[[221.25674, 220.80705, 221.33975], [107.07263, 107.27023, 116.43238], [97.84666, 98.226715, 169.1166]]
[-4.0, -3.0, -2.0]
[0.0, 1.0, 2.0]
0.0001 1.0
[[98.14278, 0, 0], [0, 0, 0], [0, 0, 0]]
0.0001 10.0
[[98.14278, 97.588425, 0], [0, 0, 0], [0, 0, 0]]
0.0001 100.0
[[98.14278, 97.588425, 98.14505], [0, 0, 0], [0, 0, 0]]
0.001 1.0
[[98.14278, 97.588425, 98.14505], [97.85188, 0, 0], [0, 0, 0]]
0.001 10.0
[[98.14278, 97.588425, 98.14505], [97.85188, 97.84643, 0], [0, 0, 0]]
0.001 100.0
[[98.14278, 97.588425, 98.14505], [97.85188, 97.84643, 97.80522], [0, 0, 0]]
0.01 1.0
[[98.14278, 97.588425, 98.14505], [97.85188, 97.84643, 97.80522], [1.4015833e+19, 0, 0]]
0.01 10.0
[[98.14278, 97.588425, 98.14505], [97.85188, 97.84643, 97.80522], [1.4015833e+19, 7.672538e+18, 0]]
0.01 100.0
[[98.14278, 97.588425, 98.14505], [97.85188, 97.84643, 97.80522], [1.4015833e+19, 7.672538e+18, 237.97899]]
[-4.5, -4.0, -3.5]
[0.5, 1.0, 1.5]
3.1622776601683795e-05 3.1622776601683795
[[99.82468, 0, 0], [0, 0, 0], [0, 0, 0]]
3.1622776601683795e-05 10.0
[[99.82468, 100.704765, 0], [0, 0, 0], [0, 0, 0]]
3.1622776601683795e-05 31.622776601683793
[[99.82468, 100.704765, 103.01606], [0, 0, 0], [0, 0, 0]]
0.0001 3.1622776601683795
[[99.82468, 100.704765, 103.01606], [97.619545, 0, 0], [0, 0, 0]]
0.0001 10.0
[[99.82468, 100.704765, 103.01606], [97.619545, 98.666275, 0], [0, 0, 0]]
0.0001 31.622776601683793
[[99.82468, 100.704765, 103.01606], [97.619545, 98.666275, 97.21651], [0, 0, 0]]
0.00031622776601683794 3.1622776601683795
[[99.82468, 100.704765, 103.01606], [97.619545, 98.666275, 97.21651], [97.72944, 0, 0]]
0.00031622776601683794 10.0
[[99.82468, 100.704765, 103.01606], [97.619545, 98.666275, 97.21651], [97.72944, 97.81212, 0]]
0.00031622776601683794 31.622776601683793
[[99.82468, 100.704765, 103.01606], [97.619545, 98.666275, 97.21651], [97.72944, 97.81212, 97.60563]]
[-4.25, -4.0, -3.75]
[1.25, 1.5, 1.75]
5.623413251903491e-05 17.78279410038923
[[108.45559, 0, 0], [0, 0, 0], [0, 0, 0]]
5.623413251903491e-05 31.622776601683793
[[108.45559, 97.841805, 0], [0, 0, 0], [0, 0, 0]]
5.623413251903491e-05 56.23413251903491
[[108.45559, 97.841805, 100.325386], [0, 0, 0], [0, 0, 0]]
0.0001 17.78279410038923
[[108.45559, 97.841805, 100.325386], [98.066, 0, 0], [0, 0, 0]]
0.0001 31.622776601683793
[[108.45559, 97.841805, 100.325386], [98.066, 97.75325, 0], [0, 0, 0]]
0.0001 56.23413251903491
[[108.45559, 97.841805, 100.325386], [98.066, 97.75325, 97.67387], [0, 0, 0]]
0.00017782794100389227 17.78279410038923
[[108.45559, 97.841805, 100.325386], [98.066, 97.75325, 97.67387], [97.3741, 0, 0]]
0.00017782794100389227 31.622776601683793
[[108.45559, 97.841805, 100.325386], [98.066, 97.75325, 97.67387], [97.3741, 97.72826, 0]]
0.00017782794100389227 56.23413251903491
[[108.45559, 97.841805, 100.325386], [98.066, 97.75325, 97.67387], [97.3741, 97.72826, 97.47694]]
[-3.875, -3.75, -3.625]
[1.125, 1.25, 1.375]
0.0001333521432163324 13.33521432163324
[[97.694916, 0, 0], [0, 0, 0], [0, 0, 0]]
0.0001333521432163324 17.78279410038923
[[97.694916, 99.95372, 0], [0, 0, 0], [0, 0, 0]]
0.0001333521432163324 23.71373705661655
[[97.694916, 99.95372, 97.88317], [0, 0, 0], [0, 0, 0]]
0.00017782794100389227 13.33521432163324
[[97.694916, 99.95372, 97.88317], [97.55356, 0, 0], [0, 0, 0]]
0.00017782794100389227 17.78279410038923
[[97.694916, 99.95372, 97.88317], [97.55356, 97.59806, 0], [0, 0, 0]]
0.00017782794100389227 23.71373705661655
[[97.694916, 99.95372, 97.88317], [97.55356, 97.59806, 97.83794], [0, 0, 0]]
0.00023713737056616554 13.33521432163324
[[97.694916, 99.95372, 97.88317], [97.55356, 97.59806, 97.83794], [97.311935, 0, 0]]
0.00023713737056616554 17.78279410038923
[[97.694916, 99.95372, 97.88317], [97.55356, 97.59806, 97.83794], [97.311935, 97.62332, 0]]
0.00023713737056616554 23.71373705661655
[[97.694916, 99.95372, 97.88317], [97.55356, 97.59806, 97.83794], [97.311935, 97.62332, 97.64493]]
[-3.6875, -3.625, -3.5625]
[1.0625, 1.125, 1.1875]
4 250
Score: 97.311935
0.00023713737056616554 13.33521432163324
Time 10368.196741819382
