Created graph
0.1 1000
[[1.0966235e+19, 0, 0], [0, 0, 0], [0, 0, 0]]
0.1 100000
[[1.0966235e+19, 1.324906e+19, 0], [0, 0, 0], [0, 0, 0]]
0.1 10000000
[[1.0966235e+19, 1.324906e+19, inf], [0, 0, 0], [0, 0, 0]]
1e-05 1000
[[1.0966235e+19, 1.324906e+19, inf], [107.77812, 0, 0], [0, 0, 0]]
1e-05 100000
[[1.0966235e+19, 1.324906e+19, inf], [107.77812, 136.82454, 0], [0, 0, 0]]
1e-05 10000000
[[1.0966235e+19, 1.324906e+19, inf], [107.77812, 136.82454, 264.02353], [0, 0, 0]]
1e-09 1000
[[1.0966235e+19, 1.324906e+19, inf], [107.77812, 136.82454, 264.02353], [290.36615, 0, 0]]
1e-09 100000
[[1.0966235e+19, 1.324906e+19, inf], [107.77812, 136.82454, 264.02353], [290.36615, 289.87213, 0]]
1e-09 10000000
[[1.0966235e+19, 1.324906e+19, inf], [107.77812, 136.82454, 264.02353], [290.36615, 289.87213, 290.2799]]
[-7.0, -5, -3.0]
[1.0, 3, 5.0]
1e-07 10.0
[[275.25598, 0, 0], [0, 0, 0], [0, 0, 0]]
1e-07 1000
[[275.25598, 276.033, 0], [0, 0, 0], [0, 0, 0]]
1e-07 100000.0
[[275.25598, 276.033, 276.36395], [0, 0, 0], [0, 0, 0]]
1e-05 10.0
[[275.25598, 276.033, 276.36395], [98.466644, 0, 0], [0, 0, 0]]
1e-05 1000
[[275.25598, 276.033, 276.36395], [98.466644, 103.75155, 0], [0, 0, 0]]
1e-05 100000.0
[[275.25598, 276.033, 276.36395], [98.466644, 103.75155, 137.97853], [0, 0, 0]]
0.001 10.0
[[275.25598, 276.033, 276.36395], [98.466644, 103.75155, 137.97853], [174.65173, 0, 0]]
0.001 1000
[[275.25598, 276.033, 276.36395], [98.466644, 103.75155, 137.97853], [174.65173, 136.5151, 0]]
0.001 100000.0
[[275.25598, 276.033, 276.36395], [98.466644, 103.75155, 137.97853], [174.65173, 136.5151, 243.07867]]
[-6.0, -5, -4.0]
[0.0, 1.0, 2.0]
1e-06 1.0
[[142.75067, 0, 0], [0, 0, 0], [0, 0, 0]]
1e-06 10.0
[[142.75067, 139.89505, 0], [0, 0, 0], [0, 0, 0]]
1e-06 100.0
[[142.75067, 139.89505, 140.86307], [0, 0, 0], [0, 0, 0]]
1e-05 1.0
[[142.75067, 139.89505, 140.86307], [101.08911, 0, 0], [0, 0, 0]]
1e-05 10.0
[[142.75067, 139.89505, 140.86307], [101.08911, 103.36835, 0], [0, 0, 0]]
1e-05 100.0
[[142.75067, 139.89505, 140.86307], [101.08911, 103.36835, 101.633835], [0, 0, 0]]
0.0001 1.0
[[142.75067, 139.89505, 140.86307], [101.08911, 103.36835, 101.633835], [112.88562, 0, 0]]
0.0001 10.0
[[142.75067, 139.89505, 140.86307], [101.08911, 103.36835, 101.633835], [112.88562, 119.291695, 0]]
0.0001 100.0
[[142.75067, 139.89505, 140.86307], [101.08911, 103.36835, 101.633835], [112.88562, 119.291695, 112.191696]]
[-5.5, -5, -4.5]
[-0.5, 0.0, 0.5]
3.162277660168379e-06 0.31622776601683794
[[105.88114, 0, 0], [0, 0, 0], [0, 0, 0]]
3.162277660168379e-06 1.0
[[105.88114, 105.25226, 0], [0, 0, 0], [0, 0, 0]]
3.162277660168379e-06 3.1622776601683795
[[105.88114, 105.25226, 108.67242], [0, 0, 0], [0, 0, 0]]
1e-05 0.31622776601683794
[[105.88114, 105.25226, 108.67242], [100.327644, 0, 0], [0, 0, 0]]
1e-05 1.0
[[105.88114, 105.25226, 108.67242], [100.327644, 103.05854, 0], [0, 0, 0]]
1e-05 3.1622776601683795
[[105.88114, 105.25226, 108.67242], [100.327644, 103.05854, 99.953514], [0, 0, 0]]
3.1622776601683795e-05 0.31622776601683794
[[105.88114, 105.25226, 108.67242], [100.327644, 103.05854, 99.953514], [102.92466, 0, 0]]
3.1622776601683795e-05 1.0
[[105.88114, 105.25226, 108.67242], [100.327644, 103.05854, 99.953514], [102.92466, 99.17894, 0]]
3.1622776601683795e-05 3.1622776601683795
[[105.88114, 105.25226, 108.67242], [100.327644, 103.05854, 99.953514], [102.92466, 99.17894, 103.38]]
[-4.75, -4.5, -4.25]
[-0.25, 0.0, 0.25]
1.778279410038923e-05 0.5623413251903491
[[101.82445, 0, 0], [0, 0, 0], [0, 0, 0]]
1.778279410038923e-05 1.0
[[101.82445, 101.104126, 0], [0, 0, 0], [0, 0, 0]]
1.778279410038923e-05 1.7782794100389228
[[101.82445, 101.104126, 105.82336], [0, 0, 0], [0, 0, 0]]
3.1622776601683795e-05 0.5623413251903491
[[101.82445, 101.104126, 105.82336], [102.56678, 0, 0], [0, 0, 0]]
3.1622776601683795e-05 1.0
[[101.82445, 101.104126, 105.82336], [102.56678, 100.84331, 0], [0, 0, 0]]
3.1622776601683795e-05 1.7782794100389228
[[101.82445, 101.104126, 105.82336], [102.56678, 100.84331, 102.14059], [0, 0, 0]]
5.623413251903491e-05 0.5623413251903491
[[101.82445, 101.104126, 105.82336], [102.56678, 100.84331, 102.14059], [112.278496, 0, 0]]
5.623413251903491e-05 1.0
[[101.82445, 101.104126, 105.82336], [102.56678, 100.84331, 102.14059], [112.278496, 112.03398, 0]]
5.623413251903491e-05 1.7782794100389228
[[101.82445, 101.104126, 105.82336], [102.56678, 100.84331, 102.14059], [112.278496, 112.03398, 105.3513]]
[-4.625, -4.5, -4.375]
[-0.125, 0.0, 0.125]
2.3713737056616554e-05 0.7498942093324559
[[104.19747, 0, 0], [0, 0, 0], [0, 0, 0]]
2.3713737056616554e-05 1.0
[[104.19747, 97.58455, 0], [0, 0, 0], [0, 0, 0]]
2.3713737056616554e-05 1.333521432163324
[[104.19747, 97.58455, 102.015175], [0, 0, 0], [0, 0, 0]]
3.1622776601683795e-05 0.7498942093324559
[[104.19747, 97.58455, 102.015175], [103.97989, 0, 0], [0, 0, 0]]
3.1622776601683795e-05 1.0
[[104.19747, 97.58455, 102.015175], [103.97989, 109.19124, 0], [0, 0, 0]]
3.1622776601683795e-05 1.333521432163324
[[104.19747, 97.58455, 102.015175], [103.97989, 109.19124, 104.211395], [0, 0, 0]]
4.216965034285822e-05 0.7498942093324559
[[104.19747, 97.58455, 102.015175], [103.97989, 109.19124, 104.211395], [102.34362, 0, 0]]
4.216965034285822e-05 1.0
[[104.19747, 97.58455, 102.015175], [103.97989, 109.19124, 104.211395], [102.34362, 104.26837, 0]]
4.216965034285822e-05 1.333521432163324
[[104.19747, 97.58455, 102.015175], [103.97989, 109.19124, 104.211395], [102.34362, 104.26837, 104.7395]]
[-4.6875, -4.625, -4.5625]
[-0.0625, 0.0, 0.0625]
6 50
Score: 97.58455
2.3713737056616554e-05 1.0
Time 14737.377942085266
