Created graph
0.1 1000
[[1.31213e+19, 0, 0], [0, 0, 0], [0, 0, 0]]
0.1 100000
[[1.31213e+19, inf, 0], [0, 0, 0], [0, 0, 0]]
0.1 10000000
[[1.31213e+19, inf, inf], [0, 0, 0], [0, 0, 0]]
1e-05 1000
[[1.31213e+19, inf, inf], [96.56792, 0, 0], [0, 0, 0]]
1e-05 100000
[[1.31213e+19, inf, inf], [96.56792, 111.23375, 0], [0, 0, 0]]
1e-05 10000000
[[1.31213e+19, inf, inf], [96.56792, 111.23375, 222.54607], [0, 0, 0]]
1e-09 1000
[[1.31213e+19, inf, inf], [96.56792, 111.23375, 222.54607], [246.25461, 0, 0]]
1e-09 100000
[[1.31213e+19, inf, inf], [96.56792, 111.23375, 222.54607], [246.25461, 245.72435, 0]]
1e-09 10000000
[[1.31213e+19, inf, inf], [96.56792, 111.23375, 222.54607], [246.25461, 245.72435, 246.41077]]
[-7.0, -5, -3.0]
[1.0, 3, 5.0]
1e-07 10.0
[[228.34628, 0, 0], [0, 0, 0], [0, 0, 0]]
1e-07 1000
[[228.34628, 229.82756, 0], [0, 0, 0], [0, 0, 0]]
1e-07 100000.0
[[228.34628, 229.82756, 231.7855], [0, 0, 0], [0, 0, 0]]
1e-05 10.0
[[228.34628, 229.82756, 231.7855], [93.15274, 0, 0], [0, 0, 0]]
1e-05 1000
[[228.34628, 229.82756, 231.7855], [93.15274, 94.96873, 0], [0, 0, 0]]
1e-05 100000.0
[[228.34628, 229.82756, 231.7855], [93.15274, 94.96873, 110.29496], [0, 0, 0]]
0.001 10.0
[[228.34628, 229.82756, 231.7855], [93.15274, 94.96873, 110.29496], [143.06429, 0, 0]]
0.001 1000
[[228.34628, 229.82756, 231.7855], [93.15274, 94.96873, 110.29496], [143.06429, 144.1433, 0]]
0.001 100000.0
[[228.34628, 229.82756, 231.7855], [93.15274, 94.96873, 110.29496], [143.06429, 144.1433, 182.47374]]
[-6.0, -5, -4.0]
[0.0, 1.0, 2.0]
1e-06 1.0
[[118.576355, 0, 0], [0, 0, 0], [0, 0, 0]]
1e-06 10.0
[[118.576355, 120.70721, 0], [0, 0, 0], [0, 0, 0]]
1e-06 100.0
[[118.576355, 120.70721, 117.66736], [0, 0, 0], [0, 0, 0]]
1e-05 1.0
[[118.576355, 120.70721, 117.66736], [95.41729, 0, 0], [0, 0, 0]]
1e-05 10.0
[[118.576355, 120.70721, 117.66736], [95.41729, 97.25776, 0], [0, 0, 0]]
1e-05 100.0
[[118.576355, 120.70721, 117.66736], [95.41729, 97.25776, 95.4388], [0, 0, 0]]
0.0001 1.0
[[118.576355, 120.70721, 117.66736], [95.41729, 97.25776, 95.4388], [113.409256, 0, 0]]
0.0001 10.0
[[118.576355, 120.70721, 117.66736], [95.41729, 97.25776, 95.4388], [113.409256, 107.55162, 0]]
0.0001 100.0
[[118.576355, 120.70721, 117.66736], [95.41729, 97.25776, 95.4388], [113.409256, 107.55162, 106.308784]]
[-5.5, -5, -4.5]
[-0.5, 0.0, 0.5]
3.162277660168379e-06 0.31622776601683794
[[97.35582, 0, 0], [0, 0, 0], [0, 0, 0]]
3.162277660168379e-06 1.0
[[97.35582, 96.63641, 0], [0, 0, 0], [0, 0, 0]]
3.162277660168379e-06 3.1622776601683795
[[97.35582, 96.63641, 96.39932], [0, 0, 0], [0, 0, 0]]
1e-05 0.31622776601683794
[[97.35582, 96.63641, 96.39932], [93.98189, 0, 0], [0, 0, 0]]
1e-05 1.0
[[97.35582, 96.63641, 96.39932], [93.98189, 94.483734, 0], [0, 0, 0]]
1e-05 3.1622776601683795
[[97.35582, 96.63641, 96.39932], [93.98189, 94.483734, 97.60417], [0, 0, 0]]
3.1622776601683795e-05 0.31622776601683794
[[97.35582, 96.63641, 96.39932], [93.98189, 94.483734, 97.60417], [96.876816, 0, 0]]
3.1622776601683795e-05 1.0
[[97.35582, 96.63641, 96.39932], [93.98189, 94.483734, 97.60417], [96.876816, 98.02437, 0]]
3.1622776601683795e-05 3.1622776601683795
[[97.35582, 96.63641, 96.39932], [93.98189, 94.483734, 97.60417], [96.876816, 98.02437, 96.53302]]
[-5.25, -5, -4.75]
[-0.75, -0.5, -0.25]
5.623413251903491e-06 0.1778279410038923
[[98.13951, 0, 0], [0, 0, 0], [0, 0, 0]]
5.623413251903491e-06 0.31622776601683794
[[98.13951, 96.77958, 0], [0, 0, 0], [0, 0, 0]]
5.623413251903491e-06 0.5623413251903491
[[98.13951, 96.77958, 95.20379], [0, 0, 0], [0, 0, 0]]
1e-05 0.1778279410038923
[[98.13951, 96.77958, 95.20379], [93.87323, 0, 0], [0, 0, 0]]
1e-05 0.31622776601683794
[[98.13951, 96.77958, 95.20379], [93.87323, 94.40399, 0], [0, 0, 0]]
1e-05 0.5623413251903491
[[98.13951, 96.77958, 95.20379], [93.87323, 94.40399, 96.01267], [0, 0, 0]]
1.778279410038923e-05 0.1778279410038923
[[98.13951, 96.77958, 95.20379], [93.87323, 94.40399, 96.01267], [95.948296, 0, 0]]
1.778279410038923e-05 0.31622776601683794
[[98.13951, 96.77958, 95.20379], [93.87323, 94.40399, 96.01267], [95.948296, 96.262726, 0]]
1.778279410038923e-05 0.5623413251903491
[[98.13951, 96.77958, 95.20379], [93.87323, 94.40399, 96.01267], [95.948296, 96.262726, 96.11587]]
[-5.125, -5, -4.875]
[-0.875, -0.75, -0.625]
7.498942093324558e-06 0.1333521432163324
[[95.720085, 0, 0], [0, 0, 0], [0, 0, 0]]
7.498942093324558e-06 0.1778279410038923
[[95.720085, 94.58797, 0], [0, 0, 0], [0, 0, 0]]
7.498942093324558e-06 0.23713737056616552
[[95.720085, 94.58797, 95.64916], [0, 0, 0], [0, 0, 0]]
1e-05 0.1333521432163324
[[95.720085, 94.58797, 95.64916], [95.132, 0, 0], [0, 0, 0]]
1e-05 0.1778279410038923
[[95.720085, 94.58797, 95.64916], [95.132, 95.65914, 0], [0, 0, 0]]
1e-05 0.23713737056616552
[[95.720085, 94.58797, 95.64916], [95.132, 95.65914, 94.25637], [0, 0, 0]]
1.333521432163324e-05 0.1333521432163324
[[95.720085, 94.58797, 95.64916], [95.132, 95.65914, 94.25637], [94.91398, 0, 0]]
1.333521432163324e-05 0.1778279410038923
[[95.720085, 94.58797, 95.64916], [95.132, 95.65914, 94.25637], [94.91398, 96.49694, 0]]
1.333521432163324e-05 0.23713737056616552
[[95.720085, 94.58797, 95.64916], [95.132, 95.65914, 94.25637], [94.91398, 96.49694, 95.78286]]
[-5.0625, -5, -4.9375]
[-0.6875, -0.625, -0.5625]
7 10
Score: 94.25637
1e-05 0.23713737056616552
Time 16481.068476200104
