Created graph
0.1 1000
[[inf, 0, 0], [0, 0, 0], [0, 0, 0]]
0.1 100000
[[inf, inf, 0], [0, 0, 0], [0, 0, 0]]
0.1 10000000
[[inf, inf, inf], [0, 0, 0], [0, 0, 0]]
1e-05 1000
[[inf, inf, inf], [95.9789, 0, 0], [0, 0, 0]]
1e-05 100000
[[inf, inf, inf], [95.9789, 104.890884, 0], [0, 0, 0]]
1e-05 10000000
[[inf, inf, inf], [95.9789, 104.890884, 220.59177], [0, 0, 0]]
1e-09 1000
[[inf, inf, inf], [95.9789, 104.890884, 220.59177], [246.51346, 0, 0]]
1e-09 100000
[[inf, inf, inf], [95.9789, 104.890884, 220.59177], [246.51346, 246.87415, 0]]
1e-09 10000000
[[inf, inf, inf], [95.9789, 104.890884, 220.59177], [246.51346, 246.87415, 245.10037]]
[-7.0, -5, -3.0]
[1.0, 3, 5.0]
1e-07 10.0
[[231.12106, 0, 0], [0, 0, 0], [0, 0, 0]]
1e-07 1000
[[231.12106, 231.93835, 0], [0, 0, 0], [0, 0, 0]]
1e-07 100000.0
[[231.12106, 231.93835, 231.8336], [0, 0, 0], [0, 0, 0]]
1e-05 10.0
[[231.12106, 231.93835, 231.8336], [96.659485, 0, 0], [0, 0, 0]]
1e-05 1000
[[231.12106, 231.93835, 231.8336], [96.659485, 98.22871, 0], [0, 0, 0]]
1e-05 100000.0
[[231.12106, 231.93835, 231.8336], [96.659485, 98.22871, 105.57799], [0, 0, 0]]
0.001 10.0
[[231.12106, 231.93835, 231.8336], [96.659485, 98.22871, 105.57799], [164.11217, 0, 0]]
0.001 1000
[[231.12106, 231.93835, 231.8336], [96.659485, 98.22871, 105.57799], [164.11217, 128.63667, 0]]
0.001 100000.0
[[231.12106, 231.93835, 231.8336], [96.659485, 98.22871, 105.57799], [164.11217, 128.63667, 171.73956]]
[-6.0, -5, -4.0]
[0.0, 1.0, 2.0]
1e-06 1.0
[[120.34581, 0, 0], [0, 0, 0], [0, 0, 0]]
1e-06 10.0
[[120.34581, 111.89131, 0], [0, 0, 0], [0, 0, 0]]
1e-06 100.0
[[120.34581, 111.89131, 117.87523], [0, 0, 0], [0, 0, 0]]
1e-05 1.0
[[120.34581, 111.89131, 117.87523], [96.03083, 0, 0], [0, 0, 0]]
1e-05 10.0
[[120.34581, 111.89131, 117.87523], [96.03083, 96.825806, 0], [0, 0, 0]]
1e-05 100.0
[[120.34581, 111.89131, 117.87523], [96.03083, 96.825806, 96.55876], [0, 0, 0]]
0.0001 1.0
[[120.34581, 111.89131, 117.87523], [96.03083, 96.825806, 96.55876], [115.6549, 0, 0]]
0.0001 10.0
[[120.34581, 111.89131, 117.87523], [96.03083, 96.825806, 96.55876], [115.6549, 120.803894, 0]]
0.0001 100.0
[[120.34581, 111.89131, 117.87523], [96.03083, 96.825806, 96.55876], [115.6549, 120.803894, 111.62379]]
[-5.5, -5, -4.5]
[-0.5, 0.0, 0.5]
3.162277660168379e-06 0.31622776601683794
[[97.093765, 0, 0], [0, 0, 0], [0, 0, 0]]
3.162277660168379e-06 1.0
[[97.093765, 97.6923, 0], [0, 0, 0], [0, 0, 0]]
3.162277660168379e-06 3.1622776601683795
[[97.093765, 97.6923, 99.24057], [0, 0, 0], [0, 0, 0]]
1e-05 0.31622776601683794
[[97.093765, 97.6923, 99.24057], [95.37329, 0, 0], [0, 0, 0]]
1e-05 1.0
[[97.093765, 97.6923, 99.24057], [95.37329, 98.69098, 0], [0, 0, 0]]
1e-05 3.1622776601683795
[[97.093765, 97.6923, 99.24057], [95.37329, 98.69098, 97.74337], [0, 0, 0]]
3.1622776601683795e-05 0.31622776601683794
[[97.093765, 97.6923, 99.24057], [95.37329, 98.69098, 97.74337], [98.093094, 0, 0]]
3.1622776601683795e-05 1.0
[[97.093765, 97.6923, 99.24057], [95.37329, 98.69098, 97.74337], [98.093094, 98.855, 0]]
3.1622776601683795e-05 3.1622776601683795
[[97.093765, 97.6923, 99.24057], [95.37329, 98.69098, 97.74337], [98.093094, 98.855, 100.61384]]
[-5.25, -5, -4.75]
[-0.75, -0.5, -0.25]
5.623413251903491e-06 0.1778279410038923
[[97.28016, 0, 0], [0, 0, 0], [0, 0, 0]]
5.623413251903491e-06 0.31622776601683794
[[97.28016, 95.94061, 0], [0, 0, 0], [0, 0, 0]]
5.623413251903491e-06 0.5623413251903491
[[97.28016, 95.94061, 97.945694], [0, 0, 0], [0, 0, 0]]
1e-05 0.1778279410038923
[[97.28016, 95.94061, 97.945694], [97.22521, 0, 0], [0, 0, 0]]
1e-05 0.31622776601683794
[[97.28016, 95.94061, 97.945694], [97.22521, 98.09046, 0], [0, 0, 0]]
1e-05 0.5623413251903491
[[97.28016, 95.94061, 97.945694], [97.22521, 98.09046, 95.27891], [0, 0, 0]]
1.778279410038923e-05 0.1778279410038923
[[97.28016, 95.94061, 97.945694], [97.22521, 98.09046, 95.27891], [97.31545, 0, 0]]
1.778279410038923e-05 0.31622776601683794
[[97.28016, 95.94061, 97.945694], [97.22521, 98.09046, 95.27891], [97.31545, 96.40439, 0]]
1.778279410038923e-05 0.5623413251903491
[[97.28016, 95.94061, 97.945694], [97.22521, 98.09046, 95.27891], [97.31545, 96.40439, 97.34825]]
[-5.125, -5, -4.875]
[-0.375, -0.25, -0.125]
7.498942093324558e-06 0.4216965034285822
[[96.34423, 0, 0], [0, 0, 0], [0, 0, 0]]
7.498942093324558e-06 0.5623413251903491
[[96.34423, 97.31908, 0], [0, 0, 0], [0, 0, 0]]
7.498942093324558e-06 0.7498942093324559
[[96.34423, 97.31908, 96.373985], [0, 0, 0], [0, 0, 0]]
1e-05 0.4216965034285822
[[96.34423, 97.31908, 96.373985], [94.888794, 0, 0], [0, 0, 0]]
1e-05 0.5623413251903491
[[96.34423, 97.31908, 96.373985], [94.888794, 96.19465, 0], [0, 0, 0]]
1e-05 0.7498942093324559
[[96.34423, 97.31908, 96.373985], [94.888794, 96.19465, 96.70614], [0, 0, 0]]
1.333521432163324e-05 0.4216965034285822
[[96.34423, 97.31908, 96.373985], [94.888794, 96.19465, 96.70614], [99.269325, 0, 0]]
1.333521432163324e-05 0.5623413251903491
[[96.34423, 97.31908, 96.373985], [94.888794, 96.19465, 96.70614], [99.269325, 96.2106, 0]]
1.333521432163324e-05 0.7498942093324559
[[96.34423, 97.31908, 96.373985], [94.888794, 96.19465, 96.70614], [99.269325, 96.2106, 96.60629]]
[-5.0625, -5, -4.9375]
[-0.4375, -0.375, -0.3125]
6 10
Score: 94.888794
1e-05 0.4216965034285822
Time 16283.413879871368
