Created graph
0.1 1000
[[1.4751174e+19, 0, 0], [0, 0, 0], [0, 0, 0]]
0.1 100000
[[1.4751174e+19, inf, 0], [0, 0, 0], [0, 0, 0]]
0.1 10000000
[[1.4751174e+19, inf, inf], [0, 0, 0], [0, 0, 0]]
1e-05 1000
[[1.4751174e+19, inf, inf], [100.726456, 0, 0], [0, 0, 0]]
1e-05 100000
[[1.4751174e+19, inf, inf], [100.726456, 114.307526, 0], [0, 0, 0]]
1e-05 10000000
[[1.4751174e+19, inf, inf], [100.726456, 114.307526, 225.18726], [0, 0, 0]]
1e-09 1000
[[1.4751174e+19, inf, inf], [100.726456, 114.307526, 225.18726], [251.10638, 0, 0]]
1e-09 100000
[[1.4751174e+19, inf, inf], [100.726456, 114.307526, 225.18726], [251.10638, 250.3411, 0]]
1e-09 10000000
[[1.4751174e+19, inf, inf], [100.726456, 114.307526, 225.18726], [251.10638, 250.3411, 250.41014]]
[-7.0, -5, -3.0]
[1.0, 3, 5.0]
1e-07 10.0
[[236.96948, 0, 0], [0, 0, 0], [0, 0, 0]]
1e-07 1000
[[236.96948, 236.03218, 0], [0, 0, 0], [0, 0, 0]]
1e-07 100000.0
[[236.96948, 236.03218, 234.65656], [0, 0, 0], [0, 0, 0]]
1e-05 10.0
[[236.96948, 236.03218, 234.65656], [102.84928, 0, 0], [0, 0, 0]]
1e-05 1000
[[236.96948, 236.03218, 234.65656], [102.84928, 99.13206, 0], [0, 0, 0]]
1e-05 100000.0
[[236.96948, 236.03218, 234.65656], [102.84928, 99.13206, 113.04928], [0, 0, 0]]
0.001 10.0
[[236.96948, 236.03218, 234.65656], [102.84928, 99.13206, 113.04928], [165.82211, 0, 0]]
0.001 1000
[[236.96948, 236.03218, 234.65656], [102.84928, 99.13206, 113.04928], [165.82211, 137.7415, 0]]
0.001 100000.0
[[236.96948, 236.03218, 234.65656], [102.84928, 99.13206, 113.04928], [165.82211, 137.7415, 196.13876]]
[-6.0, -5, -4.0]
[2.0, 3, 4.0]
1e-06 100.0
[[121.54313, 0, 0], [0, 0, 0], [0, 0, 0]]
1e-06 1000
[[121.54313, 122.7924, 0], [0, 0, 0], [0, 0, 0]]
1e-06 10000.0
[[121.54313, 122.7924, 125.019035], [0, 0, 0], [0, 0, 0]]
1e-05 100.0
[[121.54313, 122.7924, 125.019035], [99.604004, 0, 0], [0, 0, 0]]
1e-05 1000
[[121.54313, 122.7924, 125.019035], [99.604004, 99.35583, 0], [0, 0, 0]]
1e-05 10000.0
[[121.54313, 122.7924, 125.019035], [99.604004, 99.35583, 97.75684], [0, 0, 0]]
0.0001 100.0
[[121.54313, 122.7924, 125.019035], [99.604004, 99.35583, 97.75684], [109.76253, 0, 0]]
0.0001 1000
[[121.54313, 122.7924, 125.019035], [99.604004, 99.35583, 97.75684], [109.76253, 109.706154, 0]]
0.0001 10000.0
[[121.54313, 122.7924, 125.019035], [99.604004, 99.35583, 97.75684], [109.76253, 109.706154, 102.22791]]
[-5.5, -5, -4.5]
[3.5, 4.0, 4.5]
3.162277660168379e-06 3162.2776601683795
[[100.84021, 0, 0], [0, 0, 0], [0, 0, 0]]
3.162277660168379e-06 10000.0
[[100.84021, 104.27714, 0], [0, 0, 0], [0, 0, 0]]
3.162277660168379e-06 31622.776601683792
[[100.84021, 104.27714, 108.08511], [0, 0, 0], [0, 0, 0]]
1e-05 3162.2776601683795
[[100.84021, 104.27714, 108.08511], [100.56792, 0, 0], [0, 0, 0]]
1e-05 10000.0
[[100.84021, 104.27714, 108.08511], [100.56792, 98.81415, 0], [0, 0, 0]]
1e-05 31622.776601683792
[[100.84021, 104.27714, 108.08511], [100.56792, 98.81415, 101.95905], [0, 0, 0]]
3.1622776601683795e-05 3162.2776601683795
[[100.84021, 104.27714, 108.08511], [100.56792, 98.81415, 101.95905], [99.63921, 0, 0]]
3.1622776601683795e-05 10000.0
[[100.84021, 104.27714, 108.08511], [100.56792, 98.81415, 101.95905], [99.63921, 98.821594, 0]]
3.1622776601683795e-05 31622.776601683792
[[100.84021, 104.27714, 108.08511], [100.56792, 98.81415, 101.95905], [99.63921, 98.821594, 100.36236]]
[-5.25, -5, -4.75]
[3.75, 4.0, 4.25]
5.623413251903491e-06 5623.413251903491
[[99.36487, 0, 0], [0, 0, 0], [0, 0, 0]]
5.623413251903491e-06 10000.0
[[99.36487, 100.644615, 0], [0, 0, 0], [0, 0, 0]]
5.623413251903491e-06 17782.794100389227
[[99.36487, 100.644615, 99.19664], [0, 0, 0], [0, 0, 0]]
1e-05 5623.413251903491
[[99.36487, 100.644615, 99.19664], [99.81068, 0, 0], [0, 0, 0]]
1e-05 10000.0
[[99.36487, 100.644615, 99.19664], [99.81068, 100.20176, 0], [0, 0, 0]]
1e-05 17782.794100389227
[[99.36487, 100.644615, 99.19664], [99.81068, 100.20176, 100.671844], [0, 0, 0]]
1.778279410038923e-05 5623.413251903491
[[99.36487, 100.644615, 99.19664], [99.81068, 100.20176, 100.671844], [97.26335, 0, 0]]
1.778279410038923e-05 10000.0
[[99.36487, 100.644615, 99.19664], [99.81068, 100.20176, 100.671844], [97.26335, 100.879036, 0]]
1.778279410038923e-05 17782.794100389227
[[99.36487, 100.644615, 99.19664], [99.81068, 100.20176, 100.671844], [97.26335, 100.879036, 101.20613]]
[-4.875, -4.75, -4.625]
[3.625, 3.75, 3.875]
1.333521432163324e-05 4216.965034285822
[[98.125595, 0, 0], [0, 0, 0], [0, 0, 0]]
1.333521432163324e-05 5623.413251903491
[[98.125595, 97.03801, 0], [0, 0, 0], [0, 0, 0]]
1.333521432163324e-05 7498.942093324558
[[98.125595, 97.03801, 96.20285], [0, 0, 0], [0, 0, 0]]
1.778279410038923e-05 4216.965034285822
[[98.125595, 97.03801, 96.20285], [98.353004, 0, 0], [0, 0, 0]]
1.778279410038923e-05 5623.413251903491
[[98.125595, 97.03801, 96.20285], [98.353004, 101.01014, 0], [0, 0, 0]]
1.778279410038923e-05 7498.942093324558
[[98.125595, 97.03801, 96.20285], [98.353004, 101.01014, 100.21262], [0, 0, 0]]
2.3713737056616554e-05 4216.965034285822
[[98.125595, 97.03801, 96.20285], [98.353004, 101.01014, 100.21262], [97.27217, 0, 0]]
2.3713737056616554e-05 5623.413251903491
[[98.125595, 97.03801, 96.20285], [98.353004, 101.01014, 100.21262], [97.27217, 99.29855, 0]]
2.3713737056616554e-05 7498.942093324558
[[98.125595, 97.03801, 96.20285], [98.353004, 101.01014, 100.21262], [97.27217, 99.29855, 99.646484]]
[-4.9375, -4.875, -4.8125]
[3.8125, 3.875, 3.9375]
6 25
Score: 96.20285
1.333521432163324e-05 7498.942093324558
Time 16757.61409854889
