Created graph
0.1 1000
[[1.059619e+19, 0, 0], [0, 0, 0], [0, 0, 0]]
0.1 100000
[[1.059619e+19, 1.7641256e+19, 0], [0, 0, 0], [0, 0, 0]]
0.1 10000000
[[1.059619e+19, 1.7641256e+19, inf], [0, 0, 0], [0, 0, 0]]
1e-05 1000
[[1.059619e+19, 1.7641256e+19, inf], [111.0016, 0, 0], [0, 0, 0]]
1e-05 100000
[[1.059619e+19, 1.7641256e+19, inf], [111.0016, 113.146034, 0], [0, 0, 0]]
1e-05 10000000
[[1.059619e+19, 1.7641256e+19, inf], [111.0016, 113.146034, 223.07031], [0, 0, 0]]
1e-09 1000
[[1.059619e+19, 1.7641256e+19, inf], [111.0016, 113.146034, 223.07031], [249.86397, 0, 0]]
1e-09 100000
[[1.059619e+19, 1.7641256e+19, inf], [111.0016, 113.146034, 223.07031], [249.86397, 250.29063, 0]]
1e-09 10000000
[[1.059619e+19, 1.7641256e+19, inf], [111.0016, 113.146034, 223.07031], [249.86397, 250.29063, 250.0343]]
[-7.0, -5, -3.0]
[1.0, 3, 5.0]
1e-07 10.0
[[234.37744, 0, 0], [0, 0, 0], [0, 0, 0]]
1e-07 1000
[[234.37744, 235.61472, 0], [0, 0, 0], [0, 0, 0]]
1e-07 100000.0
[[234.37744, 235.61472, 237.32143], [0, 0, 0], [0, 0, 0]]
1e-05 10.0
[[234.37744, 235.61472, 237.32143], [112.283394, 0, 0], [0, 0, 0]]
1e-05 1000
[[234.37744, 235.61472, 237.32143], [112.283394, 111.53432, 0], [0, 0, 0]]
1e-05 100000.0
[[234.37744, 235.61472, 237.32143], [112.283394, 111.53432, 112.68213], [0, 0, 0]]
0.001 10.0
[[234.37744, 235.61472, 237.32143], [112.283394, 111.53432, 112.68213], [112.56349, 0, 0]]
0.001 1000
[[234.37744, 235.61472, 237.32143], [112.283394, 111.53432, 112.68213], [112.56349, 119.735596, 0]]
0.001 100000.0
[[234.37744, 235.61472, 237.32143], [112.283394, 111.53432, 112.68213], [112.56349, 119.735596, 204.00055]]
[-6.0, -5, -4.0]
[2.0, 3, 4.0]
1e-06 100.0
[[130.6748, 0, 0], [0, 0, 0], [0, 0, 0]]
1e-06 1000
[[130.6748, 127.53187, 0], [0, 0, 0], [0, 0, 0]]
1e-06 10000.0
[[130.6748, 127.53187, 130.22815], [0, 0, 0], [0, 0, 0]]
1e-05 100.0
[[130.6748, 127.53187, 130.22815], [110.54179, 0, 0], [0, 0, 0]]
1e-05 1000
[[130.6748, 127.53187, 130.22815], [110.54179, 108.8946, 0], [0, 0, 0]]
1e-05 10000.0
[[130.6748, 127.53187, 130.22815], [110.54179, 108.8946, 107.07271], [0, 0, 0]]
0.0001 100.0
[[130.6748, 127.53187, 130.22815], [110.54179, 108.8946, 107.07271], [104.567055, 0, 0]]
0.0001 1000
[[130.6748, 127.53187, 130.22815], [110.54179, 108.8946, 107.07271], [104.567055, 110.070145, 0]]
0.0001 10000.0
[[130.6748, 127.53187, 130.22815], [110.54179, 108.8946, 107.07271], [104.567055, 110.070145, 106.03554]]
[-4.5, -4.0, -3.5]
[1.5, 2.0, 2.5]
3.1622776601683795e-05 31.622776601683793
[[109.513596, 0, 0], [0, 0, 0], [0, 0, 0]]
3.1622776601683795e-05 100.0
[[109.513596, 107.52144, 0], [0, 0, 0], [0, 0, 0]]
3.1622776601683795e-05 316.22776601683796
[[109.513596, 107.52144, 106.112206], [0, 0, 0], [0, 0, 0]]
0.0001 31.622776601683793
[[109.513596, 107.52144, 106.112206], [109.94096, 0, 0], [0, 0, 0]]
0.0001 100.0
[[109.513596, 107.52144, 106.112206], [109.94096, 107.82734, 0], [0, 0, 0]]
0.0001 316.22776601683796
[[109.513596, 107.52144, 106.112206], [109.94096, 107.82734, 108.5776], [0, 0, 0]]
0.00031622776601683794 31.622776601683793
[[109.513596, 107.52144, 106.112206], [109.94096, 107.82734, 108.5776], [113.28125, 0, 0]]
0.00031622776601683794 100.0
[[109.513596, 107.52144, 106.112206], [109.94096, 107.82734, 108.5776], [113.28125, 113.2593, 0]]
0.00031622776601683794 316.22776601683796
[[109.513596, 107.52144, 106.112206], [109.94096, 107.82734, 108.5776], [113.28125, 113.2593, 110.08636]]
[-4.75, -4.5, -4.25]
[2.25, 2.5, 2.75]
1.778279410038923e-05 177.82794100389228
[[110.562195, 0, 0], [0, 0, 0], [0, 0, 0]]
1.778279410038923e-05 316.22776601683796
[[110.562195, 111.87302, 0], [0, 0, 0], [0, 0, 0]]
1.778279410038923e-05 562.341325190349
[[110.562195, 111.87302, 111.63069], [0, 0, 0], [0, 0, 0]]
3.1622776601683795e-05 177.82794100389228
[[110.562195, 111.87302, 111.63069], [110.14085, 0, 0], [0, 0, 0]]
3.1622776601683795e-05 316.22776601683796
[[110.562195, 111.87302, 111.63069], [110.14085, 107.780106, 0], [0, 0, 0]]
3.1622776601683795e-05 562.341325190349
[[110.562195, 111.87302, 111.63069], [110.14085, 107.780106, 109.55181], [0, 0, 0]]
5.623413251903491e-05 177.82794100389228
[[110.562195, 111.87302, 111.63069], [110.14085, 107.780106, 109.55181], [104.98802, 0, 0]]
5.623413251903491e-05 316.22776601683796
[[110.562195, 111.87302, 111.63069], [110.14085, 107.780106, 109.55181], [104.98802, 112.409775, 0]]
5.623413251903491e-05 562.341325190349
[[110.562195, 111.87302, 111.63069], [110.14085, 107.780106, 109.55181], [104.98802, 112.409775, 107.73635]]
[-4.375, -4.25, -4.125]
[2.125, 2.25, 2.375]
4.216965034285822e-05 133.3521432163324
[[106.693405, 0, 0], [0, 0, 0], [0, 0, 0]]
4.216965034285822e-05 177.82794100389228
[[106.693405, 113.05288, 0], [0, 0, 0], [0, 0, 0]]
4.216965034285822e-05 237.13737056616552
[[106.693405, 113.05288, 105.48717], [0, 0, 0], [0, 0, 0]]
5.623413251903491e-05 133.3521432163324
[[106.693405, 113.05288, 105.48717], [106.59961, 0, 0], [0, 0, 0]]
5.623413251903491e-05 177.82794100389228
[[106.693405, 113.05288, 105.48717], [106.59961, 110.807785, 0], [0, 0, 0]]
5.623413251903491e-05 237.13737056616552
[[106.693405, 113.05288, 105.48717], [106.59961, 110.807785, 106.18136], [0, 0, 0]]
7.498942093324559e-05 133.3521432163324
[[106.693405, 113.05288, 105.48717], [106.59961, 110.807785, 106.18136], [101.12644, 0, 0]]
7.498942093324559e-05 177.82794100389228
[[106.693405, 113.05288, 105.48717], [106.59961, 110.807785, 106.18136], [101.12644, 107.91922, 0]]
7.498942093324559e-05 237.13737056616552
[[106.693405, 113.05288, 105.48717], [106.59961, 110.807785, 106.18136], [101.12644, 107.91922, 111.00366]]
[-4.1875, -4.125, -4.0625]
[2.0625, 2.125, 2.1875]
5 25
Score: 101.12644
7.498942093324559e-05 133.3521432163324
Time 12451.927119255066
