Created graph
0.1 1000
[[inf, 0, 0], [0, 0, 0], [0, 0, 0]]
0.1 100000
[[inf, 1.4197628e+19, 0], [0, 0, 0], [0, 0, 0]]
0.1 10000000
[[inf, 1.4197628e+19, inf], [0, 0, 0], [0, 0, 0]]
1e-05 1000
[[inf, 1.4197628e+19, inf], [96.80539, 0, 0], [0, 0, 0]]
1e-05 100000
[[inf, 1.4197628e+19, inf], [96.80539, 99.54593, 0], [0, 0, 0]]
1e-05 10000000
[[inf, 1.4197628e+19, inf], [96.80539, 99.54593, 202.56462], [0, 0, 0]]
1e-09 1000
[[inf, 1.4197628e+19, inf], [96.80539, 99.54593, 202.56462], [227.8993, 0, 0]]
1e-09 100000
[[inf, 1.4197628e+19, inf], [96.80539, 99.54593, 202.56462], [227.8993, 228.64299, 0]]
1e-09 10000000
[[inf, 1.4197628e+19, inf], [96.80539, 99.54593, 202.56462], [227.8993, 228.64299, 228.2391]]
[-7.0, -5, -3.0]
[1.0, 3, 5.0]
1e-07 10.0
[[215.70377, 0, 0], [0, 0, 0], [0, 0, 0]]
1e-07 1000
[[215.70377, 212.8695, 0], [0, 0, 0], [0, 0, 0]]
1e-07 100000.0
[[215.70377, 212.8695, 217.1592], [0, 0, 0], [0, 0, 0]]
1e-05 10.0
[[215.70377, 212.8695, 217.1592], [97.36767, 0, 0], [0, 0, 0]]
1e-05 1000
[[215.70377, 212.8695, 217.1592], [97.36767, 94.1845, 0], [0, 0, 0]]
1e-05 100000.0
[[215.70377, 212.8695, 217.1592], [97.36767, 94.1845, 100.26287], [0, 0, 0]]
0.001 10.0
[[215.70377, 212.8695, 217.1592], [97.36767, 94.1845, 100.26287], [109.047134, 0, 0]]
0.001 1000
[[215.70377, 212.8695, 217.1592], [97.36767, 94.1845, 100.26287], [109.047134, 108.8881, 0]]
0.001 100000.0
[[215.70377, 212.8695, 217.1592], [97.36767, 94.1845, 100.26287], [109.047134, 108.8881, 180.9674]]
[-6.0, -5, -4.0]
[2.0, 3, 4.0]
1e-06 100.0
[[123.20154, 0, 0], [0, 0, 0], [0, 0, 0]]
1e-06 1000
[[123.20154, 116.33108, 0], [0, 0, 0], [0, 0, 0]]
1e-06 10000.0
[[123.20154, 116.33108, 116.07255], [0, 0, 0], [0, 0, 0]]
1e-05 100.0
[[123.20154, 116.33108, 116.07255], [94.62778, 0, 0], [0, 0, 0]]
1e-05 1000
[[123.20154, 116.33108, 116.07255], [94.62778, 94.66126, 0], [0, 0, 0]]
1e-05 10000.0
[[123.20154, 116.33108, 116.07255], [94.62778, 94.66126, 97.11354], [0, 0, 0]]
0.0001 100.0
[[123.20154, 116.33108, 116.07255], [94.62778, 94.66126, 97.11354], [103.38444, 0, 0]]
0.0001 1000
[[123.20154, 116.33108, 116.07255], [94.62778, 94.66126, 97.11354], [103.38444, 102.60056, 0]]
0.0001 10000.0
[[123.20154, 116.33108, 116.07255], [94.62778, 94.66126, 97.11354], [103.38444, 102.60056, 97.90551]]
[-5.5, -5, -4.5]
[1.5, 2.0, 2.5]
3.162277660168379e-06 31.622776601683793
[[96.82381, 0, 0], [0, 0, 0], [0, 0, 0]]
3.162277660168379e-06 100.0
[[96.82381, 96.95164, 0], [0, 0, 0], [0, 0, 0]]
3.162277660168379e-06 316.22776601683796
[[96.82381, 96.95164, 98.220566], [0, 0, 0], [0, 0, 0]]
1e-05 31.622776601683793
[[96.82381, 96.95164, 98.220566], [97.968155, 0, 0], [0, 0, 0]]
1e-05 100.0
[[96.82381, 96.95164, 98.220566], [97.968155, 93.7495, 0], [0, 0, 0]]
1e-05 316.22776601683796
[[96.82381, 96.95164, 98.220566], [97.968155, 93.7495, 96.174576], [0, 0, 0]]
3.1622776601683795e-05 31.622776601683793
[[96.82381, 96.95164, 98.220566], [97.968155, 93.7495, 96.174576], [99.860634, 0, 0]]
3.1622776601683795e-05 100.0
[[96.82381, 96.95164, 98.220566], [97.968155, 93.7495, 96.174576], [99.860634, 93.08651, 0]]
3.1622776601683795e-05 316.22776601683796
[[96.82381, 96.95164, 98.220566], [97.968155, 93.7495, 96.174576], [99.860634, 93.08651, 102.0434]]
[-4.75, -4.5, -4.25]
[1.75, 2.0, 2.25]
1.778279410038923e-05 56.23413251903491
[[95.343414, 0, 0], [0, 0, 0], [0, 0, 0]]
1.778279410038923e-05 100.0
[[95.343414, 96.01859, 0], [0, 0, 0], [0, 0, 0]]
1.778279410038923e-05 177.82794100389228
[[95.343414, 96.01859, 97.93187], [0, 0, 0], [0, 0, 0]]
3.1622776601683795e-05 56.23413251903491
[[95.343414, 96.01859, 97.93187], [99.20249, 0, 0], [0, 0, 0]]
3.1622776601683795e-05 100.0
[[95.343414, 96.01859, 97.93187], [99.20249, 96.957184, 0], [0, 0, 0]]
3.1622776601683795e-05 177.82794100389228
[[95.343414, 96.01859, 97.93187], [99.20249, 96.957184, 95.17929], [0, 0, 0]]
5.623413251903491e-05 56.23413251903491
[[95.343414, 96.01859, 97.93187], [99.20249, 96.957184, 95.17929], [99.827896, 0, 0]]
5.623413251903491e-05 100.0
[[95.343414, 96.01859, 97.93187], [99.20249, 96.957184, 95.17929], [99.827896, 101.40413, 0]]
5.623413251903491e-05 177.82794100389228
[[95.343414, 96.01859, 97.93187], [99.20249, 96.957184, 95.17929], [99.827896, 101.40413, 97.15301]]
[-4.625, -4.5, -4.375]
[2.125, 2.25, 2.375]
2.3713737056616554e-05 133.3521432163324
[[98.581375, 0, 0], [0, 0, 0], [0, 0, 0]]
2.3713737056616554e-05 177.82794100389228
[[98.581375, 95.39349, 0], [0, 0, 0], [0, 0, 0]]
2.3713737056616554e-05 237.13737056616552
[[98.581375, 95.39349, 95.95765], [0, 0, 0], [0, 0, 0]]
3.1622776601683795e-05 133.3521432163324
[[98.581375, 95.39349, 95.95765], [97.22242, 0, 0], [0, 0, 0]]
3.1622776601683795e-05 177.82794100389228
[[98.581375, 95.39349, 95.95765], [97.22242, 95.90696, 0], [0, 0, 0]]
3.1622776601683795e-05 237.13737056616552
[[98.581375, 95.39349, 95.95765], [97.22242, 95.90696, 97.0953], [0, 0, 0]]
4.216965034285822e-05 133.3521432163324
[[98.581375, 95.39349, 95.95765], [97.22242, 95.90696, 97.0953], [98.52969, 0, 0]]
4.216965034285822e-05 177.82794100389228
[[98.581375, 95.39349, 95.95765], [97.22242, 95.90696, 97.0953], [98.52969, 99.94802, 0]]
4.216965034285822e-05 237.13737056616552
[[98.581375, 95.39349, 95.95765], [97.22242, 95.90696, 97.0953], [98.52969, 99.94802, 107.01901]]
[-4.6875, -4.625, -4.5625]
[2.1875, 2.25, 2.3125]
5 5
Score: 95.39349
2.3713737056616554e-05 177.82794100389228
Time 14056.2905960083
