Created graph
0.1 1000
[[1.8009943e+19, 0, 0], [0, 0, 0], [0, 0, 0]]
0.1 100000
[[1.8009943e+19, 1.4497844e+19, 0], [0, 0, 0], [0, 0, 0]]
0.1 10000000
[[1.8009943e+19, 1.4497844e+19, inf], [0, 0, 0], [0, 0, 0]]
1e-05 1000
[[1.8009943e+19, 1.4497844e+19, inf], [96.22801, 0, 0], [0, 0, 0]]
1e-05 100000
[[1.8009943e+19, 1.4497844e+19, inf], [96.22801, 101.90036, 0], [0, 0, 0]]
1e-05 10000000
[[1.8009943e+19, 1.4497844e+19, inf], [96.22801, 101.90036, 208.57863], [0, 0, 0]]
1e-09 1000
[[1.8009943e+19, 1.4497844e+19, inf], [96.22801, 101.90036, 208.57863], [236.19629, 0, 0]]
1e-09 100000
[[1.8009943e+19, 1.4497844e+19, inf], [96.22801, 101.90036, 208.57863], [236.19629, 236.41383, 0]]
1e-09 10000000
[[1.8009943e+19, 1.4497844e+19, inf], [96.22801, 101.90036, 208.57863], [236.19629, 236.41383, 236.81334]]
[-7.0, -5, -3.0]
[1.0, 3, 5.0]
1e-07 10.0
[[224.51804, 0, 0], [0, 0, 0], [0, 0, 0]]
1e-07 1000
[[224.51804, 225.5537, 0], [0, 0, 0], [0, 0, 0]]
1e-07 100000.0
[[224.51804, 225.5537, 224.5374], [0, 0, 0], [0, 0, 0]]
1e-05 10.0
[[224.51804, 225.5537, 224.5374], [99.031845, 0, 0], [0, 0, 0]]
1e-05 1000
[[224.51804, 225.5537, 224.5374], [99.031845, 96.43469, 0], [0, 0, 0]]
1e-05 100000.0
[[224.51804, 225.5537, 224.5374], [99.031845, 96.43469, 101.15573], [0, 0, 0]]
0.001 10.0
[[224.51804, 225.5537, 224.5374], [99.031845, 96.43469, 101.15573], [105.8232, 0, 0]]
0.001 1000
[[224.51804, 225.5537, 224.5374], [99.031845, 96.43469, 101.15573], [105.8232, 105.60826, 0]]
0.001 100000.0
[[224.51804, 225.5537, 224.5374], [99.031845, 96.43469, 101.15573], [105.8232, 105.60826, 191.17064]]
[-6.0, -5, -4.0]
[2.0, 3, 4.0]
1e-06 100.0
[[121.02025, 0, 0], [0, 0, 0], [0, 0, 0]]
1e-06 1000
[[121.02025, 120.47545, 0], [0, 0, 0], [0, 0, 0]]
1e-06 10000.0
[[121.02025, 120.47545, 117.6302], [0, 0, 0], [0, 0, 0]]
1e-05 100.0
[[121.02025, 120.47545, 117.6302], [98.47998, 0, 0], [0, 0, 0]]
1e-05 1000
[[121.02025, 120.47545, 117.6302], [98.47998, 97.96477, 0], [0, 0, 0]]
1e-05 10000.0
[[121.02025, 120.47545, 117.6302], [98.47998, 97.96477, 98.33409], [0, 0, 0]]
0.0001 100.0
[[121.02025, 120.47545, 117.6302], [98.47998, 97.96477, 98.33409], [103.77307, 0, 0]]
0.0001 1000
[[121.02025, 120.47545, 117.6302], [98.47998, 97.96477, 98.33409], [103.77307, 111.37585, 0]]
0.0001 10000.0
[[121.02025, 120.47545, 117.6302], [98.47998, 97.96477, 98.33409], [103.77307, 111.37585, 99.18971]]
[-5.5, -5, -4.5]
[2.5, 3, 3.5]
3.162277660168379e-06 316.22776601683796
[[97.831406, 0, 0], [0, 0, 0], [0, 0, 0]]
3.162277660168379e-06 1000
[[97.831406, 97.38713, 0], [0, 0, 0], [0, 0, 0]]
3.162277660168379e-06 3162.2776601683795
[[97.831406, 97.38713, 96.66297], [0, 0, 0], [0, 0, 0]]
1e-05 316.22776601683796
[[97.831406, 97.38713, 96.66297], [98.284676, 0, 0], [0, 0, 0]]
1e-05 1000
[[97.831406, 97.38713, 96.66297], [98.284676, 97.05091, 0], [0, 0, 0]]
1e-05 3162.2776601683795
[[97.831406, 97.38713, 96.66297], [98.284676, 97.05091, 98.34491], [0, 0, 0]]
3.1622776601683795e-05 316.22776601683796
[[97.831406, 97.38713, 96.66297], [98.284676, 97.05091, 98.34491], [100.93038, 0, 0]]
3.1622776601683795e-05 1000
[[97.831406, 97.38713, 96.66297], [98.284676, 97.05091, 98.34491], [100.93038, 102.60169, 0]]
3.1622776601683795e-05 3162.2776601683795
[[97.831406, 97.38713, 96.66297], [98.284676, 97.05091, 98.34491], [100.93038, 102.60169, 98.41743]]
[-5.75, -5.5, -5.25]
[3.25, 3.5, 3.75]
1.778279410038923e-06 1778.2794100389228
[[104.0656, 0, 0], [0, 0, 0], [0, 0, 0]]
1.778279410038923e-06 3162.2776601683795
[[104.0656, 106.98398, 0], [0, 0, 0], [0, 0, 0]]
1.778279410038923e-06 5623.413251903491
[[104.0656, 106.98398, 104.85031], [0, 0, 0], [0, 0, 0]]
3.162277660168379e-06 1778.2794100389228
[[104.0656, 106.98398, 104.85031], [98.09777, 0, 0], [0, 0, 0]]
3.162277660168379e-06 3162.2776601683795
[[104.0656, 106.98398, 104.85031], [98.09777, 95.447754, 0], [0, 0, 0]]
3.162277660168379e-06 5623.413251903491
[[104.0656, 106.98398, 104.85031], [98.09777, 95.447754, 98.048744], [0, 0, 0]]
5.623413251903491e-06 1778.2794100389228
[[104.0656, 106.98398, 104.85031], [98.09777, 95.447754, 98.048744], [96.69839, 0, 0]]
5.623413251903491e-06 3162.2776601683795
[[104.0656, 106.98398, 104.85031], [98.09777, 95.447754, 98.048744], [96.69839, 95.7004, 0]]
5.623413251903491e-06 5623.413251903491
[[104.0656, 106.98398, 104.85031], [98.09777, 95.447754, 98.048744], [96.69839, 95.7004, 97.75264]]
[-5.625, -5.5, -5.375]
[3.375, 3.5, 3.625]
2.3713737056616552e-06 2371.373705661655
[[100.24391, 0, 0], [0, 0, 0], [0, 0, 0]]
2.3713737056616552e-06 3162.2776601683795
[[100.24391, 98.48365, 0], [0, 0, 0], [0, 0, 0]]
2.3713737056616552e-06 4216.965034285822
[[100.24391, 98.48365, 100.89567], [0, 0, 0], [0, 0, 0]]
3.162277660168379e-06 2371.373705661655
[[100.24391, 98.48365, 100.89567], [98.79238, 0, 0], [0, 0, 0]]
3.162277660168379e-06 3162.2776601683795
[[100.24391, 98.48365, 100.89567], [98.79238, 97.91317, 0], [0, 0, 0]]
3.162277660168379e-06 4216.965034285822
[[100.24391, 98.48365, 100.89567], [98.79238, 97.91317, 96.62911], [0, 0, 0]]
4.216965034285822e-06 2371.373705661655
[[100.24391, 98.48365, 100.89567], [98.79238, 97.91317, 96.62911], [96.07199, 0, 0]]
4.216965034285822e-06 3162.2776601683795
[[100.24391, 98.48365, 100.89567], [98.79238, 97.91317, 96.62911], [96.07199, 97.757996, 0]]
4.216965034285822e-06 4216.965034285822
[[100.24391, 98.48365, 100.89567], [98.79238, 97.91317, 96.62911], [96.07199, 97.757996, 94.1344]]
[-5.4375, -5.375, -5.3125]
[3.5625, 3.625, 3.6875]
4 100
Score: 94.1344
4.216965034285822e-06 4216.965034285822
Time 22047.359038591385
