Created graph
0.1 1000
[[1.40307e+19, 0, 0], [0, 0, 0], [0, 0, 0]]
0.1 100000
[[1.40307e+19, 9.0768923e+18, 0], [0, 0, 0], [0, 0, 0]]
0.1 10000000
[[1.40307e+19, 9.0768923e+18, inf], [0, 0, 0], [0, 0, 0]]
1e-05 1000
[[1.40307e+19, 9.0768923e+18, inf], [113.3663, 0, 0], [0, 0, 0]]
1e-05 100000
[[1.40307e+19, 9.0768923e+18, inf], [113.3663, 131.07037, 0], [0, 0, 0]]
1e-05 10000000
[[1.40307e+19, 9.0768923e+18, inf], [113.3663, 131.07037, 248.22147], [0, 0, 0]]
1e-09 1000
[[1.40307e+19, 9.0768923e+18, inf], [113.3663, 131.07037, 248.22147], [276.50082, 0, 0]]
1e-09 100000
[[1.40307e+19, 9.0768923e+18, inf], [113.3663, 131.07037, 248.22147], [276.50082, 276.5683, 0]]
1e-09 10000000
[[1.40307e+19, 9.0768923e+18, inf], [113.3663, 131.07037, 248.22147], [276.50082, 276.5683, 276.28168]]
[-7.0, -5, -3.0]
[1.0, 3, 5.0]
1e-07 10.0
[[260.38037, 0, 0], [0, 0, 0], [0, 0, 0]]
1e-07 1000
[[260.38037, 262.6376, 0], [0, 0, 0], [0, 0, 0]]
1e-07 100000.0
[[260.38037, 262.6376, 261.7667], [0, 0, 0], [0, 0, 0]]
1e-05 10.0
[[260.38037, 262.6376, 261.7667], [114.29387, 0, 0], [0, 0, 0]]
1e-05 1000
[[260.38037, 262.6376, 261.7667], [114.29387, 112.78616, 0], [0, 0, 0]]
1e-05 100000.0
[[260.38037, 262.6376, 261.7667], [114.29387, 112.78616, 131.23064], [0, 0, 0]]
0.001 10.0
[[260.38037, 262.6376, 261.7667], [114.29387, 112.78616, 131.23064], [210.50835, 0, 0]]
0.001 1000
[[260.38037, 262.6376, 261.7667], [114.29387, 112.78616, 131.23064], [210.50835, 167.23936, 0]]
0.001 100000.0
[[260.38037, 262.6376, 261.7667], [114.29387, 112.78616, 131.23064], [210.50835, 167.23936, 221.73003]]
[-6.0, -5, -4.0]
[2.0, 3, 4.0]
1e-06 100.0
[[134.33548, 0, 0], [0, 0, 0], [0, 0, 0]]
1e-06 1000
[[134.33548, 136.0874, 0], [0, 0, 0], [0, 0, 0]]
1e-06 10000.0
[[134.33548, 136.0874, 137.38826], [0, 0, 0], [0, 0, 0]]
1e-05 100.0
[[134.33548, 136.0874, 137.38826], [113.829926, 0, 0], [0, 0, 0]]
1e-05 1000
[[134.33548, 136.0874, 137.38826], [113.829926, 114.870766, 0], [0, 0, 0]]
1e-05 10000.0
[[134.33548, 136.0874, 137.38826], [113.829926, 114.870766, 115.44753], [0, 0, 0]]
0.0001 100.0
[[134.33548, 136.0874, 137.38826], [113.829926, 114.870766, 115.44753], [135.09052, 0, 0]]
0.0001 1000
[[134.33548, 136.0874, 137.38826], [113.829926, 114.870766, 115.44753], [135.09052, 125.54709, 0]]
0.0001 10000.0
[[134.33548, 136.0874, 137.38826], [113.829926, 114.870766, 115.44753], [135.09052, 125.54709, 119.16142]]
[-5.5, -5, -4.5]
[1.5, 2.0, 2.5]
3.162277660168379e-06 31.622776601683793
[[115.46331, 0, 0], [0, 0, 0], [0, 0, 0]]
3.162277660168379e-06 100.0
[[115.46331, 117.303795, 0], [0, 0, 0], [0, 0, 0]]
3.162277660168379e-06 316.22776601683796
[[115.46331, 117.303795, 116.38406], [0, 0, 0], [0, 0, 0]]
1e-05 31.622776601683793
[[115.46331, 117.303795, 116.38406], [112.74547, 0, 0], [0, 0, 0]]
1e-05 100.0
[[115.46331, 117.303795, 116.38406], [112.74547, 114.8514, 0], [0, 0, 0]]
1e-05 316.22776601683796
[[115.46331, 117.303795, 116.38406], [112.74547, 114.8514, 113.19686], [0, 0, 0]]
3.1622776601683795e-05 31.622776601683793
[[115.46331, 117.303795, 116.38406], [112.74547, 114.8514, 113.19686], [113.98438, 0, 0]]
3.1622776601683795e-05 100.0
[[115.46331, 117.303795, 116.38406], [112.74547, 114.8514, 113.19686], [113.98438, 112.05364, 0]]
3.1622776601683795e-05 316.22776601683796
[[115.46331, 117.303795, 116.38406], [112.74547, 114.8514, 113.19686], [113.98438, 112.05364, 115.40393]]
[-4.75, -4.5, -4.25]
[1.75, 2.0, 2.25]
1.778279410038923e-05 56.23413251903491
[[112.36402, 0, 0], [0, 0, 0], [0, 0, 0]]
1.778279410038923e-05 100.0
[[112.36402, 113.01523, 0], [0, 0, 0], [0, 0, 0]]
1.778279410038923e-05 177.82794100389228
[[112.36402, 113.01523, 112.042984], [0, 0, 0], [0, 0, 0]]
3.1622776601683795e-05 56.23413251903491
[[112.36402, 113.01523, 112.042984], [112.73286, 0, 0], [0, 0, 0]]
3.1622776601683795e-05 100.0
[[112.36402, 113.01523, 112.042984], [112.73286, 112.04802, 0], [0, 0, 0]]
3.1622776601683795e-05 177.82794100389228
[[112.36402, 113.01523, 112.042984], [112.73286, 112.04802, 113.58202], [0, 0, 0]]
5.623413251903491e-05 56.23413251903491
[[112.36402, 113.01523, 112.042984], [112.73286, 112.04802, 113.58202], [118.015396, 0, 0]]
5.623413251903491e-05 100.0
[[112.36402, 113.01523, 112.042984], [112.73286, 112.04802, 113.58202], [118.015396, 118.821396, 0]]
5.623413251903491e-05 177.82794100389228
[[112.36402, 113.01523, 112.042984], [112.73286, 112.04802, 113.58202], [118.015396, 118.821396, 119.16405]]
[-4.875, -4.75, -4.625]
[2.125, 2.25, 2.375]
1.333521432163324e-05 133.3521432163324
[[114.716736, 0, 0], [0, 0, 0], [0, 0, 0]]
1.333521432163324e-05 177.82794100389228
[[114.716736, 116.056366, 0], [0, 0, 0], [0, 0, 0]]
1.333521432163324e-05 237.13737056616552
[[114.716736, 116.056366, 114.50394], [0, 0, 0], [0, 0, 0]]
1.778279410038923e-05 133.3521432163324
[[114.716736, 116.056366, 114.50394], [114.57764, 0, 0], [0, 0, 0]]
1.778279410038923e-05 177.82794100389228
[[114.716736, 116.056366, 114.50394], [114.57764, 111.345276, 0], [0, 0, 0]]
1.778279410038923e-05 237.13737056616552
[[114.716736, 116.056366, 114.50394], [114.57764, 111.345276, 113.403786], [0, 0, 0]]
2.3713737056616554e-05 133.3521432163324
[[114.716736, 116.056366, 114.50394], [114.57764, 111.345276, 113.403786], [112.10914, 0, 0]]
2.3713737056616554e-05 177.82794100389228
[[114.716736, 116.056366, 114.50394], [114.57764, 111.345276, 113.403786], [112.10914, 111.77448, 0]]
2.3713737056616554e-05 237.13737056616552
[[114.716736, 116.056366, 114.50394], [114.57764, 111.345276, 113.403786], [112.10914, 111.77448, 110.20559]]
[-4.6875, -4.625, -4.5625]
[2.3125, 2.375, 2.4375]
7 5
Score: 110.20559
2.3713737056616554e-05 237.13737056616552
Time 14676.474685668945
