Created graph
0.1 1000
[[9.080831e+18, 0, 0], [0, 0, 0], [0, 0, 0]]
0.1 100000
[[9.080831e+18, inf, 0], [0, 0, 0], [0, 0, 0]]
0.1 10000000
[[9.080831e+18, inf, inf], [0, 0, 0], [0, 0, 0]]
1e-05 1000
[[9.080831e+18, inf, inf], [91.90102, 0, 0], [0, 0, 0]]
1e-05 100000
[[9.080831e+18, inf, inf], [91.90102, 97.71641, 0], [0, 0, 0]]
1e-05 10000000
[[9.080831e+18, inf, inf], [91.90102, 97.71641, 219.75505], [0, 0, 0]]
1e-09 1000
[[9.080831e+18, inf, inf], [91.90102, 97.71641, 219.75505], [246.37648, 0, 0]]
1e-09 100000
[[9.080831e+18, inf, inf], [91.90102, 97.71641, 219.75505], [246.37648, 246.43718, 0]]
1e-09 10000000
[[9.080831e+18, inf, inf], [91.90102, 97.71641, 219.75505], [246.37648, 246.43718, 246.00192]]
[-7.0, -5, -3.0]
[1.0, 3, 5.0]
1e-07 10.0
[[233.71913, 0, 0], [0, 0, 0], [0, 0, 0]]
1e-07 1000
[[233.71913, 233.03159, 0], [0, 0, 0], [0, 0, 0]]
1e-07 100000.0
[[233.71913, 233.03159, 234.1278], [0, 0, 0], [0, 0, 0]]
1e-05 10.0
[[233.71913, 233.03159, 234.1278], [91.94857, 0, 0], [0, 0, 0]]
1e-05 1000
[[233.71913, 233.03159, 234.1278], [91.94857, 92.03091, 0], [0, 0, 0]]
1e-05 100000.0
[[233.71913, 233.03159, 234.1278], [91.94857, 92.03091, 96.830185], [0, 0, 0]]
0.001 10.0
[[233.71913, 233.03159, 234.1278], [91.94857, 92.03091, 96.830185], [102.95381, 0, 0]]
0.001 1000
[[233.71913, 233.03159, 234.1278], [91.94857, 92.03091, 96.830185], [102.95381, 108.12723, 0]]
0.001 100000.0
[[233.71913, 233.03159, 234.1278], [91.94857, 92.03091, 96.830185], [102.95381, 108.12723, 164.61023]]
[-6.0, -5, -4.0]
[0.0, 1.0, 2.0]
1e-06 1.0
[[117.22117, 0, 0], [0, 0, 0], [0, 0, 0]]
1e-06 10.0
[[117.22117, 118.365074, 0], [0, 0, 0], [0, 0, 0]]
1e-06 100.0
[[117.22117, 118.365074, 117.252556], [0, 0, 0], [0, 0, 0]]
1e-05 1.0
[[117.22117, 118.365074, 117.252556], [92.891525, 0, 0], [0, 0, 0]]
1e-05 10.0
[[117.22117, 118.365074, 117.252556], [92.891525, 92.06275, 0], [0, 0, 0]]
1e-05 100.0
[[117.22117, 118.365074, 117.252556], [92.891525, 92.06275, 90.60364], [0, 0, 0]]
0.0001 1.0
[[117.22117, 118.365074, 117.252556], [92.891525, 92.06275, 90.60364], [95.012886, 0, 0]]
0.0001 10.0
[[117.22117, 118.365074, 117.252556], [92.891525, 92.06275, 90.60364], [95.012886, 97.58931, 0]]
0.0001 100.0
[[117.22117, 118.365074, 117.252556], [92.891525, 92.06275, 90.60364], [95.012886, 97.58931, 94.07338]]
[-5.5, -5, -4.5]
[1.5, 2.0, 2.5]
3.162277660168379e-06 31.622776601683793
[[92.07832, 0, 0], [0, 0, 0], [0, 0, 0]]
3.162277660168379e-06 100.0
[[92.07832, 91.75313, 0], [0, 0, 0], [0, 0, 0]]
3.162277660168379e-06 316.22776601683796
[[92.07832, 91.75313, 92.58582], [0, 0, 0], [0, 0, 0]]
1e-05 31.622776601683793
[[92.07832, 91.75313, 92.58582], [92.30899, 0, 0], [0, 0, 0]]
1e-05 100.0
[[92.07832, 91.75313, 92.58582], [92.30899, 93.23537, 0], [0, 0, 0]]
1e-05 316.22776601683796
[[92.07832, 91.75313, 92.58582], [92.30899, 93.23537, 92.2908], [0, 0, 0]]
3.1622776601683795e-05 31.622776601683793
[[92.07832, 91.75313, 92.58582], [92.30899, 93.23537, 92.2908], [95.82674, 0, 0]]
3.1622776601683795e-05 100.0
[[92.07832, 91.75313, 92.58582], [92.30899, 93.23537, 92.2908], [95.82674, 93.80417, 0]]
3.1622776601683795e-05 316.22776601683796
[[92.07832, 91.75313, 92.58582], [92.30899, 93.23537, 92.2908], [95.82674, 93.80417, 89.53119]]
[-4.75, -4.5, -4.25]
[2.25, 2.5, 2.75]
1.778279410038923e-05 177.82794100389228
[[89.23815, 0, 0], [0, 0, 0], [0, 0, 0]]
1.778279410038923e-05 316.22776601683796
[[89.23815, 92.061134, 0], [0, 0, 0], [0, 0, 0]]
1.778279410038923e-05 562.341325190349
[[89.23815, 92.061134, 92.34641], [0, 0, 0], [0, 0, 0]]
3.1622776601683795e-05 177.82794100389228
[[89.23815, 92.061134, 92.34641], [93.46319, 0, 0], [0, 0, 0]]
3.1622776601683795e-05 316.22776601683796
[[89.23815, 92.061134, 92.34641], [93.46319, 94.607704, 0], [0, 0, 0]]
3.1622776601683795e-05 562.341325190349
[[89.23815, 92.061134, 92.34641], [93.46319, 94.607704, 96.244545], [0, 0, 0]]
5.623413251903491e-05 177.82794100389228
[[89.23815, 92.061134, 92.34641], [93.46319, 94.607704, 96.244545], [92.380066, 0, 0]]
5.623413251903491e-05 316.22776601683796
[[89.23815, 92.061134, 92.34641], [93.46319, 94.607704, 96.244545], [92.380066, 93.20034, 0]]
5.623413251903491e-05 562.341325190349
[[89.23815, 92.061134, 92.34641], [93.46319, 94.607704, 96.244545], [92.380066, 93.20034, 93.16166]]
[-4.875, -4.75, -4.625]
[2.125, 2.25, 2.375]
1.333521432163324e-05 133.3521432163324
[[92.54772, 0, 0], [0, 0, 0], [0, 0, 0]]
1.333521432163324e-05 177.82794100389228
[[92.54772, 92.155045, 0], [0, 0, 0], [0, 0, 0]]
1.333521432163324e-05 237.13737056616552
[[92.54772, 92.155045, 89.36924], [0, 0, 0], [0, 0, 0]]
1.778279410038923e-05 133.3521432163324
[[92.54772, 92.155045, 89.36924], [86.84694, 0, 0], [0, 0, 0]]
1.778279410038923e-05 177.82794100389228
[[92.54772, 92.155045, 89.36924], [86.84694, 91.0079, 0], [0, 0, 0]]
1.778279410038923e-05 237.13737056616552
[[92.54772, 92.155045, 89.36924], [86.84694, 91.0079, 90.47716], [0, 0, 0]]
2.3713737056616554e-05 133.3521432163324
[[92.54772, 92.155045, 89.36924], [86.84694, 91.0079, 90.47716], [92.298805, 0, 0]]
2.3713737056616554e-05 177.82794100389228
[[92.54772, 92.155045, 89.36924], [86.84694, 91.0079, 90.47716], [92.298805, 89.9074, 0]]
2.3713737056616554e-05 237.13737056616552
[[92.54772, 92.155045, 89.36924], [86.84694, 91.0079, 90.47716], [92.298805, 89.9074, 93.869965]]
[-4.8125, -4.75, -4.6875]
[2.0625, 2.125, 2.1875]
4 10
Score: 86.84694
1.778279410038923e-05 133.3521432163324
Time 14224.336812973022
