Created graph
0.1 1000
[[inf, 0, 0], [0, 0, 0], [0, 0, 0]]
0.1 100000
[[inf, inf, 0], [0, 0, 0], [0, 0, 0]]
0.1 10000000
[[inf, inf, inf], [0, 0, 0], [0, 0, 0]]
1e-05 1000
[[inf, inf, inf], [92.908485, 0, 0], [0, 0, 0]]
1e-05 100000
[[inf, inf, inf], [92.908485, 96.60732, 0], [0, 0, 0]]
1e-05 10000000
[[inf, inf, inf], [92.908485, 96.60732, 174.04501], [0, 0, 0]]
1e-09 1000
[[inf, inf, inf], [92.908485, 96.60732, 174.04501], [197.46947, 0, 0]]
1e-09 100000
[[inf, inf, inf], [92.908485, 96.60732, 174.04501], [197.46947, 198.02182, 0]]
1e-09 10000000
[[inf, inf, inf], [92.908485, 96.60732, 174.04501], [197.46947, 198.02182, 197.88647]]
[-7.0, -5, -3.0]
[1.0, 3, 5.0]
1e-07 10.0
[[181.11545, 0, 0], [0, 0, 0], [0, 0, 0]]
1e-07 1000
[[181.11545, 181.26337, 0], [0, 0, 0], [0, 0, 0]]
1e-07 100000.0
[[181.11545, 181.26337, 180.56926], [0, 0, 0], [0, 0, 0]]
1e-05 10.0
[[181.11545, 181.26337, 180.56926], [91.467834, 0, 0], [0, 0, 0]]
1e-05 1000
[[181.11545, 181.26337, 180.56926], [91.467834, 92.98351, 0], [0, 0, 0]]
1e-05 100000.0
[[181.11545, 181.26337, 180.56926], [91.467834, 92.98351, 97.148834], [0, 0, 0]]
0.001 10.0
[[181.11545, 181.26337, 180.56926], [91.467834, 92.98351, 97.148834], [160.51216, 0, 0]]
0.001 1000
[[181.11545, 181.26337, 180.56926], [91.467834, 92.98351, 97.148834], [160.51216, 114.655655, 0]]
0.001 100000.0
[[181.11545, 181.26337, 180.56926], [91.467834, 92.98351, 97.148834], [160.51216, 114.655655, 144.39307]]
[-6.0, -5, -4.0]
[0.0, 1.0, 2.0]
1e-06 1.0
[[112.72975, 0, 0], [0, 0, 0], [0, 0, 0]]
1e-06 10.0
[[112.72975, 110.668236, 0], [0, 0, 0], [0, 0, 0]]
1e-06 100.0
[[112.72975, 110.668236, 110.77858], [0, 0, 0], [0, 0, 0]]
1e-05 1.0
[[112.72975, 110.668236, 110.77858], [93.50407, 0, 0], [0, 0, 0]]
1e-05 10.0
[[112.72975, 110.668236, 110.77858], [93.50407, 93.22963, 0], [0, 0, 0]]
1e-05 100.0
[[112.72975, 110.668236, 110.77858], [93.50407, 93.22963, 91.90469], [0, 0, 0]]
0.0001 1.0
[[112.72975, 110.668236, 110.77858], [93.50407, 93.22963, 91.90469], [103.549545, 0, 0]]
0.0001 10.0
[[112.72975, 110.668236, 110.77858], [93.50407, 93.22963, 91.90469], [103.549545, 99.86507, 0]]
0.0001 100.0
[[112.72975, 110.668236, 110.77858], [93.50407, 93.22963, 91.90469], [103.549545, 99.86507, 99.60659]]
[-5.5, -5, -4.5]
[1.5, 2.0, 2.5]
3.162277660168379e-06 31.622776601683793
[[93.31712, 0, 0], [0, 0, 0], [0, 0, 0]]
3.162277660168379e-06 100.0
[[93.31712, 91.90025, 0], [0, 0, 0], [0, 0, 0]]
3.162277660168379e-06 316.22776601683796
[[93.31712, 91.90025, 91.02093], [0, 0, 0], [0, 0, 0]]
1e-05 31.622776601683793
[[93.31712, 91.90025, 91.02093], [93.54752, 0, 0], [0, 0, 0]]
1e-05 100.0
[[93.31712, 91.90025, 91.02093], [93.54752, 91.95371, 0], [0, 0, 0]]
1e-05 316.22776601683796
[[93.31712, 91.90025, 91.02093], [93.54752, 91.95371, 92.097916], [0, 0, 0]]
3.1622776601683795e-05 31.622776601683793
[[93.31712, 91.90025, 91.02093], [93.54752, 91.95371, 92.097916], [92.57351, 0, 0]]
3.1622776601683795e-05 100.0
[[93.31712, 91.90025, 91.02093], [93.54752, 91.95371, 92.097916], [92.57351, 94.35018, 0]]
3.1622776601683795e-05 316.22776601683796
[[93.31712, 91.90025, 91.02093], [93.54752, 91.95371, 92.097916], [92.57351, 94.35018, 93.75165]]
[-5.75, -5.5, -5.25]
[2.25, 2.5, 2.75]
1.778279410038923e-06 177.82794100389228
[[96.51891, 0, 0], [0, 0, 0], [0, 0, 0]]
1.778279410038923e-06 316.22776601683796
[[96.51891, 97.04567, 0], [0, 0, 0], [0, 0, 0]]
1.778279410038923e-06 562.341325190349
[[96.51891, 97.04567, 98.74573], [0, 0, 0], [0, 0, 0]]
3.162277660168379e-06 177.82794100389228
[[96.51891, 97.04567, 98.74573], [92.88092, 0, 0], [0, 0, 0]]
3.162277660168379e-06 316.22776601683796
[[96.51891, 97.04567, 98.74573], [92.88092, 93.13298, 0], [0, 0, 0]]
3.162277660168379e-06 562.341325190349
[[96.51891, 97.04567, 98.74573], [92.88092, 93.13298, 93.78982], [0, 0, 0]]
5.623413251903491e-06 177.82794100389228
[[96.51891, 97.04567, 98.74573], [92.88092, 93.13298, 93.78982], [90.900505, 0, 0]]
5.623413251903491e-06 316.22776601683796
[[96.51891, 97.04567, 98.74573], [92.88092, 93.13298, 93.78982], [90.900505, 92.942795, 0]]
5.623413251903491e-06 562.341325190349
[[96.51891, 97.04567, 98.74573], [92.88092, 93.13298, 93.78982], [90.900505, 92.942795, 92.0267]]
[-5.375, -5.25, -5.125]
[2.125, 2.25, 2.375]
4.216965034285822e-06 133.3521432163324
[[91.61112, 0, 0], [0, 0, 0], [0, 0, 0]]
4.216965034285822e-06 177.82794100389228
[[91.61112, 92.66239, 0], [0, 0, 0], [0, 0, 0]]
4.216965034285822e-06 237.13737056616552
[[91.61112, 92.66239, 92.3454], [0, 0, 0], [0, 0, 0]]
5.623413251903491e-06 133.3521432163324
[[91.61112, 92.66239, 92.3454], [91.50779, 0, 0], [0, 0, 0]]
5.623413251903491e-06 177.82794100389228
[[91.61112, 92.66239, 92.3454], [91.50779, 92.02574, 0], [0, 0, 0]]
5.623413251903491e-06 237.13737056616552
[[91.61112, 92.66239, 92.3454], [91.50779, 92.02574, 91.3128], [0, 0, 0]]
7.498942093324558e-06 133.3521432163324
[[91.61112, 92.66239, 92.3454], [91.50779, 92.02574, 91.3128], [92.71873, 0, 0]]
7.498942093324558e-06 177.82794100389228
[[91.61112, 92.66239, 92.3454], [91.50779, 92.02574, 91.3128], [92.71873, 90.88846, 0]]
7.498942093324558e-06 237.13737056616552
[[91.61112, 92.66239, 92.3454], [91.50779, 92.02574, 91.3128], [92.71873, 90.88846, 91.599846]]
[-5.1875, -5.125, -5.0625]
[2.1875, 2.25, 2.3125]
6 250
Score: 90.88846
7.498942093324558e-06 177.82794100389228
Time 20290.463713645935
