Created graph
0.1 1000
[[1.3646965e+19, 0, 0], [0, 0, 0], [0, 0, 0]]
0.1 100000
[[1.3646965e+19, 1.0777823e+19, 0], [0, 0, 0], [0, 0, 0]]
0.1 10000000
[[1.3646965e+19, 1.0777823e+19, inf], [0, 0, 0], [0, 0, 0]]
1e-05 1000
[[1.3646965e+19, 1.0777823e+19, inf], [110.825836, 0, 0], [0, 0, 0]]
1e-05 100000
[[1.3646965e+19, 1.0777823e+19, inf], [110.825836, 124.1206, 0], [0, 0, 0]]
1e-05 10000000
[[1.3646965e+19, 1.0777823e+19, inf], [110.825836, 124.1206, 212.3509], [0, 0, 0]]
1e-09 1000
[[1.3646965e+19, 1.0777823e+19, inf], [110.825836, 124.1206, 212.3509], [237.46768, 0, 0]]
1e-09 100000
[[1.3646965e+19, 1.0777823e+19, inf], [110.825836, 124.1206, 212.3509], [237.46768, 237.881, 0]]
1e-09 10000000
[[1.3646965e+19, 1.0777823e+19, inf], [110.825836, 124.1206, 212.3509], [237.46768, 237.881, 237.3807]]
[-7.0, -5, -3.0]
[1.0, 3, 5.0]
1e-07 10.0
[[223.18317, 0, 0], [0, 0, 0], [0, 0, 0]]
1e-07 1000
[[223.18317, 222.59215, 0], [0, 0, 0], [0, 0, 0]]
1e-07 100000.0
[[223.18317, 222.59215, 222.93127], [0, 0, 0], [0, 0, 0]]
1e-05 10.0
[[223.18317, 222.59215, 222.93127], [109.68058, 0, 0], [0, 0, 0]]
1e-05 1000
[[223.18317, 222.59215, 222.93127], [109.68058, 111.661026, 0], [0, 0, 0]]
1e-05 100000.0
[[223.18317, 222.59215, 222.93127], [109.68058, 111.661026, 124.27135], [0, 0, 0]]
0.001 10.0
[[223.18317, 222.59215, 222.93127], [109.68058, 111.661026, 124.27135], [170.66989, 0, 0]]
0.001 1000
[[223.18317, 222.59215, 222.93127], [109.68058, 111.661026, 124.27135], [170.66989, 145.88765, 0]]
0.001 100000.0
[[223.18317, 222.59215, 222.93127], [109.68058, 111.661026, 124.27135], [170.66989, 145.88765, 194.15678]]
[-6.0, -5, -4.0]
[0.0, 1.0, 2.0]
1e-06 1.0
[[138.97426, 0, 0], [0, 0, 0], [0, 0, 0]]
1e-06 10.0
[[138.97426, 133.6946, 0], [0, 0, 0], [0, 0, 0]]
1e-06 100.0
[[138.97426, 133.6946, 137.01537], [0, 0, 0], [0, 0, 0]]
1e-05 1.0
[[138.97426, 133.6946, 137.01537], [112.79724, 0, 0], [0, 0, 0]]
1e-05 10.0
[[138.97426, 133.6946, 137.01537], [112.79724, 108.983955, 0], [0, 0, 0]]
1e-05 100.0
[[138.97426, 133.6946, 137.01537], [112.79724, 108.983955, 111.1409], [0, 0, 0]]
0.0001 1.0
[[138.97426, 133.6946, 137.01537], [112.79724, 108.983955, 111.1409], [116.14917, 0, 0]]
0.0001 10.0
[[138.97426, 133.6946, 137.01537], [112.79724, 108.983955, 111.1409], [116.14917, 115.51338, 0]]
0.0001 100.0
[[138.97426, 133.6946, 137.01537], [112.79724, 108.983955, 111.1409], [116.14917, 115.51338, 114.44324]]
[-5.5, -5, -4.5]
[0.5, 1.0, 1.5]
3.162277660168379e-06 3.1622776601683795
[[112.5289, 0, 0], [0, 0, 0], [0, 0, 0]]
3.162277660168379e-06 10.0
[[112.5289, 112.04407, 0], [0, 0, 0], [0, 0, 0]]
3.162277660168379e-06 31.622776601683793
[[112.5289, 112.04407, 112.61296], [0, 0, 0], [0, 0, 0]]
1e-05 3.1622776601683795
[[112.5289, 112.04407, 112.61296], [110.140045, 0, 0], [0, 0, 0]]
1e-05 10.0
[[112.5289, 112.04407, 112.61296], [110.140045, 110.62476, 0], [0, 0, 0]]
1e-05 31.622776601683793
[[112.5289, 112.04407, 112.61296], [110.140045, 110.62476, 109.76683], [0, 0, 0]]
3.1622776601683795e-05 3.1622776601683795
[[112.5289, 112.04407, 112.61296], [110.140045, 110.62476, 109.76683], [108.00473, 0, 0]]
3.1622776601683795e-05 10.0
[[112.5289, 112.04407, 112.61296], [110.140045, 110.62476, 109.76683], [108.00473, 108.72046, 0]]
3.1622776601683795e-05 31.622776601683793
[[112.5289, 112.04407, 112.61296], [110.140045, 110.62476, 109.76683], [108.00473, 108.72046, 107.73726]]
[-4.75, -4.5, -4.25]
[1.25, 1.5, 1.75]
1.778279410038923e-05 17.78279410038923
[[110.6415, 0, 0], [0, 0, 0], [0, 0, 0]]
1.778279410038923e-05 31.622776601683793
[[110.6415, 109.36055, 0], [0, 0, 0], [0, 0, 0]]
1.778279410038923e-05 56.23413251903491
[[110.6415, 109.36055, 109.85386], [0, 0, 0], [0, 0, 0]]
3.1622776601683795e-05 17.78279410038923
[[110.6415, 109.36055, 109.85386], [108.22517, 0, 0], [0, 0, 0]]
3.1622776601683795e-05 31.622776601683793
[[110.6415, 109.36055, 109.85386], [108.22517, 106.07115, 0], [0, 0, 0]]
3.1622776601683795e-05 56.23413251903491
[[110.6415, 109.36055, 109.85386], [108.22517, 106.07115, 108.20086], [0, 0, 0]]
5.623413251903491e-05 17.78279410038923
[[110.6415, 109.36055, 109.85386], [108.22517, 106.07115, 108.20086], [108.61826, 0, 0]]
5.623413251903491e-05 31.622776601683793
[[110.6415, 109.36055, 109.85386], [108.22517, 106.07115, 108.20086], [108.61826, 107.61878, 0]]
5.623413251903491e-05 56.23413251903491
[[110.6415, 109.36055, 109.85386], [108.22517, 106.07115, 108.20086], [108.61826, 107.61878, 108.00316]]
[-4.625, -4.5, -4.375]
[1.375, 1.5, 1.625]
2.3713737056616554e-05 23.71373705661655
[[110.12042, 0, 0], [0, 0, 0], [0, 0, 0]]
2.3713737056616554e-05 31.622776601683793
[[110.12042, 108.00036, 0], [0, 0, 0], [0, 0, 0]]
2.3713737056616554e-05 42.169650342858226
[[110.12042, 108.00036, 109.436386], [0, 0, 0], [0, 0, 0]]
3.1622776601683795e-05 23.71373705661655
[[110.12042, 108.00036, 109.436386], [108.0157, 0, 0], [0, 0, 0]]
3.1622776601683795e-05 31.622776601683793
[[110.12042, 108.00036, 109.436386], [108.0157, 107.162834, 0], [0, 0, 0]]
3.1622776601683795e-05 42.169650342858226
[[110.12042, 108.00036, 109.436386], [108.0157, 107.162834, 108.99612], [0, 0, 0]]
4.216965034285822e-05 23.71373705661655
[[110.12042, 108.00036, 109.436386], [108.0157, 107.162834, 108.99612], [106.49424, 0, 0]]
4.216965034285822e-05 31.622776601683793
[[110.12042, 108.00036, 109.436386], [108.0157, 107.162834, 108.99612], [106.49424, 112.11351, 0]]
4.216965034285822e-05 42.169650342858226
[[110.12042, 108.00036, 109.436386], [108.0157, 107.162834, 108.99612], [106.49424, 112.11351, 107.59487]]
[-4.4375, -4.375, -4.3125]
[1.3125, 1.375, 1.4375]
7 250
Score: 106.49424
4.216965034285822e-05 23.71373705661655
Time 13991.598966360092
