Created graph
0.1 1000
[[1.3001265e+19, 0, 0], [0, 0, 0], [0, 0, 0]]
0.1 100000
[[1.3001265e+19, 6.837288e+18, 0], [0, 0, 0], [0, 0, 0]]
0.1 10000000
[[1.3001265e+19, 6.837288e+18, inf], [0, 0, 0], [0, 0, 0]]
1e-05 1000
[[1.3001265e+19, 6.837288e+18, inf], [92.11623, 0, 0], [0, 0, 0]]
1e-05 100000
[[1.3001265e+19, 6.837288e+18, inf], [92.11623, 108.63015, 0], [0, 0, 0]]
1e-05 10000000
[[1.3001265e+19, 6.837288e+18, inf], [92.11623, 108.63015, 218.54178], [0, 0, 0]]
1e-09 1000
[[1.3001265e+19, 6.837288e+18, inf], [92.11623, 108.63015, 218.54178], [242.91434, 0, 0]]
1e-09 100000
[[1.3001265e+19, 6.837288e+18, inf], [92.11623, 108.63015, 218.54178], [242.91434, 242.51245, 0]]
1e-09 10000000
[[1.3001265e+19, 6.837288e+18, inf], [92.11623, 108.63015, 218.54178], [242.91434, 242.51245, 243.4867]]
[-7.0, -5, -3.0]
[1.0, 3, 5.0]
1e-07 10.0
[[228.17194, 0, 0], [0, 0, 0], [0, 0, 0]]
1e-07 1000
[[228.17194, 226.88156, 0], [0, 0, 0], [0, 0, 0]]
1e-07 100000.0
[[228.17194, 226.88156, 230.46008], [0, 0, 0], [0, 0, 0]]
1e-05 10.0
[[228.17194, 226.88156, 230.46008], [94.69344, 0, 0], [0, 0, 0]]
1e-05 1000
[[228.17194, 226.88156, 230.46008], [94.69344, 95.73008, 0], [0, 0, 0]]
1e-05 100000.0
[[228.17194, 226.88156, 230.46008], [94.69344, 95.73008, 108.145], [0, 0, 0]]
0.001 10.0
[[228.17194, 226.88156, 230.46008], [94.69344, 95.73008, 108.145], [123.49953, 0, 0]]
0.001 1000
[[228.17194, 226.88156, 230.46008], [94.69344, 95.73008, 108.145], [123.49953, 113.259155, 0]]
0.001 100000.0
[[228.17194, 226.88156, 230.46008], [94.69344, 95.73008, 108.145], [123.49953, 113.259155, 178.02002]]
[-6.0, -5, -4.0]
[0.0, 1.0, 2.0]
1e-06 1.0
[[118.39463, 0, 0], [0, 0, 0], [0, 0, 0]]
1e-06 10.0
[[118.39463, 116.377, 0], [0, 0, 0], [0, 0, 0]]
1e-06 100.0
[[118.39463, 116.377, 112.7241], [0, 0, 0], [0, 0, 0]]
1e-05 1.0
[[118.39463, 116.377, 112.7241], [93.78815, 0, 0], [0, 0, 0]]
1e-05 10.0
[[118.39463, 116.377, 112.7241], [93.78815, 95.74953, 0], [0, 0, 0]]
1e-05 100.0
[[118.39463, 116.377, 112.7241], [93.78815, 95.74953, 95.18048], [0, 0, 0]]
0.0001 1.0
[[118.39463, 116.377, 112.7241], [93.78815, 95.74953, 95.18048], [102.05922, 0, 0]]
0.0001 10.0
[[118.39463, 116.377, 112.7241], [93.78815, 95.74953, 95.18048], [102.05922, 106.06825, 0]]
0.0001 100.0
[[118.39463, 116.377, 112.7241], [93.78815, 95.74953, 95.18048], [102.05922, 106.06825, 102.69629]]
[-5.5, -5, -4.5]
[-0.5, 0.0, 0.5]
3.162277660168379e-06 0.31622776601683794
[[95.41528, 0, 0], [0, 0, 0], [0, 0, 0]]
3.162277660168379e-06 1.0
[[95.41528, 95.84963, 0], [0, 0, 0], [0, 0, 0]]
3.162277660168379e-06 3.1622776601683795
[[95.41528, 95.84963, 95.91005], [0, 0, 0], [0, 0, 0]]
1e-05 0.31622776601683794
[[95.41528, 95.84963, 95.91005], [93.8546, 0, 0], [0, 0, 0]]
1e-05 1.0
[[95.41528, 95.84963, 95.91005], [93.8546, 92.710785, 0], [0, 0, 0]]
1e-05 3.1622776601683795
[[95.41528, 95.84963, 95.91005], [93.8546, 92.710785, 94.15967], [0, 0, 0]]
3.1622776601683795e-05 0.31622776601683794
[[95.41528, 95.84963, 95.91005], [93.8546, 92.710785, 94.15967], [95.465996, 0, 0]]
3.1622776601683795e-05 1.0
[[95.41528, 95.84963, 95.91005], [93.8546, 92.710785, 94.15967], [95.465996, 94.67057, 0]]
3.1622776601683795e-05 3.1622776601683795
[[95.41528, 95.84963, 95.91005], [93.8546, 92.710785, 94.15967], [95.465996, 94.67057, 95.54288]]
[-5.25, -5, -4.75]
[-0.25, 0.0, 0.25]
5.623413251903491e-06 0.5623413251903491
[[97.06772, 0, 0], [0, 0, 0], [0, 0, 0]]
5.623413251903491e-06 1.0
[[97.06772, 91.86576, 0], [0, 0, 0], [0, 0, 0]]
5.623413251903491e-06 1.7782794100389228
[[97.06772, 91.86576, 96.02075], [0, 0, 0], [0, 0, 0]]
1e-05 0.5623413251903491
[[97.06772, 91.86576, 96.02075], [96.64289, 0, 0], [0, 0, 0]]
1e-05 1.0
[[97.06772, 91.86576, 96.02075], [96.64289, 93.46904, 0], [0, 0, 0]]
1e-05 1.7782794100389228
[[97.06772, 91.86576, 96.02075], [96.64289, 93.46904, 94.30255], [0, 0, 0]]
1.778279410038923e-05 0.5623413251903491
[[97.06772, 91.86576, 96.02075], [96.64289, 93.46904, 94.30255], [91.46218, 0, 0]]
1.778279410038923e-05 1.0
[[97.06772, 91.86576, 96.02075], [96.64289, 93.46904, 94.30255], [91.46218, 96.04944, 0]]
1.778279410038923e-05 1.7782794100389228
[[97.06772, 91.86576, 96.02075], [96.64289, 93.46904, 94.30255], [91.46218, 96.04944, 95.56546]]
[-4.875, -4.75, -4.625]
[-0.375, -0.25, -0.125]
1.333521432163324e-05 0.4216965034285822
[[92.13951, 0, 0], [0, 0, 0], [0, 0, 0]]
1.333521432163324e-05 0.5623413251903491
[[92.13951, 93.22686, 0], [0, 0, 0], [0, 0, 0]]
1.333521432163324e-05 0.7498942093324559
[[92.13951, 93.22686, 94.6586], [0, 0, 0], [0, 0, 0]]
1.778279410038923e-05 0.4216965034285822
[[92.13951, 93.22686, 94.6586], [95.51695, 0, 0], [0, 0, 0]]
1.778279410038923e-05 0.5623413251903491
[[92.13951, 93.22686, 94.6586], [95.51695, 94.45455, 0], [0, 0, 0]]
1.778279410038923e-05 0.7498942093324559
[[92.13951, 93.22686, 94.6586], [95.51695, 94.45455, 92.76379], [0, 0, 0]]
2.3713737056616554e-05 0.4216965034285822
[[92.13951, 93.22686, 94.6586], [95.51695, 94.45455, 92.76379], [96.31385, 0, 0]]
2.3713737056616554e-05 0.5623413251903491
[[92.13951, 93.22686, 94.6586], [95.51695, 94.45455, 92.76379], [96.31385, 93.83937, 0]]
2.3713737056616554e-05 0.7498942093324559
[[92.13951, 93.22686, 94.6586], [95.51695, 94.45455, 92.76379], [96.31385, 93.83937, 95.90875]]
[-4.9375, -4.875, -4.8125]
[-0.4375, -0.375, -0.3125]
5 10
Score: 92.13951
1.333521432163324e-05 0.4216965034285822
Time 15887.098086833954
