Created graph
0.1 1000
[[1.3122622e+19, 0, 0], [0, 0, 0], [0, 0, 0]]
0.1 100000
[[1.3122622e+19, inf, 0], [0, 0, 0], [0, 0, 0]]
0.1 10000000
[[1.3122622e+19, inf, inf], [0, 0, 0], [0, 0, 0]]
1e-05 1000
[[1.3122622e+19, inf, inf], [103.91897, 0, 0], [0, 0, 0]]
1e-05 100000
[[1.3122622e+19, inf, inf], [103.91897, 121.810936, 0], [0, 0, 0]]
1e-05 10000000
[[1.3122622e+19, inf, inf], [103.91897, 121.810936, 224.00739], [0, 0, 0]]
1e-09 1000
[[1.3122622e+19, inf, inf], [103.91897, 121.810936, 224.00739], [253.67848, 0, 0]]
1e-09 100000
[[1.3122622e+19, inf, inf], [103.91897, 121.810936, 224.00739], [253.67848, 255.04381, 0]]
1e-09 10000000
[[1.3122622e+19, inf, inf], [103.91897, 121.810936, 224.00739], [253.67848, 255.04381, 254.70087]]
[-7.0, -5, -3.0]
[1.0, 3, 5.0]
1e-07 10.0
[[239.67857, 0, 0], [0, 0, 0], [0, 0, 0]]
1e-07 1000
[[239.67857, 243.08353, 0], [0, 0, 0], [0, 0, 0]]
1e-07 100000.0
[[239.67857, 243.08353, 242.50859], [0, 0, 0], [0, 0, 0]]
1e-05 10.0
[[239.67857, 243.08353, 242.50859], [108.01451, 0, 0], [0, 0, 0]]
1e-05 1000
[[239.67857, 243.08353, 242.50859], [108.01451, 107.35866, 0], [0, 0, 0]]
1e-05 100000.0
[[239.67857, 243.08353, 242.50859], [108.01451, 107.35866, 121.214226], [0, 0, 0]]
0.001 10.0
[[239.67857, 243.08353, 242.50859], [108.01451, 107.35866, 121.214226], [106.15103, 0, 0]]
0.001 1000
[[239.67857, 243.08353, 242.50859], [108.01451, 107.35866, 121.214226], [106.15103, 105.66317, 0]]
0.001 100000.0
[[239.67857, 243.08353, 242.50859], [108.01451, 107.35866, 121.214226], [106.15103, 105.66317, 174.16318]]
[-4.0, -3.0, -2.0]
[2.0, 3, 4.0]
0.0001 100.0
[[104.90639, 0, 0], [0, 0, 0], [0, 0, 0]]
0.0001 1000
[[104.90639, 110.3598, 0], [0, 0, 0], [0, 0, 0]]
0.0001 10000.0
[[104.90639, 110.3598, 103.90162], [0, 0, 0], [0, 0, 0]]
0.001 100.0
[[104.90639, 110.3598, 103.90162], [106.03707, 0, 0], [0, 0, 0]]
0.001 1000
[[104.90639, 110.3598, 103.90162], [106.03707, 105.6631, 0], [0, 0, 0]]
0.001 10000.0
[[104.90639, 110.3598, 103.90162], [106.03707, 105.6631, 111.29254], [0, 0, 0]]
0.01 100.0
[[104.90639, 110.3598, 103.90162], [106.03707, 105.6631, 111.29254], [1.0857429e+19, 0, 0]]
0.01 1000
[[104.90639, 110.3598, 103.90162], [106.03707, 105.6631, 111.29254], [1.0857429e+19, 1.0635599e+19, 0]]
0.01 10000.0
[[104.90639, 110.3598, 103.90162], [106.03707, 105.6631, 111.29254], [1.0857429e+19, 1.0635599e+19, 259.3781]]
[-4.5, -4.0, -3.5]
[3.5, 4.0, 4.5]
3.1622776601683795e-05 3162.2776601683795
[[104.01202, 0, 0], [0, 0, 0], [0, 0, 0]]
3.1622776601683795e-05 10000.0
[[104.01202, 105.549866, 0], [0, 0, 0], [0, 0, 0]]
3.1622776601683795e-05 31622.776601683792
[[104.01202, 105.549866, 107.84846], [0, 0, 0], [0, 0, 0]]
0.0001 3162.2776601683795
[[104.01202, 105.549866, 107.84846], [102.14124, 0, 0], [0, 0, 0]]
0.0001 10000.0
[[104.01202, 105.549866, 107.84846], [102.14124, 108.351295, 0], [0, 0, 0]]
0.0001 31622.776601683792
[[104.01202, 105.549866, 107.84846], [102.14124, 108.351295, 101.23505], [0, 0, 0]]
0.00031622776601683794 3162.2776601683795
[[104.01202, 105.549866, 107.84846], [102.14124, 108.351295, 101.23505], [104.8501, 0, 0]]
0.00031622776601683794 10000.0
[[104.01202, 105.549866, 107.84846], [102.14124, 108.351295, 101.23505], [104.8501, 103.31409, 0]]
0.00031622776601683794 31622.776601683792
[[104.01202, 105.549866, 107.84846], [102.14124, 108.351295, 101.23505], [104.8501, 103.31409, 104.2791]]
[-4.25, -4.0, -3.75]
[4.25, 4.5, 4.75]
5.623413251903491e-05 17782.794100389227
[[107.35941, 0, 0], [0, 0, 0], [0, 0, 0]]
5.623413251903491e-05 31622.776601683792
[[107.35941, 107.11473, 0], [0, 0, 0], [0, 0, 0]]
5.623413251903491e-05 56234.13251903491
[[107.35941, 107.11473, 110.03069], [0, 0, 0], [0, 0, 0]]
0.0001 17782.794100389227
[[107.35941, 107.11473, 110.03069], [105.75217, 0, 0], [0, 0, 0]]
0.0001 31622.776601683792
[[107.35941, 107.11473, 110.03069], [105.75217, 103.36612, 0], [0, 0, 0]]
0.0001 56234.13251903491
[[107.35941, 107.11473, 110.03069], [105.75217, 103.36612, 107.07084], [0, 0, 0]]
0.00017782794100389227 17782.794100389227
[[107.35941, 107.11473, 110.03069], [105.75217, 103.36612, 107.07084], [101.07248, 0, 0]]
0.00017782794100389227 31622.776601683792
[[107.35941, 107.11473, 110.03069], [105.75217, 103.36612, 107.07084], [101.07248, 104.22565, 0]]
0.00017782794100389227 56234.13251903491
[[107.35941, 107.11473, 110.03069], [105.75217, 103.36612, 107.07084], [101.07248, 104.22565, 107.04093]]
[-3.875, -3.75, -3.625]
[4.125, 4.25, 4.375]
0.0001333521432163324 13335.21432163324
[[108.4272, 0, 0], [0, 0, 0], [0, 0, 0]]
0.0001333521432163324 17782.794100389227
[[108.4272, 103.79367, 0], [0, 0, 0], [0, 0, 0]]
0.0001333521432163324 23713.737056616552
[[108.4272, 103.79367, 108.00312], [0, 0, 0], [0, 0, 0]]
0.00017782794100389227 13335.21432163324
[[108.4272, 103.79367, 108.00312], [102.87171, 0, 0], [0, 0, 0]]
0.00017782794100389227 17782.794100389227
[[108.4272, 103.79367, 108.00312], [102.87171, 108.839294, 0], [0, 0, 0]]
0.00017782794100389227 23713.737056616552
[[108.4272, 103.79367, 108.00312], [102.87171, 108.839294, 104.02097], [0, 0, 0]]
0.00023713737056616554 13335.21432163324
[[108.4272, 103.79367, 108.00312], [102.87171, 108.839294, 104.02097], [103.511986, 0, 0]]
0.00023713737056616554 17782.794100389227
[[108.4272, 103.79367, 108.00312], [102.87171, 108.839294, 104.02097], [103.511986, 102.95563, 0]]
0.00023713737056616554 23713.737056616552
[[108.4272, 103.79367, 108.00312], [102.87171, 108.839294, 104.02097], [103.511986, 102.95563, 109.00331]]
[-3.8125, -3.75, -3.6875]
[4.0625, 4.125, 4.1875]
4 50
Score: 102.87171
0.00017782794100389227 13335.21432163324
Time 10338.30457997322
