Created graph
0.1 1000
[[9.558369e+18, 0, 0], [0, 0, 0], [0, 0, 0]]
0.1 100000
[[9.558369e+18, inf, 0], [0, 0, 0], [0, 0, 0]]
0.1 10000000
[[9.558369e+18, inf, 9.947057e+18], [0, 0, 0], [0, 0, 0]]
1e-05 1000
[[9.558369e+18, inf, 9.947057e+18], [99.56248, 0, 0], [0, 0, 0]]
1e-05 100000
[[9.558369e+18, inf, 9.947057e+18], [99.56248, 111.05387, 0], [0, 0, 0]]
1e-05 10000000
[[9.558369e+18, inf, 9.947057e+18], [99.56248, 111.05387, 224.87192], [0, 0, 0]]
1e-09 1000
[[9.558369e+18, inf, 9.947057e+18], [99.56248, 111.05387, 224.87192], [254.1928, 0, 0]]
1e-09 100000
[[9.558369e+18, inf, 9.947057e+18], [99.56248, 111.05387, 224.87192], [254.1928, 254.01045, 0]]
1e-09 10000000
[[9.558369e+18, inf, 9.947057e+18], [99.56248, 111.05387, 224.87192], [254.1928, 254.01045, 254.21112]]
[-7.0, -5, -3.0]
[1.0, 3, 5.0]
1e-07 10.0
[[243.61708, 0, 0], [0, 0, 0], [0, 0, 0]]
1e-07 1000
[[243.61708, 241.87773, 0], [0, 0, 0], [0, 0, 0]]
1e-07 100000.0
[[243.61708, 241.87773, 244.36978], [0, 0, 0], [0, 0, 0]]
1e-05 10.0
[[243.61708, 241.87773, 244.36978], [100.47467, 0, 0], [0, 0, 0]]
1e-05 1000
[[243.61708, 241.87773, 244.36978], [100.47467, 100.87122, 0], [0, 0, 0]]
1e-05 100000.0
[[243.61708, 241.87773, 244.36978], [100.47467, 100.87122, 111.51863], [0, 0, 0]]
0.001 10.0
[[243.61708, 241.87773, 244.36978], [100.47467, 100.87122, 111.51863], [101.35475, 0, 0]]
0.001 1000
[[243.61708, 241.87773, 244.36978], [100.47467, 100.87122, 111.51863], [101.35475, 101.1355, 0]]
0.001 100000.0
[[243.61708, 241.87773, 244.36978], [100.47467, 100.87122, 111.51863], [101.35475, 101.1355, 154.46333]]
[-6.0, -5, -4.0]
[0.0, 1.0, 2.0]
1e-06 1.0
[[130.3678, 0, 0], [0, 0, 0], [0, 0, 0]]
1e-06 10.0
[[130.3678, 128.1632, 0], [0, 0, 0], [0, 0, 0]]
1e-06 100.0
[[130.3678, 128.1632, 131.55154], [0, 0, 0], [0, 0, 0]]
1e-05 1.0
[[130.3678, 128.1632, 131.55154], [99.28165, 0, 0], [0, 0, 0]]
1e-05 10.0
[[130.3678, 128.1632, 131.55154], [99.28165, 100.23772, 0], [0, 0, 0]]
1e-05 100.0
[[130.3678, 128.1632, 131.55154], [99.28165, 100.23772, 100.39395], [0, 0, 0]]
0.0001 1.0
[[130.3678, 128.1632, 131.55154], [99.28165, 100.23772, 100.39395], [99.28201, 0, 0]]
0.0001 10.0
[[130.3678, 128.1632, 131.55154], [99.28165, 100.23772, 100.39395], [99.28201, 99.31916, 0]]
0.0001 100.0
[[130.3678, 128.1632, 131.55154], [99.28165, 100.23772, 100.39395], [99.28201, 99.31916, 99.46508]]
[-5.5, -5, -4.5]
[-0.5, 0.0, 0.5]
3.162277660168379e-06 0.31622776601683794
[[102.08381, 0, 0], [0, 0, 0], [0, 0, 0]]
3.162277660168379e-06 1.0
[[102.08381, 101.519455, 0], [0, 0, 0], [0, 0, 0]]
3.162277660168379e-06 3.1622776601683795
[[102.08381, 101.519455, 103.19233], [0, 0, 0], [0, 0, 0]]
1e-05 0.31622776601683794
[[102.08381, 101.519455, 103.19233], [100.11257, 0, 0], [0, 0, 0]]
1e-05 1.0
[[102.08381, 101.519455, 103.19233], [100.11257, 99.93293, 0], [0, 0, 0]]
1e-05 3.1622776601683795
[[102.08381, 101.519455, 103.19233], [100.11257, 99.93293, 99.80251], [0, 0, 0]]
3.1622776601683795e-05 0.31622776601683794
[[102.08381, 101.519455, 103.19233], [100.11257, 99.93293, 99.80251], [98.58765, 0, 0]]
3.1622776601683795e-05 1.0
[[102.08381, 101.519455, 103.19233], [100.11257, 99.93293, 99.80251], [98.58765, 98.87877, 0]]
3.1622776601683795e-05 3.1622776601683795
[[102.08381, 101.519455, 103.19233], [100.11257, 99.93293, 99.80251], [98.58765, 98.87877, 98.80573]]
[-4.75, -4.5, -4.25]
[-0.75, -0.5, -0.25]
1.778279410038923e-05 0.1778279410038923
[[98.84797, 0, 0], [0, 0, 0], [0, 0, 0]]
1.778279410038923e-05 0.31622776601683794
[[98.84797, 99.719604, 0], [0, 0, 0], [0, 0, 0]]
1.778279410038923e-05 0.5623413251903491
[[98.84797, 99.719604, 100.23135], [0, 0, 0], [0, 0, 0]]
3.1622776601683795e-05 0.1778279410038923
[[98.84797, 99.719604, 100.23135], [98.92976, 0, 0], [0, 0, 0]]
3.1622776601683795e-05 0.31622776601683794
[[98.84797, 99.719604, 100.23135], [98.92976, 98.31562, 0], [0, 0, 0]]
3.1622776601683795e-05 0.5623413251903491
[[98.84797, 99.719604, 100.23135], [98.92976, 98.31562, 99.5449], [0, 0, 0]]
5.623413251903491e-05 0.1778279410038923
[[98.84797, 99.719604, 100.23135], [98.92976, 98.31562, 99.5449], [99.309044, 0, 0]]
5.623413251903491e-05 0.31622776601683794
[[98.84797, 99.719604, 100.23135], [98.92976, 98.31562, 99.5449], [99.309044, 99.0944, 0]]
5.623413251903491e-05 0.5623413251903491
[[98.84797, 99.719604, 100.23135], [98.92976, 98.31562, 99.5449], [99.309044, 99.0944, 99.26746]]
[-4.625, -4.5, -4.375]
[-0.625, -0.5, -0.375]
2.3713737056616554e-05 0.23713737056616552
[[99.8702, 0, 0], [0, 0, 0], [0, 0, 0]]
2.3713737056616554e-05 0.31622776601683794
[[99.8702, 99.15967, 0], [0, 0, 0], [0, 0, 0]]
2.3713737056616554e-05 0.4216965034285822
[[99.8702, 99.15967, 97.80153], [0, 0, 0], [0, 0, 0]]
3.1622776601683795e-05 0.23713737056616552
[[99.8702, 99.15967, 97.80153], [98.76129, 0, 0], [0, 0, 0]]
3.1622776601683795e-05 0.31622776601683794
[[99.8702, 99.15967, 97.80153], [98.76129, 99.08791, 0], [0, 0, 0]]
3.1622776601683795e-05 0.4216965034285822
[[99.8702, 99.15967, 97.80153], [98.76129, 99.08791, 98.85579], [0, 0, 0]]
4.216965034285822e-05 0.23713737056616552
[[99.8702, 99.15967, 97.80153], [98.76129, 99.08791, 98.85579], [98.447784, 0, 0]]
4.216965034285822e-05 0.31622776601683794
[[99.8702, 99.15967, 97.80153], [98.76129, 99.08791, 98.85579], [98.447784, 99.10657, 0]]
4.216965034285822e-05 0.4216965034285822
[[99.8702, 99.15967, 97.80153], [98.76129, 99.08791, 98.85579], [98.447784, 99.10657, 99.545006]]
[-4.6875, -4.625, -4.5625]
[-0.4375, -0.375, -0.3125]
3 50
Score: 97.80153
2.3713737056616554e-05 0.4216965034285822
Time 14652.2220556736
