Created graph
0.1 1000
[[inf, 0, 0], [0, 0, 0], [0, 0, 0]]
0.1 100000
[[inf, 1.2262354e+19, 0], [0, 0, 0], [0, 0, 0]]
0.1 10000000
[[inf, 1.2262354e+19, 9.522021e+18], [0, 0, 0], [0, 0, 0]]
1e-05 1000
[[inf, 1.2262354e+19, 9.522021e+18], [100.8246, 0, 0], [0, 0, 0]]
1e-05 100000
[[inf, 1.2262354e+19, 9.522021e+18], [100.8246, 111.375824, 0], [0, 0, 0]]
1e-05 10000000
[[inf, 1.2262354e+19, 9.522021e+18], [100.8246, 111.375824, 243.99352], [0, 0, 0]]
1e-09 1000
[[inf, 1.2262354e+19, 9.522021e+18], [100.8246, 111.375824, 243.99352], [272.45996, 0, 0]]
1e-09 100000
[[inf, 1.2262354e+19, 9.522021e+18], [100.8246, 111.375824, 243.99352], [272.45996, 273.34225, 0]]
1e-09 10000000
[[inf, 1.2262354e+19, 9.522021e+18], [100.8246, 111.375824, 243.99352], [272.45996, 273.34225, 272.8913]]
[-7.0, -5, -3.0]
[1.0, 3, 5.0]
1e-07 10.0
[[261.3696, 0, 0], [0, 0, 0], [0, 0, 0]]
1e-07 1000
[[261.3696, 261.10526, 0], [0, 0, 0], [0, 0, 0]]
1e-07 100000.0
[[261.3696, 261.10526, 263.38416], [0, 0, 0], [0, 0, 0]]
1e-05 10.0
[[261.3696, 261.10526, 263.38416], [103.59857, 0, 0], [0, 0, 0]]
1e-05 1000
[[261.3696, 261.10526, 263.38416], [103.59857, 100.926895, 0], [0, 0, 0]]
1e-05 100000.0
[[261.3696, 261.10526, 263.38416], [103.59857, 100.926895, 112.57425], [0, 0, 0]]
0.001 10.0
[[261.3696, 261.10526, 263.38416], [103.59857, 100.926895, 112.57425], [138.24712, 0, 0]]
0.001 1000
[[261.3696, 261.10526, 263.38416], [103.59857, 100.926895, 112.57425], [138.24712, 113.85457, 0]]
0.001 100000.0
[[261.3696, 261.10526, 263.38416], [103.59857, 100.926895, 112.57425], [138.24712, 113.85457, 184.64694]]
[-6.0, -5, -4.0]
[2.0, 3, 4.0]
1e-06 100.0
[[129.92874, 0, 0], [0, 0, 0], [0, 0, 0]]
1e-06 1000
[[129.92874, 132.5674, 0], [0, 0, 0], [0, 0, 0]]
1e-06 10000.0
[[129.92874, 132.5674, 136.90411], [0, 0, 0], [0, 0, 0]]
1e-05 100.0
[[129.92874, 132.5674, 136.90411], [99.75279, 0, 0], [0, 0, 0]]
1e-05 1000
[[129.92874, 132.5674, 136.90411], [99.75279, 100.09573, 0], [0, 0, 0]]
1e-05 10000.0
[[129.92874, 132.5674, 136.90411], [99.75279, 100.09573, 100.22351], [0, 0, 0]]
0.0001 100.0
[[129.92874, 132.5674, 136.90411], [99.75279, 100.09573, 100.22351], [104.673065, 0, 0]]
0.0001 1000
[[129.92874, 132.5674, 136.90411], [99.75279, 100.09573, 100.22351], [104.673065, 103.21606, 0]]
0.0001 10000.0
[[129.92874, 132.5674, 136.90411], [99.75279, 100.09573, 100.22351], [104.673065, 103.21606, 100.00008]]
[-5.5, -5, -4.5]
[1.5, 2.0, 2.5]
3.162277660168379e-06 31.622776601683793
[[100.57507, 0, 0], [0, 0, 0], [0, 0, 0]]
3.162277660168379e-06 100.0
[[100.57507, 103.56561, 0], [0, 0, 0], [0, 0, 0]]
3.162277660168379e-06 316.22776601683796
[[100.57507, 103.56561, 102.250694], [0, 0, 0], [0, 0, 0]]
1e-05 31.622776601683793
[[100.57507, 103.56561, 102.250694], [101.909966, 0, 0], [0, 0, 0]]
1e-05 100.0
[[100.57507, 103.56561, 102.250694], [101.909966, 101.02205, 0], [0, 0, 0]]
1e-05 316.22776601683796
[[100.57507, 103.56561, 102.250694], [101.909966, 101.02205, 99.50584], [0, 0, 0]]
3.1622776601683795e-05 31.622776601683793
[[100.57507, 103.56561, 102.250694], [101.909966, 101.02205, 99.50584], [101.11716, 0, 0]]
3.1622776601683795e-05 100.0
[[100.57507, 103.56561, 102.250694], [101.909966, 101.02205, 99.50584], [101.11716, 100.714836, 0]]
3.1622776601683795e-05 316.22776601683796
[[100.57507, 103.56561, 102.250694], [101.909966, 101.02205, 99.50584], [101.11716, 100.714836, 97.99515]]
[-4.75, -4.5, -4.25]
[2.25, 2.5, 2.75]
1.778279410038923e-05 177.82794100389228
[[100.48938, 0, 0], [0, 0, 0], [0, 0, 0]]
1.778279410038923e-05 316.22776601683796
[[100.48938, 103.4245, 0], [0, 0, 0], [0, 0, 0]]
1.778279410038923e-05 562.341325190349
[[100.48938, 103.4245, 99.912415], [0, 0, 0], [0, 0, 0]]
3.1622776601683795e-05 177.82794100389228
[[100.48938, 103.4245, 99.912415], [100.68999, 0, 0], [0, 0, 0]]
3.1622776601683795e-05 316.22776601683796
[[100.48938, 103.4245, 99.912415], [100.68999, 100.69643, 0], [0, 0, 0]]
3.1622776601683795e-05 562.341325190349
[[100.48938, 103.4245, 99.912415], [100.68999, 100.69643, 100.346794], [0, 0, 0]]
5.623413251903491e-05 177.82794100389228
[[100.48938, 103.4245, 99.912415], [100.68999, 100.69643, 100.346794], [104.025276, 0, 0]]
5.623413251903491e-05 316.22776601683796
[[100.48938, 103.4245, 99.912415], [100.68999, 100.69643, 100.346794], [104.025276, 104.0754, 0]]
5.623413251903491e-05 562.341325190349
[[100.48938, 103.4245, 99.912415], [100.68999, 100.69643, 100.346794], [104.025276, 104.0754, 103.01182]]
[-4.875, -4.75, -4.625]
[2.625, 2.75, 2.875]
1.333521432163324e-05 421.6965034285823
[[100.74041, 0, 0], [0, 0, 0], [0, 0, 0]]
1.333521432163324e-05 562.341325190349
[[100.74041, 99.56564, 0], [0, 0, 0], [0, 0, 0]]
1.333521432163324e-05 749.8942093324558
[[100.74041, 99.56564, 101.90267], [0, 0, 0], [0, 0, 0]]
1.778279410038923e-05 421.6965034285823
[[100.74041, 99.56564, 101.90267], [102.67479, 0, 0], [0, 0, 0]]
1.778279410038923e-05 562.341325190349
[[100.74041, 99.56564, 101.90267], [102.67479, 99.597336, 0], [0, 0, 0]]
1.778279410038923e-05 749.8942093324558
[[100.74041, 99.56564, 101.90267], [102.67479, 99.597336, 100.642], [0, 0, 0]]
2.3713737056616554e-05 421.6965034285823
[[100.74041, 99.56564, 101.90267], [102.67479, 99.597336, 100.642], [101.74562, 0, 0]]
2.3713737056616554e-05 562.341325190349
[[100.74041, 99.56564, 101.90267], [102.67479, 99.597336, 100.642], [101.74562, 99.16709, 0]]
2.3713737056616554e-05 749.8942093324558
[[100.74041, 99.56564, 101.90267], [102.67479, 99.597336, 100.642], [101.74562, 99.16709, 99.10296]]
[-4.6875, -4.625, -4.5625]
[2.8125, 2.875, 2.9375]
3 100
Score: 99.10296
2.3713737056616554e-05 749.8942093324558
Time 14975.10878777504
