Created graph
0.1 1000
[[1.5473775e+19, 0, 0], [0, 0, 0], [0, 0, 0]]
0.1 100000
[[1.5473775e+19, 1.4615682e+19, 0], [0, 0, 0], [0, 0, 0]]
0.1 10000000
[[1.5473775e+19, 1.4615682e+19, inf], [0, 0, 0], [0, 0, 0]]
1e-05 1000
[[1.5473775e+19, 1.4615682e+19, inf], [104.19018, 0, 0], [0, 0, 0]]
1e-05 100000
[[1.5473775e+19, 1.4615682e+19, inf], [104.19018, 128.64023, 0], [0, 0, 0]]
1e-05 10000000
[[1.5473775e+19, 1.4615682e+19, inf], [104.19018, 128.64023, 273.9955], [0, 0, 0]]
1e-09 1000
[[1.5473775e+19, 1.4615682e+19, inf], [104.19018, 128.64023, 273.9955], [300.60904, 0, 0]]
1e-09 100000
[[1.5473775e+19, 1.4615682e+19, inf], [104.19018, 128.64023, 273.9955], [300.60904, 300.78592, 0]]
1e-09 10000000
[[1.5473775e+19, 1.4615682e+19, inf], [104.19018, 128.64023, 273.9955], [300.60904, 300.78592, 299.023]]
[-7.0, -5, -3.0]
[1.0, 3, 5.0]
1e-07 10.0
[[285.41992, 0, 0], [0, 0, 0], [0, 0, 0]]
1e-07 1000
[[285.41992, 284.32278, 0], [0, 0, 0], [0, 0, 0]]
1e-07 100000.0
[[285.41992, 284.32278, 286.71683], [0, 0, 0], [0, 0, 0]]
1e-05 10.0
[[285.41992, 284.32278, 286.71683], [108.38039, 0, 0], [0, 0, 0]]
1e-05 1000
[[285.41992, 284.32278, 286.71683], [108.38039, 103.27184, 0], [0, 0, 0]]
1e-05 100000.0
[[285.41992, 284.32278, 286.71683], [108.38039, 103.27184, 127.963524], [0, 0, 0]]
0.001 10.0
[[285.41992, 284.32278, 286.71683], [108.38039, 103.27184, 127.963524], [151.00185, 0, 0]]
0.001 1000
[[285.41992, 284.32278, 286.71683], [108.38039, 103.27184, 127.963524], [151.00185, 142.0544, 0]]
0.001 100000.0
[[285.41992, 284.32278, 286.71683], [108.38039, 103.27184, 127.963524], [151.00185, 142.0544, 256.81598]]
[-6.0, -5, -4.0]
[2.0, 3, 4.0]
1e-06 100.0
[[129.17581, 0, 0], [0, 0, 0], [0, 0, 0]]
1e-06 1000
[[129.17581, 129.01764, 0], [0, 0, 0], [0, 0, 0]]
1e-06 10000.0
[[129.17581, 129.01764, 131.4899], [0, 0, 0], [0, 0, 0]]
1e-05 100.0
[[129.17581, 129.01764, 131.4899], [105.25403, 0, 0], [0, 0, 0]]
1e-05 1000
[[129.17581, 129.01764, 131.4899], [105.25403, 106.15725, 0], [0, 0, 0]]
1e-05 10000.0
[[129.17581, 129.01764, 131.4899], [105.25403, 106.15725, 106.01604], [0, 0, 0]]
0.0001 100.0
[[129.17581, 129.01764, 131.4899], [105.25403, 106.15725, 106.01604], [121.5486, 0, 0]]
0.0001 1000
[[129.17581, 129.01764, 131.4899], [105.25403, 106.15725, 106.01604], [121.5486, 114.822784, 0]]
0.0001 10000.0
[[129.17581, 129.01764, 131.4899], [105.25403, 106.15725, 106.01604], [121.5486, 114.822784, 119.01067]]
[-5.5, -5, -4.5]
[1.5, 2.0, 2.5]
3.162277660168379e-06 31.622776601683793
[[107.066246, 0, 0], [0, 0, 0], [0, 0, 0]]
3.162277660168379e-06 100.0
[[107.066246, 105.686104, 0], [0, 0, 0], [0, 0, 0]]
3.162277660168379e-06 316.22776601683796
[[107.066246, 105.686104, 105.26148], [0, 0, 0], [0, 0, 0]]
1e-05 31.622776601683793
[[107.066246, 105.686104, 105.26148], [107.09784, 0, 0], [0, 0, 0]]
1e-05 100.0
[[107.066246, 105.686104, 105.26148], [107.09784, 107.231476, 0], [0, 0, 0]]
1e-05 316.22776601683796
[[107.066246, 105.686104, 105.26148], [107.09784, 107.231476, 106.27899], [0, 0, 0]]
3.1622776601683795e-05 31.622776601683793
[[107.066246, 105.686104, 105.26148], [107.09784, 107.231476, 106.27899], [108.41549, 0, 0]]
3.1622776601683795e-05 100.0
[[107.066246, 105.686104, 105.26148], [107.09784, 107.231476, 106.27899], [108.41549, 111.01172, 0]]
3.1622776601683795e-05 316.22776601683796
[[107.066246, 105.686104, 105.26148], [107.09784, 107.231476, 106.27899], [108.41549, 111.01172, 108.52349]]
[-5.75, -5.5, -5.25]
[2.25, 2.5, 2.75]
1.778279410038923e-06 177.82794100389228
[[112.00557, 0, 0], [0, 0, 0], [0, 0, 0]]
1.778279410038923e-06 316.22776601683796
[[112.00557, 111.88287, 0], [0, 0, 0], [0, 0, 0]]
1.778279410038923e-06 562.341325190349
[[112.00557, 111.88287, 110.47313], [0, 0, 0], [0, 0, 0]]
3.162277660168379e-06 177.82794100389228
[[112.00557, 111.88287, 110.47313], [103.63443, 0, 0], [0, 0, 0]]
3.162277660168379e-06 316.22776601683796
[[112.00557, 111.88287, 110.47313], [103.63443, 105.72907, 0], [0, 0, 0]]
3.162277660168379e-06 562.341325190349
[[112.00557, 111.88287, 110.47313], [103.63443, 105.72907, 105.03722], [0, 0, 0]]
5.623413251903491e-06 177.82794100389228
[[112.00557, 111.88287, 110.47313], [103.63443, 105.72907, 105.03722], [103.96918, 0, 0]]
5.623413251903491e-06 316.22776601683796
[[112.00557, 111.88287, 110.47313], [103.63443, 105.72907, 105.03722], [103.96918, 107.34264, 0]]
5.623413251903491e-06 562.341325190349
[[112.00557, 111.88287, 110.47313], [103.63443, 105.72907, 105.03722], [103.96918, 107.34264, 106.48361]]
[-5.625, -5.5, -5.375]
[2.125, 2.25, 2.375]
2.3713737056616552e-06 133.3521432163324
[[106.29529, 0, 0], [0, 0, 0], [0, 0, 0]]
2.3713737056616552e-06 177.82794100389228
[[106.29529, 108.102394, 0], [0, 0, 0], [0, 0, 0]]
2.3713737056616552e-06 237.13737056616552
[[106.29529, 108.102394, 106.72833], [0, 0, 0], [0, 0, 0]]
3.162277660168379e-06 133.3521432163324
[[106.29529, 108.102394, 106.72833], [108.079605, 0, 0], [0, 0, 0]]
3.162277660168379e-06 177.82794100389228
[[106.29529, 108.102394, 106.72833], [108.079605, 103.76092, 0], [0, 0, 0]]
3.162277660168379e-06 237.13737056616552
[[106.29529, 108.102394, 106.72833], [108.079605, 103.76092, 106.56682], [0, 0, 0]]
4.216965034285822e-06 133.3521432163324
[[106.29529, 108.102394, 106.72833], [108.079605, 103.76092, 106.56682], [106.63688, 0, 0]]
4.216965034285822e-06 177.82794100389228
[[106.29529, 108.102394, 106.72833], [108.079605, 103.76092, 106.56682], [106.63688, 106.26692, 0]]
4.216965034285822e-06 237.13737056616552
[[106.29529, 108.102394, 106.72833], [108.079605, 103.76092, 106.56682], [106.63688, 106.26692, 107.447624]]
[-5.5625, -5.5, -5.4375]
[2.1875, 2.25, 2.3125]
7 100
Score: 103.76092
3.162277660168379e-06 177.82794100389228
Time 22670.25918841362
