Mutation Type	PD4283c	PD4284a	PD4285a	PD4286c	PD4288c	PD4289d	PD4291c	PD4292d	PD4293a	PD4294c	PD4295c	PD4296c	PD4299c	PD4300c	PD4301d	PD5849a	PD5850a	PD5851a	PD5852a	PD5853a	PD5854a	PD5855a	PD5856a	PD5857a	PD5858a	PD5859a	PD5860a	PD5861a	PD5862a	PD5863a	PD5864a	PD5865a	PD5866a	PD5867a	PD5868a	PD5869a	PD5870a	PD5871a	PD5872a	PD5873a	PD5874a	PD5875a	PD5876a	PD5877a	PD5878a	PD5879a	PD5880a	PD5881a	PD5882a	PD5883a	PD5884a	PD5885a	PD5886a	PD5887a	PD5888a	PD5889a	PD5890a	PD5891a	PD5892a	PD5893a	PD5894a	PD5895a	PD5896a	PD5897a	PD5898a	PD5899a	PD5900a	PD5901a	PD7181c
A[C>A]A	0	0	1	0	1	2	0	0	1	1	1	1	0	0	0	0	0	1	0	0	0	0	1	0	1	0	1	1	0	0	0	0	0	0	0	0	1	0	1	0	2	0	0	0	0	0	0	0	1	1	1	0	1	0	2	2	1	0	0	0	1	0	0	0	0	2	1	1	0
A[C>A]C	1	0	0	0	0	0	1	2	0	0	0	0	0	1	0	0	1	0	2	1	0	0	0	0	1	1	0	1	1	0	0	0	0	0	0	1	0	0	1	0	0	0	0	0	1	1	0	1	1	1	1	0	0	1	0	1	0	0	0	0	1	0	0	0	0	1	1	0	3
A[C>A]G	0	0	0	0	0	0	0	0	0	0	0	1	0	1	1	0	1	0	0	0	0	0	0	1	0	0	0	0	1	1	0	1	0	0	0	0	0	0	0	0	0	0	0	0	0	1	0	1	0	0	1	0	0	0	0	1	0	0	1	0	0	0	0	0	0	0	0	0	0
A[C>A]T	0	0	0	0	0	0	0	2	0	0	0	1	0	0	1	0	0	0	0	0	0	0	0	0	0	1	0	1	1	0	0	0	0	0	2	1	1	0	0	0	0	0	0	0	0	0	0	1	1	0	0	1	1	0	0	3	0	0	0	0	0	0	0	0	0	1	0	0	3
A[C>G]A	0	0	0	1	0	2	3	2	1	0	1	0	0	1	0	0	0	0	0	0	0	0	0	0	0	0	0	0	0	0	1	0	0	0	0	0	2	1	0	1	1	0	0	0	0	0	0	0	0	0	0	0	0	0	1	1	0	0	0	0	1	0	0	0	0	1	0	0	0
A[C>G]C	0	1	0	1	0	1	0	0	0	0	0	0	0	0	0	0	0	0	0	0	0	0	0	0	2	0	0	0	0	0	1	0	0	1	0	0	1	0	0	0	0	0	0	0	0	0	0	0	1	0	0	0	0	1	0	0	0	0	0	0	0	0	0	0	0	0	0	1	1
A[C>G]G	0	0	0	0	0	0	0	0	0	1	0	0	0	0	0	0	0	0	0	0	0	0	0	0	0	0	0	0	0	0	0	0	0	0	1	0	1	0	0	0	0	0	0	0	0	0	0	0	0	0	0	0	1	0	0	0	0	0	0	0	0	0	0	0	0	0	0	0	0
A[C>G]T	0	0	0	0	0	0	1	1	0	1	1	0	1	2	0	0	0	0	0	1	0	0	1	0	0	0	1	0	0	0	0	0	0	0	1	0	0	0	1	0	0	0	0	0	0	0	0	0	0	0	0	0	0	0	0	0	0	0	1	0	0	0	1	0	1	1	1	0	0
A[C>T]A	2	0	1	1	1	0	0	5	2	3	1	3	2	0	1	0	0	2	0	2	0	0	0	1	1	1	0	0	2	1	0	0	0	0	2	2	1	0	1	1	4	0	1	0	0	0	1	0	0	3	2	0	0	1	0	0	1	2	2	4	0	0	0	0	0	2	0	0	1
A[C>T]C	0	0	0	0	2	0	2	5	0	2	0	1	1	1	2	0	0	0	0	0	0	0	0	0	0	0	2	0	0	0	1	0	0	0	0	0	1	0	0	0	2	0	0	1	0	0	0	0	2	0	1	0	0	0	0	0	1	1	0	0	3	0	1	0	1	0	0	1	3
A[C>T]G	3	0	1	2	0	2	3	3	1	1	4	2	2	2	1	0	1	3	6	2	0	0	2	1	2	3	1	3	0	2	1	1	2	1	3	1	3	0	1	1	5	0	0	2	1	1	0	2	3	2	1	0	1	2	1	2	1	4	2	1	2	1	1	1	2	2	1	1	1
A[C>T]T	1	0	0	0	0	1	0	4	1	0	1	1	0	3	2	0	1	0	0	0	0	0	0	0	0	0	0	0	0	1	1	0	1	1	1	1	1	2	1	0	1	0	0	2	0	2	1	0	0	1	0	0	1	0	0	1	0	0	0	0	4	0	0	0	0	1	0	1	0
A[T>A]A	1	0	1	1	1	0	0	0	0	0	0	0	0	0	0	0	0	0	0	0	0	0	0	0	0	1	0	0	0	0	0	1	0	0	0	0	0	0	0	0	0	0	0	0	2	0	0	0	0	0	0	1	0	0	1	0	0	0	1	0	1	0	0	0	0	0	0	0	1
A[T>A]C	0	0	0	0	1	0	1	1	1	0	0	1	0	0	1	0	0	1	0	0	0	0	0	0	0	1	0	0	0	0	0	1	0	0	0	0	1	1	0	0	0	0	0	0	0	0	0	0	0	2	0	0	0	2	1	0	0	1	0	0	0	0	0	0	0	1	1	0	0
A[T>A]G	0	1	0	0	3	0	1	1	0	3	0	0	0	0	0	0	0	0	0	1	0	0	3	0	1	0	1	0	0	0	0	0	0	0	1	0	0	0	1	1	1	0	1	0	1	0	0	0	0	1	1	0	2	0	0	0	0	0	0	0	0	2	0	0	0	0	1	0	0
A[T>A]T	0	1	0	0	0	1	0	0	1	1	0	1	1	0	0	0	0	0	0	0	0	0	0	0	0	0	0	2	1	0	0	0	0	0	0	0	0	1	0	1	0	0	0	0	0	0	0	0	0	1	0	0	0	0	0	0	1	0	0	0	0	1	0	0	0	0	0	1	0
A[T>C]A	0	0	0	0	1	0	1	1	1	0	1	3	0	1	0	0	0	1	0	0	0	1	1	0	3	1	0	1	0	0	1	0	0	0	1	0	3	1	0	0	0	0	0	1	0	0	2	0	0	2	0	0	2	1	0	0	3	2	0	0	0	2	1	0	0	0	0	0	1
A[T>C]C	0	0	0	0	2	0	2	2	0	1	1	0	1	0	0	0	1	0	0	0	0	0	0	0	0	0	1	1	0	0	0	1	0	0	0	0	0	3	0	0	1	0	0	0	0	0	0	1	1	0	0	1	0	0	1	0	1	0	2	0	1	0	0	1	0	0	0	0	0
A[T>C]G	0	0	0	1	1	2	0	1	0	0	0	0	1	0	0	0	0	0	1	1	0	0	0	0	1	1	0	2	1	1	1	1	0	1	1	0	0	0	1	0	0	1	1	0	1	0	0	0	1	1	0	0	3	1	1	2	0	0	1	0	0	0	0	0	0	0	0	1	1
A[T>C]T	0	1	0	0	0	1	1	2	2	0	0	1	2	1	1	0	2	0	0	1	0	0	0	0	1	1	1	2	1	1	0	2	0	1	1	1	0	0	0	0	1	0	0	0	1	0	0	1	1	1	1	0	0	1	0	3	1	0	0	0	0	4	0	0	0	0	0	0	0
A[T>G]A	0	0	0	0	0	0	0	1	0	0	0	0	0	0	0	0	0	1	0	0	0	0	0	1	0	0	0	1	0	0	1	1	0	0	2	0	1	0	1	0	0	0	0	0	0	0	0	0	0	2	1	0	0	0	0	0	0	0	0	0	1	0	0	0	0	1	0	0	1
A[T>G]C	0	0	0	0	0	0	0	1	0	0	0	0	0	0	0	0	0	0	0	0	0	0	0	0	0	0	0	1	0	1	0	0	0	0	0	0	1	0	0	0	0	0	0	0	0	0	0	0	0	0	0	0	0	0	0	0	1	0	1	0	0	0	0	0	0	0	0	0	1
A[T>G]G	0	0	0	1	0	0	0	0	0	0	0	0	1	2	0	0	0	0	0	2	0	1	0	0	0	0	0	0	0	1	0	0	1	0	0	0	0	0	0	0	0	0	0	0	0	0	0	0	0	0	0	0	0	0	0	0	0	0	0	0	0	1	0	0	0	1	0	0	0
A[T>G]T	0	0	0	0	0	0	1	1	0	0	0	1	0	0	0	0	0	1	0	0	0	0	0	0	0	0	2	1	0	0	0	0	0	0	0	0	0	0	0	0	1	0	0	0	0	1	0	1	0	0	0	0	0	0	0	0	0	0	0	0	0	0	1	0	0	0	0	0	0
C[C>A]A	0	1	1	3	2	1	1	4	0	2	0	3	0	1	4	0	0	1	0	2	0	0	0	0	0	0	0	0	0	0	0	1	1	0	1	0	1	1	0	1	2	0	0	0	0	1	0	0	1	0	1	0	1	0	0	10	0	0	3	1	0	0	1	0	0	2	0	0	0
C[C>A]C	0	0	0	0	0	0	0	1	1	2	1	0	0	0	1	0	1	1	0	2	0	0	1	0	0	0	0	0	0	0	1	0	0	1	1	0	0	0	1	1	1	0	0	0	0	0	0	2	0	0	0	0	0	0	1	1	0	0	0	0	1	1	0	0	0	0	0	0	2
C[C>A]G	0	0	0	0	0	0	0	2	0	0	0	1	0	0	0	0	0	0	0	0	0	0	0	0	0	1	0	0	0	0	0	0	0	0	0	0	0	0	1	0	0	0	0	0	0	2	0	0	0	0	0	0	0	1	0	1	0	0	0	0	1	0	0	0	0	1	0	0	0
C[C>A]T	3	0	0	1	0	4	2	4	0	1	1	2	0	1	2	0	0	0	1	0	0	0	0	0	1	1	1	0	0	2	0	0	0	0	1	0	0	0	0	0	1	1	0	0	0	1	3	3	1	1	0	0	0	0	0	2	1	0	0	1	1	0	0	1	0	0	0	0	0
C[C>G]A	0	0	0	3	0	2	1	4	0	3	0	3	0	0	2	0	0	0	0	0	0	0	0	1	0	0	0	0	0	0	2	0	0	0	1	1	1	0	0	0	2	0	0	1	0	1	0	0	0	1	0	0	0	0	0	0	0	0	1	0	0	0	1	0	0	0	0	0	3
C[C>G]C	0	0	0	0	1	1	0	1	0	0	1	1	0	0	0	0	0	0	0	1	0	0	0	0	1	0	0	0	1	0	0	0	0	0	0	0	0	0	0	0	0	0	0	0	1	0	0	0	1	0	0	0	0	0	0	0	0	1	0	0	1	0	0	0	0	1	0	0	0
C[C>G]G	0	0	0	0	0	0	0	0	0	0	0	1	0	0	1	0	0	0	0	0	0	0	0	0	0	1	0	0	0	0	0	0	0	0	0	0	0	0	0	0	0	0	0	0	0	0	0	0	0	0	0	0	1	0	0	0	0	0	0	0	0	0	0	0	0	0	0	0	0
C[C>G]T	0	1	1	3	0	2	0	3	0	2	1	0	0	1	1	0	0	0	0	0	0	0	0	0	1	0	1	0	0	1	0	0	0	0	0	0	0	1	0	1	1	1	0	0	0	0	0	0	1	1	0	0	0	0	0	1	0	0	0	0	0	1	0	0	0	0	0	0	2
C[C>T]A	1	1	0	2	1	1	5	1	0	2	1	1	2	3	0	0	0	1	1	1	0	0	0	2	1	1	0	1	1	4	2	1	0	0	3	2	0	2	0	0	4	0	1	0	1	0	1	0	3	3	0	2	1	1	1	5	2	0	2	1	2	1	2	1	0	2	0	0	2
C[C>T]C	1	1	0	1	2	1	2	3	0	2	4	1	1	0	1	0	0	0	2	0	0	0	0	0	0	1	0	1	0	0	1	1	1	0	0	0	3	1	0	2	2	1	0	2	2	0	0	2	1	1	1	2	1	0	0	2	2	2	2	1	0	2	1	1	1	1	0	2	1
C[C>T]G	3	0	0	2	1	4	2	1	1	4	1	3	3	5	5	0	1	4	3	0	0	1	0	1	3	2	2	1	2	1	1	3	1	1	3	1	0	2	0	2	2	1	1	1	1	1	1	4	0	4	0	0	1	3	0	0	1	1	0	2	2	1	0	1	0	4	1	0	1
C[C>T]T	1	2	3	1	3	2	2	4	0	1	0	2	0	2	0	0	1	0	1	0	0	0	1	0	2	1	1	3	1	3	0	2	1	0	0	1	0	0	0	0	2	1	0	0	1	1	0	0	0	0	0	0	0	0	0	6	0	0	1	0	1	0	1	1	0	1	1	0	1
C[T>A]A	0	0	0	0	0	0	0	0	0	0	0	0	0	0	0	0	0	0	0	0	0	0	0	0	0	0	0	1	0	0	0	0	1	0	0	0	0	0	0	0	1	0	0	1	0	0	0	0	0	0	0	0	1	0	0	0	0	0	0	0	0	0	0	0	1	0	0	0	1
C[T>A]C	0	0	0	0	0	0	1	0	2	0	0	0	0	1	0	0	1	0	1	0	1	0	1	0	2	0	0	0	0	0	0	0	1	0	1	0	0	0	0	0	0	0	0	0	1	0	0	0	0	0	0	1	0	0	0	0	0	0	0	0	1	0	0	0	2	0	0	0	0
C[T>A]G	0	0	0	0	1	0	0	1	0	1	0	1	2	1	0	0	4	0	0	2	1	0	0	1	0	0	0	0	0	0	0	0	0	0	0	0	0	0	0	0	0	0	0	0	0	0	0	0	0	0	0	2	1	1	0	0	2	0	1	0	1	0	0	0	0	0	0	1	0
C[T>A]T	0	0	0	2	0	1	1	1	0	1	0	0	1	0	1	0	0	0	0	1	0	0	0	1	0	0	1	1	0	0	0	0	0	0	0	1	2	0	0	0	0	0	0	0	0	1	0	0	0	0	1	0	0	0	0	3	0	0	0	1	3	1	0	0	2	2	0	0	1
C[T>C]A	0	0	0	2	1	1	0	0	1	0	0	0	0	0	0	0	0	0	0	0	0	0	0	1	1	0	0	1	0	0	0	0	0	2	0	0	0	0	0	1	0	0	0	0	0	0	0	0	0	0	0	0	0	0	0	0	0	2	0	1	1	0	0	1	0	0	1	0	1
C[T>C]C	1	0	0	0	2	0	1	0	1	1	1	2	0	0	0	0	0	0	1	1	0	0	0	0	1	1	2	0	0	0	2	1	0	0	1	1	1	0	0	1	1	1	0	0	2	0	0	0	2	0	0	1	1	0	1	0	0	0	0	0	2	0	0	0	0	0	1	0	0
C[T>C]G	0	0	0	0	0	1	2	0	0	0	2	0	1	0	1	0	0	1	0	0	0	0	1	0	2	0	1	0	1	0	0	0	0	0	0	0	0	0	0	0	0	0	0	0	1	0	1	1	0	3	0	0	0	0	1	0	1	1	2	0	0	0	0	0	0	0	0	0	1
C[T>C]T	0	0	0	3	2	0	0	1	0	2	0	0	0	4	0	0	0	0	0	2	0	1	0	0	1	0	0	1	1	1	0	0	1	0	0	1	0	1	0	0	2	0	0	0	1	0	0	0	2	2	0	0	1	0	3	1	1	1	2	0	0	0	0	0	0	2	0	0	0
C[T>G]A	0	0	0	0	1	1	1	0	0	1	0	1	0	0	0	0	0	0	0	1	0	1	0	0	3	0	0	1	0	1	0	0	0	1	0	0	0	0	0	0	0	0	0	0	0	0	0	0	0	0	0	2	1	0	0	0	0	0	0	0	0	0	0	0	0	0	0	1	0
C[T>G]C	2	0	0	1	0	1	0	1	0	0	0	0	0	0	0	0	0	0	0	0	0	0	0	0	0	0	0	0	0	0	0	1	0	0	0	0	0	0	0	0	1	0	0	0	0	0	0	0	0	0	0	0	0	0	0	0	1	0	0	0	1	1	1	0	0	0	0	0	0
C[T>G]G	0	0	0	0	0	0	1	0	0	1	0	1	2	2	0	0	0	0	1	1	0	0	0	0	0	1	0	1	1	0	0	0	0	1	0	0	0	0	0	0	0	1	0	0	1	1	0	0	1	0	0	0	0	1	0	1	0	0	0	0	0	0	0	1	0	1	0	1	0
C[T>G]T	0	0	1	2	1	1	1	4	1	2	1	1	0	0	0	0	0	1	1	0	0	1	0	0	0	0	2	0	0	0	0	0	1	0	1	0	1	0	2	1	0	1	2	0	1	1	0	1	1	0	0	0	0	0	0	1	0	0	3	0	0	1	0	2	2	0	1	0	0
G[C>A]A	1	0	1	1	0	1	0	0	2	0	0	3	0	0	0	0	0	1	0	0	0	1	1	0	2	0	0	3	1	1	0	0	1	0	2	0	0	1	0	1	1	1	0	1	0	0	0	1	0	0	0	3	2	0	0	3	0	0	1	0	1	1	0	0	0	0	1	1	1
G[C>A]C	0	0	1	2	0	1	1	0	0	3	0	1	0	2	0	0	1	0	0	1	0	1	0	0	1	1	1	1	0	0	0	0	0	1	0	1	0	0	0	0	1	0	1	1	0	0	0	1	0	0	1	0	1	0	0	1	0	0	0	0	0	0	0	0	0	1	0	0	1
G[C>A]G	0	0	0	0	0	2	0	0	0	0	0	1	0	0	0	0	0	0	0	1	0	0	0	0	0	0	0	0	0	0	0	0	0	0	0	0	0	0	0	0	0	0	0	0	0	1	0	1	0	0	0	0	0	0	0	0	0	0	0	0	0	0	0	0	0	0	0	0	1
G[C>A]T	0	0	0	1	1	2	1	0	0	0	1	1	0	1	0	0	0	0	1	0	0	0	0	0	1	0	0	0	0	0	0	0	1	1	0	0	0	0	0	0	0	0	0	1	0	0	0	5	1	0	1	0	0	1	1	5	1	0	0	0	1	0	0	0	1	0	1	0	2
G[C>G]A	0	0	0	0	0	1	2	1	0	2	1	1	0	0	1	0	1	0	0	0	0	0	0	0	0	0	0	0	1	0	0	0	0	0	1	0	0	0	0	0	0	0	0	1	0	1	0	1	0	0	0	0	0	0	0	0	0	0	0	0	0	0	0	0	0	0	0	0	1
G[C>G]C	0	0	0	1	0	0	0	2	0	1	0	0	0	0	0	0	0	0	0	0	0	0	0	0	0	0	0	0	1	1	0	0	0	0	0	1	0	1	0	1	0	1	0	0	0	0	0	0	0	0	0	0	0	0	0	1	0	1	0	0	2	0	0	0	0	2	0	0	2
G[C>G]G	0	0	0	0	1	0	1	0	0	0	0	0	0	0	0	0	0	0	2	0	0	0	0	0	0	0	0	0	0	0	0	0	0	0	0	1	0	0	0	0	1	0	0	0	0	0	0	0	0	0	0	0	0	0	0	0	0	0	0	0	0	0	0	0	0	0	0	0	1
G[C>G]T	0	0	0	1	1	0	1	0	0	0	0	0	0	0	0	0	2	0	0	0	0	0	0	1	0	0	0	0	1	0	1	0	0	0	1	0	0	0	1	0	1	0	0	0	1	0	0	0	0	0	0	0	0	0	0	1	0	0	0	0	1	0	2	0	0	0	0	0	0
G[C>T]A	0	0	0	1	1	3	1	4	2	2	2	1	3	1	2	0	0	0	0	0	0	0	0	0	0	0	0	2	2	1	0	0	1	0	1	0	1	1	2	0	1	3	0	0	0	0	0	1	2	2	0	1	0	0	0	3	0	0	1	2	0	0	1	0	0	1	0	1	4
G[C>T]C	1	0	0	2	3	0	3	1	0	2	2	2	2	1	0	0	0	0	2	2	0	0	0	0	2	0	2	1	1	1	0	0	0	0	0	0	1	1	0	0	1	0	0	0	1	0	1	1	0	2	0	0	0	0	0	1	1	0	1	0	0	1	0	2	1	0	2	0	0
G[C>T]G	1	1	0	1	0	1	2	6	0	2	2	0	4	1	3	0	0	2	4	2	0	0	1	0	0	1	1	6	3	1	2	0	0	1	3	2	4	0	1	1	3	2	0	1	1	4	0	1	0	1	0	1	1	1	2	0	1	3	2	2	3	1	0	3	1	1	0	3	2
G[C>T]T	1	3	0	2	3	3	4	4	1	0	0	1	3	0	2	0	1	1	1	0	0	0	0	1	2	0	1	1	3	0	0	1	0	0	1	0	0	0	1	0	3	1	1	0	1	0	0	1	0	1	1	0	0	0	0	2	1	0	1	0	3	1	0	0	0	1	0	0	6
G[T>A]A	0	1	0	1	0	2	0	0	0	0	0	0	0	0	0	0	0	0	0	0	0	0	0	0	0	0	0	0	0	0	0	0	0	0	0	0	0	0	0	0	0	0	2	0	0	1	0	0	0	0	0	0	0	0	1	0	1	0	0	0	1	0	0	0	0	0	0	1	0
G[T>A]C	0	0	0	0	0	0	0	0	1	0	0	1	0	0	0	0	0	0	0	0	0	0	0	1	0	0	0	0	0	0	0	0	0	0	0	0	0	0	0	0	0	0	0	0	0	0	0	0	0	0	0	1	0	0	0	0	0	1	1	0	2	0	0	0	0	1	0	0	0
G[T>A]G	1	0	0	0	0	0	0	0	0	1	0	1	0	0	0	0	0	0	0	0	0	0	0	0	1	0	1	3	0	0	0	1	0	1	0	0	0	2	1	0	0	0	0	0	0	0	0	0	0	0	0	0	0	0	0	0	0	0	0	0	1	0	0	0	0	1	0	0	0
G[T>A]T	1	0	0	2	1	0	0	0	1	0	0	0	1	0	0	0	0	0	0	0	0	1	0	0	0	0	0	0	0	0	0	0	0	1	0	0	0	0	0	0	0	0	0	0	0	0	0	0	0	0	1	0	1	0	0	1	1	0	0	0	0	0	0	0	0	0	0	0	1
G[T>C]A	0	0	0	0	0	1	1	0	1	1	0	0	1	1	0	0	0	1	0	0	0	0	1	0	0	2	0	1	0	1	0	0	0	0	1	1	1	1	0	0	0	0	0	1	1	1	0	0	0	0	0	0	1	2	0	1	1	1	1	0	2	0	0	1	1	0	0	0	0
G[T>C]C	0	0	0	0	0	0	0	1	0	1	2	2	0	1	1	0	0	0	0	3	0	0	0	0	1	0	2	1	1	0	1	0	0	1	1	2	0	1	2	1	2	1	0	0	0	0	2	0	0	0	0	0	1	0	0	0	0	0	1	0	2	2	1	0	0	0	1	0	0
G[T>C]G	0	0	0	2	3	0	0	1	0	0	0	0	0	0	2	0	0	0	0	0	0	0	0	2	0	0	0	0	2	0	1	0	1	0	0	0	0	0	0	1	0	0	2	0	0	0	0	0	1	0	0	0	0	0	0	0	1	1	0	0	1	0	1	0	0	0	0	0	0
G[T>C]T	1	0	0	0	2	3	0	2	0	0	0	2	0	1	1	0	0	0	1	0	0	0	0	0	1	0	0	0	1	0	0	1	1	2	0	0	0	0	0	1	1	0	0	0	0	1	0	0	0	1	0	0	0	0	0	0	0	1	1	0	0	0	0	0	0	2	1	0	1
G[T>G]A	0	1	0	0	0	0	1	1	1	1	0	0	0	0	0	0	1	0	0	0	0	0	0	0	0	0	0	0	0	0	0	2	0	0	0	0	0	0	0	0	0	0	0	0	0	0	0	0	0	0	0	0	1	1	0	0	0	0	0	0	1	1	0	0	0	0	0	0	1
G[T>G]C	0	0	0	1	0	0	0	0	0	0	0	0	0	0	0	0	0	2	0	0	0	1	0	0	0	0	0	0	0	0	0	0	0	0	0	0	0	0	0	0	0	0	0	0	0	0	0	0	0	0	0	0	0	0	0	0	0	0	0	0	0	0	0	0	0	0	0	0	0
G[T>G]G	1	0	0	0	1	0	0	0	0	0	0	0	0	0	0	0	0	0	0	0	0	0	0	0	0	0	0	1	0	0	0	0	0	0	2	0	0	0	0	0	1	0	0	0	0	0	1	0	0	0	0	0	0	0	0	0	0	0	1	0	0	0	0	0	0	0	0	0	0
G[T>G]T	0	0	0	1	0	1	0	2	0	0	0	0	0	0	0	0	0	1	0	0	0	0	0	0	0	1	0	0	0	1	0	0	0	0	0	0	0	0	0	0	0	0	0	0	0	0	1	0	0	1	1	1	1	1	2	0	1	0	0	0	0	1	0	0	0	0	0	1	0
T[C>A]A	0	0	0	0	0	0	0	4	0	0	0	1	2	0	0	0	2	0	0	1	0	0	0	0	1	1	0	2	0	6	2	0	5	0	0	1	0	0	1	0	10	2	0	0	0	2	0	4	1	0	0	1	0	0	1	7	1	0	0	1	2	0	0	1	1	1	0	0	0
T[C>A]C	0	0	0	4	0	3	1	1	0	0	0	0	2	1	0	0	0	0	0	1	0	0	0	1	0	1	0	0	0	1	2	0	0	0	1	1	0	1	2	0	5	0	0	0	0	1	0	2	1	2	1	0	0	1	0	9	2	3	0	0	1	1	0	0	0	3	0	0	0
T[C>A]G	0	0	0	0	0	0	0	0	1	0	1	0	1	0	2	0	0	0	1	0	0	0	0	0	0	0	0	1	0	0	0	0	0	0	0	0	0	0	0	0	3	0	0	0	0	0	0	1	0	0	0	0	0	0	0	1	0	0	0	1	0	0	0	0	0	0	0	0	0
T[C>A]T	1	0	0	1	1	1	1	2	0	1	0	0	0	1	2	0	1	2	2	0	0	1	1	0	0	0	0	0	0	1	0	0	1	0	1	0	1	4	0	1	7	3	1	0	0	0	0	2	0	0	1	1	0	2	0	11	1	0	0	2	0	1	1	0	1	2	1	0	2
T[C>G]A	0	0	0	1	1	0	1	2	0	2	1	1	0	1	2	0	0	0	0	1	0	1	0	1	0	2	2	0	0	15	0	0	1	0	1	0	0	0	0	0	49	0	0	0	1	0	1	0	0	0	1	0	0	0	0	1	0	0	0	0	1	1	1	0	0	0	0	1	2
T[C>G]C	1	0	0	2	2	0	1	3	1	1	0	1	0	0	0	0	1	0	0	1	0	1	0	0	0	0	1	1	1	5	0	2	0	0	0	0	0	1	0	0	11	0	0	0	0	0	0	0	0	0	0	0	0	0	0	0	0	0	1	1	0	0	0	1	0	2	0	0	1
T[C>G]G	0	0	0	0	0	0	0	0	0	0	0	0	0	0	0	0	0	0	0	0	0	0	0	0	0	0	0	0	0	0	0	0	0	0	0	0	0	0	0	0	4	0	0	0	0	0	0	0	0	0	0	0	0	0	0	0	0	0	0	1	0	0	1	0	0	0	0	0	0
T[C>G]T	0	0	1	0	3	0	2	1	0	0	0	3	0	0	0	0	1	1	0	1	0	1	0	2	0	1	2	0	3	21	1	1	2	0	0	0	0	1	1	0	56	0	0	1	0	0	1	1	0	3	0	0	1	0	0	0	1	0	1	2	2	1	0	0	1	2	0	1	3
T[C>T]A	3	0	2	2	2	3	1	1	2	1	1	4	1	4	2	0	0	0	2	2	0	1	3	5	3	4	0	1	2	62	2	0	3	1	1	0	2	6	4	1	107	2	0	0	3	1	0	1	0	2	2	0	2	0	0	4	1	1	2	2	1	4	7	2	1	2	0	2	4
T[C>T]C	1	0	1	3	2	1	4	2	0	3	2	3	0	3	1	0	1	0	1	1	0	1	0	2	0	1	1	4	1	12	1	0	2	3	2	2	2	1	2	0	26	2	0	0	2	4	1	0	2	1	1	2	1	4	2	2	4	1	1	3	1	2	4	1	2	3	0	3	0
T[C>T]G	0	0	1	2	2	3	3	4	0	1	0	0	1	3	4	0	2	1	1	0	0	1	0	0	0	1	0	0	2	9	4	0	2	0	3	0	1	0	1	1	14	0	1	2	1	0	0	0	0	1	1	1	0	0	0	0	3	0	2	1	1	1	0	1	0	1	2	1	0
T[C>T]T	1	0	0	3	1	3	1	0	1	0	2	2	1	1	4	0	1	1	0	1	0	0	0	1	2	4	1	0	2	16	2	0	1	0	2	0	1	1	1	0	49	0	3	0	1	0	2	3	0	1	1	0	1	1	0	1	3	0	2	2	1	1	1	1	0	2	2	2	2
T[T>A]A	0	0	0	1	0	0	0	1	0	1	0	1	0	0	0	0	0	0	0	0	0	0	1	0	0	0	0	0	0	0	0	0	0	0	0	1	1	0	0	0	0	0	0	0	0	0	0	0	0	0	0	0	0	0	1	0	1	0	0	0	0	0	0	1	0	2	0	0	0
T[T>A]C	0	0	0	1	1	0	0	1	0	0	0	0	0	0	0	0	0	0	0	1	0	0	0	0	0	0	0	0	0	1	0	0	0	1	0	0	0	1	0	0	2	0	0	0	0	0	0	0	0	0	0	0	0	0	0	1	2	0	1	0	0	0	0	0	0	1	0	0	1
T[T>A]G	0	0	0	0	1	1	1	2	0	0	0	0	0	0	0	0	0	0	0	0	0	0	0	0	0	0	0	0	0	0	0	0	0	0	0	0	0	0	1	0	1	0	0	0	0	0	0	2	1	0	0	0	0	0	0	0	0	0	0	0	0	0	1	0	0	0	0	0	0
T[T>A]T	0	0	0	0	0	0	0	0	0	2	0	0	0	0	2	0	0	1	0	0	0	0	0	0	0	0	0	0	0	0	0	0	0	0	0	0	0	2	0	0	0	0	0	0	0	0	0	0	0	1	0	0	1	0	0	0	0	0	0	0	0	0	0	0	0	1	0	0	0
T[T>C]A	1	0	0	0	0	2	1	0	1	2	0	1	0	0	0	0	0	1	1	0	0	0	0	0	0	0	0	0	0	0	0	1	0	1	0	0	1	0	1	0	1	1	0	0	1	1	0	0	0	0	0	1	0	0	0	1	0	0	3	0	0	0	0	0	0	0	0	0	1
T[T>C]C	1	0	0	2	1	1	0	0	0	0	2	0	0	0	0	1	0	0	0	0	0	0	0	0	0	0	0	0	0	1	1	1	0	2	1	1	0	0	0	2	0	0	0	0	2	1	0	0	0	1	1	0	0	0	1	0	0	0	2	0	0	2	0	0	0	2	1	0	1
T[T>C]G	1	0	0	1	0	0	0	1	0	0	0	1	0	0	1	0	0	0	0	0	0	0	0	0	0	0	0	0	0	0	0	0	0	1	1	1	1	0	1	0	0	0	0	0	0	0	0	0	0	0	1	0	0	0	0	0	0	0	0	1	1	0	0	1	0	1	0	0	0
T[T>C]T	0	1	1	0	0	1	2	0	0	0	0	0	1	0	0	0	0	1	0	2	0	0	0	0	0	0	0	0	1	0	0	0	0	1	2	1	0	0	0	1	0	2	0	0	0	0	0	0	0	0	2	0	0	0	0	2	0	0	2	0	0	2	0	2	0	1	1	1	1
T[T>G]A	1	1	0	0	0	0	0	3	0	1	1	1	0	2	0	0	1	0	0	0	0	1	0	0	1	0	0	2	0	0	1	0	0	0	0	0	0	0	0	0	1	0	0	0	0	1	0	1	0	1	0	1	0	1	0	0	1	0	2	0	0	0	1	0	1	0	0	0	1
T[T>G]C	0	0	0	0	0	0	0	0	0	1	1	2	0	0	0	0	1	0	0	0	0	0	0	0	0	1	0	1	0	0	0	0	0	0	0	0	0	1	0	0	0	0	0	0	0	0	0	0	0	0	0	0	0	0	0	1	0	0	0	0	1	0	0	0	0	0	0	0	0
T[T>G]G	0	0	0	0	0	0	0	1	0	2	1	0	0	0	0	0	0	0	0	0	0	0	1	0	0	0	0	0	0	2	0	0	1	0	0	0	0	0	1	0	0	0	0	0	0	0	1	0	1	0	1	1	0	1	0	0	0	0	0	0	0	0	0	0	0	0	0	0	0
T[T>G]T	0	0	0	1	0	2	1	0	0	1	1	0	0	0	1	0	0	0	0	0	0	0	0	0	1	0	1	1	2	0	0	0	1	0	0	1	0	0	0	1	0	0	0	0	0	0	0	0	1	0	0	0	0	0	1	0	0	0	1	0	0	1	0	0	0	0	0	0	4
