Created graph
[-7.0, -5, -3.0]
[-6.0, -5, -4.0]
[-5.5, -5, -4.5]
[-5.25, -5, -4.75]
[-5.125, -5, -4.875]
[-5.0625, -5, -4.9375]
1 4 1
Score: 103.535034
Signatures: [[0.0, 0.0, 0.0, 0.0, 0.0, 0.0, 0.0, 0.0, 0.0, 0.0, 0.0, 0.0, 0.5328685641288757, 0.28833580017089844, 0.1953350007534027, 0.41935399174690247, 0.0, 0.0, 0.0, 0.0, 0.0, 0.0, 0.0, 0.0, 0.0025230562314391136, 0.0, 0.0, 0.0, 0.0, 0.04108303040266037, 0.0, 3.059955596923828, 0.009804418310523033, 0.0, 0.0, 0.06667132675647736, 0.3661578297615051, 0.03354201838374138, 0.0, 0.09908105432987213, 0.02817094884812832, 0.014928179793059826, 0.0, 0.0, 12.353961944580078, 2.6423447132110596, 4.202188014984131, 6.855757236480713, 0.0, 0.0, 0.04083516448736191, 0.0, 0.0, 0.0, 0.0, 0.0, 0.002037006663158536, 0.0, 0.0, 0.0, 0.0, 0.0, 0.0, 0.0, 0.0, 0.0, 0.0, 0.0, 0.0, 0.0, 0.0, 0.0, 0.0, 0.0, 0.0, 0.0, 0.0, 0.0, 0.0, 0.055212944746017456, 0.0, 0.0, 0.0, 0.0, 0.0, 0.0, 0.0, 0.0, 0.0, 0.029365167021751404, 0.0, 0.0, 0.0, 0.0, 0.0, 0.0], [0.4542340040206909, 0.8397307395935059, 0.2782107889652252, 0.3647036552429199, 0.4098396599292755, 0.29270702600479126, 0.30319854617118835, 0.5609773397445679, 0.07623200863599777, 0.458768755197525, 0.14022433757781982, 0.4513266086578369, 1.7597543001174927, 0.8014866709709167, 0.11342694610357285, 1.075265884399414, 0.44516339898109436, 0.12760181725025177, 0.28294095396995544, 0.4178859293460846, 0.3390173614025116, 0.2779856324195862, 0.19189384579658508, 0.5392394661903381, 0.1074274480342865, 0.3290737271308899, 0.052494630217552185, 0.49232128262519836, 3.2070322036743164, 1.3443208932876587, 0.7192564010620117, 2.7817623615264893, 0.4710243046283722, 0.1501971185207367, 2.872457504272461, 0.30832740664482117, 1.0726240873336792, 0.6912314295768738, 2.3738300800323486, 0.9371941685676575, 0.8378888368606567, 0.280726820230484, 2.443570137023926, 0.5736399292945862, 2.089226245880127, 1.31099534034729, 2.4446475505828857, 4.652230739593506, 0.12345335632562637, 0.20863159000873566, 0.10086635500192642, 0.0, 0.17585989832878113, 0.2046819031238556, 0.2459821254014969, 0.19658048450946808, 0.08158634603023529, 0.2245839387178421, 0.14175793528556824, 0.17383508384227753, 0.1519109159708023, 0.09226926416158676, 0.19941745698451996, 0.04095863923430443, 0.3849027752876282, 0.0, 0.6354902982711792, 0.5547323822975159, 0.0, 0.19443634152412415, 0.21945710480213165, 0.3177228271961212, 0.18679553270339966, 0.30759158730506897, 0.07315423339605331, 0.187443807721138, 0.045643508434295654, 0.4173271358013153, 0.04980364069342613, 0.0, 0.06449964642524719, 0.12066686153411865, 0.17122280597686768, 0.15967005491256714, 0.03816261142492294, 0.11007906496524811, 0.1756923794746399, 0.2917135953903198, 0.06818169355392456, 0.059403032064437866, 0.12771742045879364, 0.16805116832256317, 0.10055721551179886, 0.15022720396518707, 0.1645130217075348, 0.2133178561925888], [1.1587809324264526, 0.9970313906669617, 0.3160353899002075, 0.8135471343994141, 1.004086971282959, 1.2436461448669434, 0.30385908484458923, 0.8484996557235718, 1.2406795024871826, 1.0489277839660645, 0.21951667964458466, 0.8827130794525146, 0.1920681893825531, 1.267636775970459, 0.3795938491821289, 0.9318500757217407, 0.7045568823814392, 0.7300735116004944, 0.4258069396018982, 0.7417917251586914, 0.6425818204879761, 0.7788897752761841, 0.5086646676063538, 0.8848831653594971, 0.4499507546424866, 0.542201817035675, 0.3470194637775421, 0.5272059440612793, 0.27078914642333984, 0.75363689661026, 0.18373596668243408, 1.2936276197433472, 1.4864720106124878, 1.602743148803711, 4.795772552490234, 1.3320742845535278, 1.3741010427474976, 1.2520945072174072, 4.115375995635986, 1.6614853143692017, 1.6381694078445435, 2.296475410461426, 4.79097318649292, 1.6220442056655884, 1.885146975517273, 2.413719892501831, 2.8924572467803955, 0.0, 0.2980515956878662, 0.6116570234298706, 0.518318235874176, 0.44903701543807983, 0.12353045493364334, 0.6710177063941956, 0.6742496490478516, 0.5456457138061523, 0.2172502875328064, 0.3374590277671814, 0.4169597923755646, 0.22661453485488892, 0.2747860848903656, 0.3765745460987091, 0.18460163474082947, 0.45216378569602966, 0.6683371663093567, 0.867430567741394, 0.9013760685920715, 0.916465163230896, 0.4737926721572876, 0.9509119391441345, 0.9486458897590637, 0.8616620302200317, 1.1387219429016113, 0.4273711144924164, 0.9436292052268982, 0.7457826137542725, 0.7120980024337769, 0.6024446487426758, 0.6473354697227478, 0.5900511741638184, 0.1659257858991623, 0.13295139372348785, 0.31071195006370544, 0.1434876173734665, 0.19429130852222443, 0.2930125892162323, 0.5968178510665894, 0.5752809047698975, 0.1603679060935974, 0.2521716058254242, 0.4209305942058563, 0.19707940518856049, 0.21498875319957733, 0.23842909932136536, 0.2968452274799347, 0.4092779755592346], [0.0, 0.017777198925614357, 0.0, 0.0, 0.0006180652999319136, 0.0, 0.0, 0.0022618859075009823, 0.0, 0.0, 0.03724425658583641, 0.0, 1.2807737588882446, 0.3201926350593567, 0.18076854944229126, 0.23072130978107452, 0.020327145233750343, 0.0898953303694725, 0.049145106226205826, 0.004184121266007423, 0.10744383931159973, 0.0, 0.0, 0.11160536110401154, 0.05710072070360184, 0.0, 0.007676828186959028, 0.0, 9.324889183044434, 3.0007851123809814, 0.5340148210525513, 10.231071472167969, 0.12782306969165802, 0.013735217973589897, 0.0, 0.037690963596105576, 0.21207593381404877, 0.0, 0.0, 0.0, 0.027760842815041542, 0.0, 0.0, 0.1353362649679184, 8.469082832336426, 1.924303650856018, 1.2934141159057617, 2.722250461578369, 0.0, 0.0, 0.04847855493426323, 0.0, 0.07371664047241211, 0.0, 0.0, 0.0, 0.0, 0.0, 0.0, 0.0, 0.0, 0.0043450878001749516, 0.0, 0.0, 0.0, 0.02415718324482441, 0.0, 0.0, 0.0, 0.06163393706083298, 0.0, 0.0, 0.0, 0.0, 0.0, 0.0575408898293972, 0.026159269735217094, 0.0, 0.006874825339764357, 0.0, 0.0, 0.0, 0.0, 0.0, 0.0008401678060181439, 1.4193773495208006e-05, 0.0, 0.04664284363389015, 0.0, 0.0, 0.0, 0.0, 0.0, 0.0, 0.04935125634074211, 0.0]]
Time 4108.708254575729
