Created graph
[-7.0, -5, -3.0]
[-6.0, -5, -4.0]
[-5.5, -5, -4.5]
[-5.25, -5, -4.75]
[-4.875, -4.75, -4.625]
[-4.9375, -4.875, -4.8125]
1000 4 1
Score: 104.99738
Signatures: [[0.737322986125946, 1.2866748571395874, 0.3751494884490967, 0.717934250831604, 0.9040070176124573, 0.782845139503479, 0.3628511428833008, 0.7059066295623779, 0.3364359438419342, 0.643966794013977, 0.25301897525787354, 0.8724170923233032, 2.290602922439575, 1.672218680381775, 0.222390279173851, 2.0624284744262695, 0.8695860505104065, 0.6910242438316345, 0.7252165079116821, 0.9903475642204285, 0.9907990097999573, 0.7461021542549133, 0.3441429138183594, 1.3378368616104126, 0.4343016743659973, 0.6969234943389893, 0.2803092300891876, 0.9555132389068604, 5.3739752769470215, 2.840062379837036, 0.9654735922813416, 4.973401069641113, 1.0944232940673828, 0.3779515027999878, 0.9146995544433594, 0.6506929993629456, 1.4621169567108154, 0.7472230195999146, 0.0, 1.0536099672317505, 0.5996883511543274, 0.015937522053718567, 0.0, 1.2197407484054565, 2.4180352687835693, 2.4471356868743896, 1.0405625104904175, 2.9672181606292725, 0.08652275055646896, 0.36805495619773865, 0.29677510261535645, 0.07429185509681702, 0.31608137488365173, 0.45007359981536865, 0.478895366191864, 0.5088484883308411, 0.212198406457901, 0.2907210886478424, 0.25667083263397217, 0.209950253367424, 0.1309106945991516, 0.1680496782064438, 0.23684348165988922, 0.25403234362602234, 0.27666887640953064, 0.36764535307884216, 0.5196328163146973, 0.6925171613693237, 0.13579615950584412, 0.4156791567802429, 0.4737854599952698, 0.48235541582107544, 0.0006912049138918519, 0.24053481221199036, 0.0, 0.4099591374397278, 0.07561716437339783, 0.34040287137031555, 0.018820757046341896, 0.16987541317939758, 0.06806943565607071, 0.14970093965530396, 0.3150824010372162, 0.1876939982175827, 0.10339297354221344, 0.24774587154388428, 0.42278990149497986, 0.6415389180183411, 0.14618270099163055, 0.1811666041612625, 0.32821059226989746, 0.2517954707145691, 0.11961539834737778, 0.10191961377859116, 0.3956957161426544, 0.3206431269645691], [0.0, 0.0, 0.0, 0.0, 0.0, 0.0, 0.0, 0.0, 0.0, 0.0, 0.0, 0.0, 0.810836136341095, 0.0, 0.12275037169456482, 0.0, 0.0, 0.0, 0.0, 0.0, 0.0, 0.0, 0.0, 0.0, 0.0, 0.0, 0.0, 0.0, 9.138785362243652, 2.57285737991333, 0.4068150818347931, 10.745606422424316, 0.0, 0.0, 0.1335817277431488, 0.0, 0.0, 0.0, 0.5055521726608276, 0.0, 0.07609757035970688, 0.02332443557679653, 0.527908205986023, 0.0, 9.648853302001953, 1.8052387237548828, 2.266988754272461, 2.630068302154541, 0.0, 0.0, 0.0, 0.0, 0.012009202502667904, 0.0, 0.0, 0.0, 0.0, 0.0, 0.0, 0.0, 0.0, 0.0, 0.0, 0.0, 0.0, 0.0, 0.0003870679356623441, 0.0, 0.0, 0.017910581082105637, 0.0, 0.0, 0.052274301648139954, 0.0, 0.009427961893379688, 0.003754855366423726, 0.045110899955034256, 0.0, 0.0441274419426918, 0.0, 0.0, 0.0, 0.0, 0.0, 0.0, 0.0, 0.0, 0.0, 0.0, 0.0, 0.0, 0.0, 0.0, 0.0, 0.0, 0.0], [0.0, 0.0, 0.0, 0.0, 0.0, 0.0, 0.0, 0.0, 0.0, 0.0, 0.007164376322180033, 0.0, 0.9641709923744202, 0.3730407655239105, 0.2759345471858978, 0.46937793493270874, 0.0, 0.0, 0.0, 0.0, 0.0, 0.0, 0.0, 0.0, 0.0, 0.0, 0.0, 0.0, 0.01777626760303974, 0.24620221555233002, 0.01957428641617298, 3.3440048694610596, 0.013926907442510128, 0.0, 0.28367623686790466, 0.05693629011511803, 0.5712326765060425, 0.10068567842245102, 0.27643415331840515, 0.16254054009914398, 0.0985993891954422, 0.10798325389623642, 0.0, 0.0, 13.605632781982422, 2.9058101177215576, 4.329529285430908, 8.383636474609375, 0.0, 0.0, 0.06643285602331161, 0.0, 0.0, 0.0, 0.0, 0.0, 0.0, 0.0, 0.0, 0.0, 0.0, 0.0, 0.0, 0.0, 0.0, 0.0, 0.0, 0.0, 0.0, 0.0, 0.0, 0.0, 0.0, 0.0, 0.0, 0.0, 0.0, 0.0, 0.0, 0.035425927489995956, 0.0, 0.0, 0.0, 0.0, 0.0, 0.0, 0.0, 0.0, 0.0, 0.017963657155632973, 0.0, 0.0, 0.0, 0.017475828528404236, 0.0, 0.0], [1.0637600421905518, 0.8550176620483398, 0.30222779512405396, 0.6405132412910461, 0.784069299697876, 0.9817309379577637, 0.3095427453517914, 0.8228244781494141, 1.1017365455627441, 1.0140019655227661, 0.17798000574111938, 0.7037978172302246, 0.26925650238990784, 0.9248849153518677, 0.3117637038230896, 0.5716949105262756, 0.5045504570007324, 0.4387069344520569, 0.23622170090675354, 0.47860366106033325, 0.30053579807281494, 0.5420264601707458, 0.4402989149093628, 0.5307410955429077, 0.2787014842033386, 0.3753753900527954, 0.219536691904068, 0.32910823822021484, 0.0, 0.22250406444072723, 0.19947899878025055, 0.03398790583014488, 1.1857826709747314, 1.4913471937179565, 6.306257247924805, 1.1416383981704712, 1.220603585243225, 1.2597712278366089, 5.467451095581055, 1.6421068906784058, 1.8266304731369019, 2.414336681365967, 6.544425964355469, 1.3629451990127563, 0.622453510761261, 1.8211344480514526, 3.4270617961883545, 0.7526749968528748, 0.35677051544189453, 0.5342419743537903, 0.40624529123306274, 0.3819894790649414, 0.08110800385475159, 0.5409117341041565, 0.5688191652297974, 0.4177645444869995, 0.14896132051944733, 0.3259669542312622, 0.35269299149513245, 0.22201880812644958, 0.31015923619270325, 0.33759212493896484, 0.19173699617385864, 0.3131696879863739, 0.7808743715286255, 0.6361715793609619, 1.0555909872055054, 0.9217554926872253, 0.38860514760017395, 0.855036735534668, 0.8172475099563599, 0.8174980282783508, 1.2660294771194458, 0.514816403388977, 1.0396924018859863, 0.6331583261489868, 0.6768672466278076, 0.7231085300445557, 0.6691245436668396, 0.4705793559551239, 0.17125646770000458, 0.1355007141828537, 0.23771464824676514, 0.1544272005558014, 0.1523894965648651, 0.23144595324993134, 0.4755748510360718, 0.4285787045955658, 0.12424468249082565, 0.19406716525554657, 0.321607381105423, 0.17192994058132172, 0.22180524468421936, 0.2853708565235138, 0.20177392661571503, 0.3747231662273407]]
Time 4107.759983301163
