Created graph
[-7.0, -5, -3.0]
[-6.0, -5, -4.0]
[-5.5, -5, -4.5]
[-5.25, -5, -4.75]
[-5.125, -5, -4.875]
[-5.0625, -5, -4.9375]
10 4 1
Score: 103.53385
Signatures: [[0.0, 0.0, 0.0, 0.0, 0.0, 0.0, 0.0, 0.0, 0.0, 0.0, 0.0, 0.0, 0.53316730260849, 0.28852421045303345, 0.1954338401556015, 0.41956189274787903, 0.0, 0.0, 0.0, 0.0, 0.0, 0.0, 0.0, 0.0, 0.002554885344579816, 0.0, 0.0, 0.0, 0.0, 0.04144049063324928, 0.0, 3.0626938343048096, 0.009860341437160969, 0.0, 0.0, 0.06674858182668686, 0.36632317304611206, 0.033605895936489105, 0.0, 0.09909714013338089, 0.02822071500122547, 0.015074470080435276, 0.0, 0.0, 12.360525131225586, 2.6438896656036377, 4.2041473388671875, 6.858721733093262, 0.0, 0.0, 0.040878795087337494, 0.0, 0.0, 0.0, 0.0, 0.0, 0.0020410979632288218, 0.0, 0.0, 0.0, 0.0, 0.0, 0.0, 0.0, 0.0, 0.0, 0.0, 0.0, 0.0, 0.0, 0.0, 0.0, 0.0, 0.0, 0.0, 0.0, 0.0, 0.0, 0.0, 0.05529271066188812, 0.0, 0.0, 0.0, 0.0, 0.0, 0.0, 0.0, 0.0, 0.0, 0.02941894717514515, 0.0, 0.0, 0.0, 0.0, 0.0, 0.0], [0.4542175829410553, 0.8399991989135742, 0.2781679332256317, 0.3648592233657837, 0.41001713275909424, 0.29286089539527893, 0.30324786901474, 0.5610478520393372, 0.07612907141447067, 0.4587233364582062, 0.14029651880264282, 0.45148682594299316, 1.7608288526535034, 0.802269458770752, 0.11357101798057556, 1.0761150121688843, 0.4454454183578491, 0.12781041860580444, 0.283030241727829, 0.4180431365966797, 0.33920207619667053, 0.27814024686813354, 0.19187290966510773, 0.5395813584327698, 0.10749468207359314, 0.3292575776576996, 0.05249517038464546, 0.492486834526062, 3.2101030349731445, 1.3458330631256104, 0.7196946740150452, 2.785752058029175, 0.4711471199989319, 0.15005719661712646, 2.8716044425964355, 0.3084852397441864, 1.0734097957611084, 0.6912657022476196, 2.3734772205352783, 0.9377981424331665, 0.8379649519920349, 0.2804822623729706, 2.4422519207000732, 0.5740634799003601, 2.093585729598999, 1.31307053565979, 2.4464011192321777, 4.6565046310424805, 0.12340514361858368, 0.20869426429271698, 0.10088338702917099, 0.0, 0.17590852081775665, 0.20468851923942566, 0.24597975611686707, 0.19652120769023895, 0.08162853121757507, 0.22461260855197906, 0.14177514612674713, 0.1738986074924469, 0.15184906125068665, 0.09227871149778366, 0.19946935772895813, 0.041042692959308624, 0.38479408621788025, 0.0, 0.6353371143341064, 0.5547438859939575, 0.0, 0.19449792802333832, 0.21956174075603485, 0.3176009953022003, 0.18657271564006805, 0.3076796233654022, 0.07280471175909042, 0.18743456900119781, 0.04557125270366669, 0.41726189851760864, 0.04966558888554573, 0.0, 0.06451374292373657, 0.1206689178943634, 0.17123903334140778, 0.15970642864704132, 0.03819166123867035, 0.11012083292007446, 0.17558424174785614, 0.2915880084037781, 0.06823127716779709, 0.05937453359365463, 0.12770511209964752, 0.16806788742542267, 0.10060041397809982, 0.1502894014120102, 0.16468289494514465, 0.21324793994426727], [1.1593538522720337, 0.9976431727409363, 0.3163260817527771, 0.8138664364814758, 1.004462480545044, 1.244000792503357, 0.3041047155857086, 0.8489986062049866, 1.2411072254180908, 1.0494835376739502, 0.21962884068489075, 0.8830983638763428, 0.19277538359165192, 1.2680069208145142, 0.37968936562538147, 0.9323015809059143, 0.7048304080963135, 0.7301813960075378, 0.4260321259498596, 0.7421252727508545, 0.6428323984146118, 0.7791566252708435, 0.5089498162269592, 0.8852394819259644, 0.4500800371170044, 0.5424038171768188, 0.347127228975296, 0.5275365114212036, 0.2718055546283722, 0.7538924217224121, 0.18404702842235565, 1.293715238571167, 1.4870197772979736, 1.603334903717041, 4.799421787261963, 1.3324545621871948, 1.3746671676635742, 1.2528481483459473, 4.118309020996094, 1.662112832069397, 1.6390804052352905, 2.297339916229248, 4.794848442077637, 1.6225268840789795, 1.8852641582489014, 2.4140288829803467, 2.893988847732544, 0.0, 0.2982396185398102, 0.6119018197059631, 0.5184997320175171, 0.44913825392723083, 0.12364079058170319, 0.6713144183158875, 0.6745870113372803, 0.5459403395652771, 0.2173212468624115, 0.33767011761665344, 0.4171423316001892, 0.22674362361431122, 0.27499955892562866, 0.37671664357185364, 0.1847451627254486, 0.4522218704223633, 0.6688376665115356, 0.8676023483276367, 0.9021773338317871, 0.9170751571655273, 0.47389549016952515, 0.9511842727661133, 0.9489291906356812, 0.862158477306366, 1.1392557621002197, 0.42760273814201355, 0.9441719055175781, 0.7460787892341614, 0.7122910022735596, 0.60291588306427, 0.6476171612739563, 0.5901716351509094, 0.16600598394870758, 0.13305748999118805, 0.3108810782432556, 0.14361193776130676, 0.19433628022670746, 0.29313114285469055, 0.5971522331237793, 0.5756837725639343, 0.16041603684425354, 0.2522745728492737, 0.42112359404563904, 0.19722965359687805, 0.2150668501853943, 0.23853957653045654, 0.2969215512275696, 0.4095822870731354], [0.0, 0.017753874883055687, 0.0, 0.0, 0.0006187522085383534, 0.0, 0.0, 0.0022661443799734116, 0.0, 0.0, 0.0372559018433094, 0.0, 1.2813419103622437, 0.3202524483203888, 0.18090775609016418, 0.23071497678756714, 0.02030230313539505, 0.08993188291788101, 0.0491691529750824, 0.00418173847720027, 0.10749039798974991, 0.0, 0.0, 0.1116267517209053, 0.05712958797812462, 0.0, 0.0076993838883936405, 0.0, 9.329635620117188, 3.0021438598632812, 0.5342106819152832, 10.23658275604248, 0.12792830169200897, 0.013826766051352024, 0.0, 0.03772382438182831, 0.21214962005615234, 0.0, 0.0, 0.0, 0.027791649103164673, 0.0, 0.0, 0.13537344336509705, 8.475509643554688, 1.9255633354187012, 1.2947626113891602, 2.724712371826172, 0.0, 0.0, 0.048522062599658966, 0.0, 0.07375072687864304, 0.0, 0.0, 0.0, 0.0, 0.0, 0.0, 0.0, 0.0, 0.0043620276264846325, 0.0, 0.0, 0.0, 0.024228766560554504, 0.0, 0.0, 0.0, 0.06170643866062164, 0.0, 0.0, 0.0, 0.0, 0.0, 0.057610027492046356, 0.0262315534055233, 0.0, 0.00693492079153657, 0.0, 0.0, 0.0, 0.0, 0.0, 0.000845083617605269, 1.5147681551752612e-05, 0.0, 0.04672743007540703, 0.0, 0.0, 0.0, 0.0, 0.0, 0.0, 0.04935605451464653, 0.0]]
Time 4133.298138380051
