Created graph
[-7.0, -5, -3.0]
[-6.0, -5, -4.0]
[-5.5, -5, -4.5]
[-5.25, -5, -4.75]
[-4.875, -4.75, -4.625]
[-4.6875, -4.625, -4.5625]
100 3 1
Score: 110.875
Signatures: [[1.3222287893295288, 1.2245678901672363, 0.41988807916641235, 0.87516188621521, 1.061466097831726, 1.2654722929000854, 0.4139842092990875, 1.0458701848983765, 1.1852328777313232, 1.2721647024154663, 0.2380170077085495, 0.9920656085014343, 0.7245015501976013, 1.332252025604248, 0.3382018804550171, 1.152427315711975, 0.7839479446411133, 0.6346877813339233, 0.47928300499916077, 0.8271965980529785, 0.6743930578231812, 0.8278709650039673, 0.5580488443374634, 0.9472241401672363, 0.4047802984714508, 0.6296974420547485, 0.31304478645324707, 0.6662147045135498, 0.4516545236110687, 0.7337632179260254, 0.414069265127182, 0.10897655785083771, 1.4925289154052734, 1.512143850326538, 6.108476638793945, 1.307107925415039, 1.5618897676467896, 1.4290772676467896, 4.973771095275879, 1.870309591293335, 1.8606106042861938, 2.2375752925872803, 5.958115100860596, 1.6374328136444092, 0.0, 2.131568193435669, 3.1867899894714355, 1.1445108652114868, 0.37199676036834717, 0.659414529800415, 0.4719439148902893, 0.38388192653656006, 0.1765744686126709, 0.7023905515670776, 0.7245377898216248, 0.6230740547180176, 0.21315035223960876, 0.4118094742298126, 0.43018993735313416, 0.2848900556564331, 0.34525346755981445, 0.3766716420650482, 0.2650763988494873, 0.4129902422428131, 0.8290708661079407, 0.7518298625946045, 1.1316139698028564, 1.0876550674438477, 0.4233652949333191, 0.9215275049209595, 0.9724693298339844, 0.9456894397735596, 1.1924465894699097, 0.5813971161842346, 0.9472492337226868, 0.7210690379142761, 0.6665307283401489, 0.7930647134780884, 0.6310707926750183, 0.49649161100387573, 0.18569423258304596, 0.18859271705150604, 0.36653053760528564, 0.2073257565498352, 0.18169380724430084, 0.30712074041366577, 0.6261669397354126, 0.6203482151031494, 0.17212116718292236, 0.24340182542800903, 0.4335576593875885, 0.2536299526691437, 0.2529482841491699, 0.2983572781085968, 0.30757421255111694, 0.46705591678619385], [0.0798683613538742, 0.33895501494407654, 0.0823705792427063, 0.12133978307247162, 0.16449308395385742, 0.034960485994815826, 0.09302031993865967, 0.18022893369197845, 0.014888168312609196, 0.040857624262571335, 0.09961739927530289, 0.09184914827346802, 1.5694721937179565, 0.571250855922699, 0.14458411931991577, 0.4716242253780365, 0.2162591516971588, 0.19750891625881195, 0.16691438853740692, 0.18023636937141418, 0.2706971764564514, 0.07426303625106812, 0.03663696348667145, 0.38185814023017883, 0.08642183989286423, 0.10211712121963501, 0.04834247753024101, 0.19613316655158997, 10.305937767028809, 3.373778820037842, 0.7653524875640869, 10.594383239746094, 0.2549404203891754, 0.0785181000828743, 0.0, 0.06807002425193787, 0.3993200957775116, 0.05816257372498512, 0.0, 0.049032196402549744, 0.18502455949783325, 0.0, 0.0, 0.39108073711395264, 7.224538326263428, 2.1467435359954834, 1.4931310415267944, 2.4835152626037598, 0.0, 0.06382874399423599, 0.03046657145023346, 0.005282226484268904, 0.13059887290000916, 0.01311164814978838, 0.041509732604026794, 0.0, 0.03787817433476448, 0.050392527133226395, 0.0428558886051178, 0.04534054547548294, 0.017028873786330223, 0.04144585505127907, 0.04991229251027107, 0.019827542826533318, 0.05779678001999855, 0.0578557625412941, 0.17096205055713654, 0.18291470408439636, 0.0, 0.1560002863407135, 0.05069093778729439, 0.08953951299190521, 0.00046290780301205814, 0.010980693623423576, 0.0, 0.15352413058280945, 0.037647124379873276, 0.08935314416885376, 0.0234445221722126, 0.0, 0.002454828703776002, 0.015196465887129307, 0.03757835179567337, 0.049683183431625366, 0.023349907249212265, 0.053075142204761505, 0.025072792544960976, 0.19199638068675995, 0.03053160570561886, 0.0, 0.034690022468566895, 0.05047741159796715, 0.027523545548319817, 0.0, 0.13436508178710938, 0.06832809746265411], [0.0, 0.0, 0.0, 0.0, 0.0, 0.0, 0.0, 0.000330643990309909, 0.0, 0.0, 0.0, 0.03856509551405907, 0.8345158100128174, 0.36020877957344055, 0.2774829864501953, 0.5725049376487732, 0.0, 0.0, 0.0, 0.0, 0.0, 0.0, 0.0, 0.0, 0.039604734629392624, 0.0, 0.0, 0.0, 0.0, 0.16864730417728424, 0.0, 3.7284021377563477, 0.09158279001712799, 0.0, 0.6173156499862671, 0.16420282423496246, 0.5838518738746643, 0.2231229841709137, 0.6347333788871765, 0.3931370973587036, 0.16418957710266113, 0.13198056817054749, 0.339519739151001, 0.0018968938384205103, 13.889128684997559, 2.8339240550994873, 4.527578353881836, 8.056123733520508, 0.0, 0.0032937340438365936, 0.11287975311279297, 0.0, 0.0, 0.01582721807062626, 0.0, 0.0, 0.007376803085207939, 0.008769573643803596, 0.002758471993729472, 9.830467024585232e-05, 0.0, 0.0, 0.0, 0.0, 0.0, 0.0, 0.0, 0.0, 0.0, 0.0, 0.0, 0.0, 0.0, 0.024705171585083008, 0.0, 0.0, 0.0, 0.0, 0.0, 0.06668439507484436, 0.004637689795345068, 0.0, 0.0, 0.0, 0.0, 0.0, 0.0, 0.0, 0.0, 0.05068948119878769, 0.0, 0.0, 0.0, 0.041422996670007706, 0.0, 0.0]]
Time 4118.077608585358
