Created graph
[-7.0, -5, -3.0]
[-6.0, -5, -4.0]
[-5.5, -5, -4.5]
[-5.25, -5, -4.75]
[-5.125, -5, -4.875]
[-5.0625, -5, -4.9375]
10 3 1
Score: 107.246315
Signatures: [[1.2251365184783936, 1.2558279037475586, 0.4238682985305786, 0.8936963677406311, 1.0598441362380981, 1.1986677646636963, 0.4267878234386444, 1.0149753093719482, 1.064817190170288, 1.1363509893417358, 0.25211820006370544, 0.9915517568588257, 1.032634973526001, 1.4891561269760132, 0.4038737416267395, 1.338241696357727, 0.8244063854217529, 0.6534469127655029, 0.48665598034858704, 0.836239755153656, 0.6891074180603027, 0.7992327809333801, 0.5309411287307739, 0.999239981174469, 0.42730021476745605, 0.6405085325241089, 0.3119543790817261, 0.6874172687530518, 1.3200033903121948, 1.1423261165618896, 0.4893436133861542, 1.8841911554336548, 1.4871388673782349, 1.4087679386138916, 5.71933650970459, 1.292474627494812, 1.7162245512008667, 1.463372826576233, 4.894172668457031, 1.9409061670303345, 1.8558605909347534, 2.1032447814941406, 5.572944641113281, 1.6600382328033447, 2.8556344509124756, 2.8264899253845215, 3.991853713989258, 2.367725372314453, 0.3252643644809723, 0.6250068545341492, 0.49750816822052, 0.358992338180542, 0.1758190542459488, 0.6792018413543701, 0.7080121636390686, 0.5682815313339233, 0.22677229344844818, 0.412332147359848, 0.43022283911705017, 0.2886991500854492, 0.3167359232902527, 0.36214613914489746, 0.2717107832431793, 0.38216152787208557, 0.7843575477600098, 0.6952356100082397, 1.1141425371170044, 1.0822490453720093, 0.3827650249004364, 0.8916736245155334, 0.9028288125991821, 0.8896940350532532, 1.0652047395706177, 0.5469175577163696, 0.8312450647354126, 0.7069607973098755, 0.6087216138839722, 0.7452100515365601, 0.5624513626098633, 0.49487316608428955, 0.17786775529384613, 0.18156297504901886, 0.35276129841804504, 0.20949943363666534, 0.17815187573432922, 0.3012988567352295, 0.5967382788658142, 0.6133650541305542, 0.17018871009349823, 0.2498958259820938, 0.4185601770877838, 0.25911277532577515, 0.2340661883354187, 0.29248619079589844, 0.32526320219039917, 0.45705291628837585], [0.0, 0.14535492658615112, 0.011285007931292057, 0.002750813029706478, 0.012100319378077984, 0.0, 0.01921980455517769, 0.05859897658228874, 0.0, 0.0, 0.05804595351219177, 0.0, 1.5826739072799683, 0.4705815613269806, 0.16261503100395203, 0.41942137479782104, 0.06936831772327423, 0.08724858611822128, 0.09348154067993164, 0.04459613189101219, 0.15171006321907043, 0.0, 0.0, 0.18245342373847961, 0.0505870096385479, 0.0, 0.0005490125040523708, 0.06829410046339035, 9.572898864746094, 3.1166305541992188, 0.6893564462661743, 9.908957481384277, 0.13899043202400208, 0.0, 0.0, 0.034747909754514694, 0.4359985291957855, 0.021054783836007118, 0.0, 0.030532648786902428, 0.07626380771398544, 0.0, 0.0, 0.13578343391418457, 7.606685161590576, 2.126601457595825, 2.0220561027526855, 2.6145782470703125, 0.0, 0.00023379230697173625, 0.0457313135266304, 0.0, 0.11042479425668716, 0.0, 0.0, 0.0, 0.004713699221611023, 6.654448043263983e-06, 0.0, 0.004953884519636631, 0.0, 0.0024055391550064087, 6.84182123222854e-06, 0.0, 0.0, 0.0, 0.04270927980542183, 0.02070009894669056, 0.0, 0.044977497309446335, 0.0, 0.0, 0.0, 0.0, 0.0, 0.051216159015893936, 0.0, 0.0010855484288185835, 0.0, 0.0, 0.0, 0.0, 0.0, 0.015001323074102402, 5.819456055178307e-05, 0.008801354095339775, 0.0, 0.08909926563501358, 0.0, 0.0, 0.0, 0.005414096638560295, 0.0, 0.0, 0.07778062671422958, 0.013143368996679783], [0.0, 0.0, 0.0, 0.0, 0.0, 0.0, 0.0, 0.0, 0.0, 0.0, 0.0, 0.0, 0.5999130010604858, 0.17395509779453278, 0.17968814074993134, 0.35404637455940247, 0.0, 0.0, 0.0, 0.0, 0.0, 0.0, 0.0, 0.0, 1.0809516197696212e-06, 0.0, 0.0, 0.0, 0.41807863116264343, 0.2179025262594223, 0.0, 4.050865650177002, 0.0, 0.0, 0.0, 0.008279474452137947, 0.24036085605621338, 0.019231019541621208, 0.0, 0.07527142018079758, 0.0, 0.0, 0.0, 0.0, 12.936445236206055, 2.3030741214752197, 3.2490158081054688, 7.6300435066223145, 0.0, 0.0, 0.010866541415452957, 0.0, 0.0, 0.0, 0.0, 0.0, 0.0, 0.0, 0.0, 0.0, 0.0, 0.0, 0.0, 0.0, 0.0, 0.0, 0.0, 0.0, 0.0, 0.0, 0.0, 0.0, 0.0, 0.0, 0.0, 0.0, 0.0, 0.0, 0.0, 9.363884601043537e-06, 0.0, 0.0, 0.0, 0.0, 0.0, 0.0, 0.0, 0.0, 0.0, 0.016936233267188072, 0.0, 0.0, 0.0, 0.0015369589673355222, 0.0, 0.0]]
Time 4107.8563368320465
