Created graph
[-7.0, -5, -3.0]
[-6.0, -5, -4.0]
[-5.5, -5, -4.5]
[-5.25, -5, -4.75]
[-5.125, -5, -4.875]
[-5.0625, -5, -4.9375]
1 3 1
Score: 107.25031
Signatures: [[1.2246711254119873, 1.2553189992904663, 0.42369794845581055, 0.8933359384536743, 1.0594133138656616, 1.1981927156448364, 0.42660844326019287, 1.014597773551941, 1.0644134283065796, 1.1359292268753052, 0.25200313329696655, 0.9911459684371948, 1.0321707725524902, 1.4885133504867554, 0.4036813974380493, 1.3376739025115967, 0.8240585923194885, 0.6531615853309631, 0.486449658870697, 0.8358917236328125, 0.6888216733932495, 0.7988991141319275, 0.5307079553604126, 0.9988027811050415, 0.42711493372917175, 0.6402493715286255, 0.3118293285369873, 0.6871232986450195, 1.3192017078399658, 1.1417725086212158, 0.4891032576560974, 1.8829233646392822, 1.4865450859069824, 1.408214807510376, 5.717098712921143, 1.291973352432251, 1.7154895067214966, 1.4627777338027954, 4.892119407653809, 1.9400907754898071, 1.8550982475280762, 2.1024324893951416, 5.570690155029297, 1.659345269203186, 2.8535330295562744, 2.8252265453338623, 3.9900708198547363, 2.3664824962615967, 0.3251388370990753, 0.6247562766075134, 0.4973040819168091, 0.35884377360343933, 0.17574283480644226, 0.6789238452911377, 0.7077159881591797, 0.5680583119392395, 0.22667855024337769, 0.41216397285461426, 0.4300483167171478, 0.2885773479938507, 0.3166079521179199, 0.36200523376464844, 0.2715974450111389, 0.38201236724853516, 0.784037709236145, 0.6949635744094849, 1.1136624813079834, 1.0817877054214478, 0.3826105296611786, 0.8913263082504272, 0.9024725556373596, 0.8893406987190247, 1.0648070573806763, 0.5467020273208618, 0.8309200406074524, 0.7066709995269775, 0.6085039973258972, 0.744910717010498, 0.5622372627258301, 0.4946691691875458, 0.17779013514518738, 0.18149007856845856, 0.3526238799095154, 0.20940521359443665, 0.17807966470718384, 0.301170289516449, 0.5964986681938171, 0.6131075620651245, 0.17011792957782745, 0.24979250133037567, 0.4183926582336426, 0.2590027153491974, 0.23397696018218994, 0.29236677289009094, 0.3251202702522278, 0.4568560719490051], [0.0, 0.1452546864748001, 0.011269914917647839, 0.00274396943859756, 0.01208924688398838, 0.0, 0.019208204001188278, 0.05855793505907059, 0.0, 0.0, 0.058010462671518326, 0.0, 1.5817102193832397, 0.47035303711891174, 0.16249807178974152, 0.41917699575424194, 0.06932522356510162, 0.08719780296087265, 0.09341829270124435, 0.044567178934812546, 0.15161137282848358, 0.0, 0.0, 0.18233874440193176, 0.05055716633796692, 0.0, 0.0005468177259899676, 0.06825670599937439, 9.56773853302002, 3.114945888519287, 0.6888935565948486, 9.902718544006348, 0.1388879269361496, 0.0, 0.0, 0.03471938148140907, 0.4356737732887268, 0.02104213275015354, 0.0, 0.03051529824733734, 0.07621028274297714, 0.0, 0.0, 0.13568952679634094, 7.5998992919921875, 2.124967575073242, 2.0201549530029297, 2.611476421356201, 0.0, 0.0002308419643668458, 0.04569763317704201, 0.0, 0.11034965515136719, 0.0, 0.0, 0.0, 0.004712783731520176, 6.383095751516521e-06, 0.0, 0.00495015736669302, 0.0, 0.002399275079369545, 6.919634415680775e-06, 0.0, 0.0, 0.0, 0.04268224164843559, 0.0206892266869545, 0.0, 0.04493651166558266, 0.0, 0.0, 0.0, 0.0, 0.0, 0.051183536648750305, 0.0, 0.0010789604857563972, 0.0, 0.0, 0.0, 0.0, 0.0, 0.014989551156759262, 5.7256478612544015e-05, 0.008794223889708519, 0.0, 0.08903300017118454, 0.0, 0.0, 0.0, 0.005409455392509699, 0.0, 0.0, 0.07773233950138092, 0.013133656233549118], [0.0, 0.0, 0.0, 0.0, 0.0, 0.0, 0.0, 0.0, 0.0, 0.0, 0.0, 0.0, 0.5992700457572937, 0.17369920015335083, 0.17957256734371185, 0.35374146699905396, 0.0, 0.0, 0.0, 0.0, 0.0, 0.0, 0.0, 0.0, 5.943107908024103e-07, 0.0, 0.0, 0.0, 0.41598019003868103, 0.2170683741569519, 0.0, 4.0469512939453125, 0.0, 0.0, 0.0, 0.008252449333667755, 0.2401857227087021, 0.019194338470697403, 0.0, 0.07521101832389832, 0.0, 0.0, 0.0, 0.0, 12.929526329040527, 2.3015213012695312, 3.247251033782959, 7.625975131988525, 0.0, 0.0, 0.01085096225142479, 0.0, 0.0, 0.0, 0.0, 0.0, 0.0, 0.0, 0.0, 0.0, 0.0, 0.0, 0.0, 0.0, 0.0, 0.0, 0.0, 0.0, 0.0, 0.0, 0.0, 0.0, 0.0, 0.0, 0.0, 0.0, 0.0, 0.0, 0.0, 8.511027772328816e-06, 0.0, 0.0, 0.0, 0.0, 0.0, 0.0, 0.0, 0.0, 0.0, 0.01691826619207859, 0.0, 0.0, 0.0, 0.001533369766548276, 0.0, 0.0]]
Time 4119.714815616608
