Created graph
[-7.0, -5, -3.0]
[-6.0, -5, -4.0]
[-5.5, -5, -4.5]
[-5.25, -5, -4.75]
[-4.875, -4.75, -4.625]
[-4.9375, -4.875, -4.8125]
5000 3 1
Score: 106.06788
Signatures: [[0.024912560358643532, 0.3595259487628937, 0.0767558291554451, 0.09891162067651749, 0.12588688731193542, 0.0, 0.07067078351974487, 0.17263714969158173, 0.0, 0.0, 0.11390907317399979, 0.033410873264074326, 1.9707962274551392, 0.7056363821029663, 0.2251332402229309, 0.7042284607887268, 0.2136506289243698, 0.21546296775341034, 0.2110617458820343, 0.16607122123241425, 0.32162922620773315, 0.032039400190114975, 0.0, 0.42592307925224304, 0.12366296350955963, 0.06419102102518082, 0.03510099649429321, 0.21309848129749298, 12.24418830871582, 4.319039344787598, 0.9508094787597656, 12.921902656555176, 0.33455705642700195, 0.014120277017354965, 0.0, 0.12810879945755005, 0.6438703536987305, 0.13223576545715332, 0.0, 0.1307050883769989, 0.23197759687900543, 0.0, 0.0, 0.36782383918762207, 10.601129531860352, 3.067505359649658, 2.608306646347046, 3.4458630084991455, 0.0, 0.043549880385398865, 0.09208212047815323, 0.0, 0.18050695955753326, 0.0, 0.00032158117392100394, 0.0, 0.030528420582413673, 0.028923295438289642, 0.01717885583639145, 0.03703382983803749, 1.870438268269936e-06, 0.0338980108499527, 0.01917225308716297, 0.004192734137177467, 0.030991127714514732, 0.037066500633955, 0.15218061208724976, 0.13364478945732117, 0.0, 0.16330933570861816, 0.0048321825452148914, 0.04931800439953804, 0.0, 0.0016407101647928357, 0.0, 0.15594975650310516, 0.02711459994316101, 0.06185169890522957, 0.0, 0.0, 0.0, 0.0032094097696244717, 0.020306019112467766, 0.04991203173995018, 0.017652684822678566, 0.05322110280394554, 0.0, 0.21771883964538574, 0.019647307693958282, 0.0, 0.013575994409620762, 0.04616856202483177, 0.01968064159154892, 0.0, 0.16382822394371033, 0.06477541476488113], [0.0, 0.0, 0.0, 0.0, 0.0, 0.0, 0.0, 0.0, 0.0, 0.0, 0.0, 0.0, 1.3683358430862427, 0.4176008105278015, 0.3005790114402771, 0.5829968452453613, 0.0, 0.0, 0.0, 0.0, 0.0, 0.0, 0.0, 0.0, 0.00014136111713014543, 0.0, 0.0, 0.0, 2.7746684551239014, 0.857891857624054, 0.11405467242002487, 7.83182954788208, 0.00013228996249381453, 0.0, 0.05660990625619888, 0.05590301752090454, 0.5318938493728638, 0.0725908875465393, 0.14981740713119507, 0.2075406312942505, 0.03275066986680031, 0.0, 0.0, 0.0, 18.515884399414062, 3.5677382946014404, 5.147434234619141, 10.847354888916016, 0.0, 0.0, 0.04404383525252342, 0.0, 0.0, 0.0, 0.0, 0.0, 0.0, 0.0, 0.0, 0.0, 0.0, 0.0, 0.0, 0.0, 0.0, 0.0, 0.0, 0.0, 0.0, 0.0, 0.0, 0.0, 0.0, 0.0, 0.0, 0.0, 0.0, 0.0, 0.0, 0.02341916225850582, 0.0, 0.0, 0.0, 0.0, 0.0, 0.0, 0.0, 0.0, 0.0, 0.03752501681447029, 0.0, 0.0, 0.0, 0.015955861657857895, 0.0, 0.0], [1.5376298427581787, 1.517457365989685, 0.5119943618774414, 1.07504403591156, 1.2974157333374023, 1.502087116241455, 0.5211517810821533, 1.2394617795944214, 1.3511855602264404, 1.4446444511413574, 0.3036803901195526, 1.2298249006271362, 1.0691195726394653, 1.7475099563598633, 0.4650529623031616, 1.534200668334961, 0.9782119393348694, 0.78966224193573, 0.5785472393035889, 1.0145260095596313, 0.8234013915061951, 0.9983759522438049, 0.6813772916793823, 1.1883518695831299, 0.5129401087760925, 0.7802493572235107, 0.3805696666240692, 0.8250256180763245, 1.0491615533828735, 1.1469802856445312, 0.5680556297302246, 1.3417540788650513, 1.803951382637024, 1.783884882926941, 7.308444499969482, 1.5730544328689575, 2.008664608001709, 1.7816663980484009, 6.160670757293701, 2.346186876296997, 2.288520097732544, 2.647237539291382, 7.105196475982666, 2.024247646331787, 1.9899758100509644, 3.1005313396453857, 4.509439468383789, 2.3554625511169434, 0.41863033175468445, 0.7801638245582581, 0.5979727506637573, 0.4560420513153076, 0.21234731376171112, 0.8488695025444031, 0.8862181901931763, 0.7180176973342896, 0.2715478241443634, 0.5072532296180725, 0.5315521359443665, 0.3531149923801422, 0.4038598835468292, 0.44639578461647034, 0.33498096466064453, 0.48018380999565125, 0.98760986328125, 0.8794996738433838, 1.3835320472717285, 1.3420313596725464, 0.48937922716140747, 1.0875576734542847, 1.146761417388916, 1.1184748411178589, 1.352905035018921, 0.687167763710022, 1.0733643770217896, 0.8654325604438782, 0.7607486248016357, 0.9352642297744751, 0.723724365234375, 0.6162015795707703, 0.22692015767097473, 0.2270650416612625, 0.4371306896209717, 0.2577173709869385, 0.21854975819587708, 0.37078988552093506, 0.7513946294784546, 0.7499200105667114, 0.21112675964832306, 0.3072081506252289, 0.5246838331222534, 0.31353893876075745, 0.2918681204319, 0.36673763394355774, 0.38425129652023315, 0.5694848299026489]]
Time 4129.099447965622
