Created graph
[-7.0, -5, -3.0]
[-6.0, -5, -4.0]
[-5.5, -5, -4.5]
[-5.25, -5, -4.75]
[-5.125, -5, -4.875]
[-5.0625, -5, -4.9375]
0 4 1
Score: 103.53514
Signatures: [[0.0, 0.0, 0.0, 0.0, 0.0, 0.0, 0.0, 0.0, 0.0, 0.0, 0.0, 0.0, 0.5328307747840881, 0.2883145809173584, 0.19532334804534912, 0.41932860016822815, 0.0, 0.0, 0.0, 0.0, 0.0, 0.0, 0.0, 0.0, 0.002519903937354684, 0.0, 0.0, 0.0, 0.0, 0.041040923446416855, 0.0, 3.0596606731414795, 0.009798922576010227, 0.0, 0.0, 0.06666358560323715, 0.3661382794380188, 0.03353537619113922, 0.0, 0.09907903522253036, 0.02816586010158062, 0.014914003200829029, 0.0, 0.0, 12.353214263916016, 2.6421735286712646, 4.201958656311035, 6.855406761169434, 0.0, 0.0, 0.04083073139190674, 0.0, 0.0, 0.0, 0.0, 0.0, 0.0020366834942251444, 0.0, 0.0, 0.0, 0.0, 0.0, 0.0, 0.0, 0.0, 0.0, 0.0, 0.0, 0.0, 0.0, 0.0, 0.0, 0.0, 0.0, 0.0, 0.0, 0.0, 0.0, 0.0, 0.05520480126142502, 0.0, 0.0, 0.0, 0.0, 0.0, 0.0, 0.0, 0.0, 0.0, 0.029359733685851097, 0.0, 0.0, 0.0, 0.0, 0.0, 0.0], [0.4542284309864044, 0.839694082736969, 0.27821239829063416, 0.36468419432640076, 0.40981388092041016, 0.2926842272281647, 0.30319076776504517, 0.560964822769165, 0.07623729109764099, 0.45876777172088623, 0.14021646976470947, 0.451305091381073, 1.7596368789672852, 0.8013991117477417, 0.11341191828250885, 1.0751711130142212, 0.4451294243335724, 0.12757442891597748, 0.28292521834373474, 0.4178614020347595, 0.3389924466609955, 0.2779628038406372, 0.19189226627349854, 0.53919517993927, 0.1074182465672493, 0.32904863357543945, 0.05249275639653206, 0.4922974705696106, 3.2066855430603027, 1.344155192375183, 0.7192056179046631, 2.7813141345977783, 0.4710060954093933, 0.1502087414264679, 2.8725268840789795, 0.30830883979797363, 1.0725377798080444, 0.6912233829498291, 2.373849391937256, 0.9371265172958374, 0.8378743529319763, 0.280746191740036, 2.4436888694763184, 0.5735868215560913, 2.0888001918792725, 1.310765027999878, 2.444462299346924, 4.651782989501953, 0.1234554722905159, 0.20862215757369995, 0.10086292028427124, 0.0, 0.17585226893424988, 0.2046787291765213, 0.2459784597158432, 0.1965818703174591, 0.08158096671104431, 0.22457927465438843, 0.14175426959991455, 0.17382672429084778, 0.15191547572612762, 0.09226679801940918, 0.199410080909729, 0.04094748571515083, 0.3849095106124878, 0.0, 0.635501503944397, 0.5547242760658264, 0.0, 0.1944238692522049, 0.21944177150726318, 0.31772786378860474, 0.18681445717811584, 0.30757954716682434, 0.07318799942731857, 0.1874409317970276, 0.045648299157619476, 0.4173278510570526, 0.049816325306892395, 0.0, 0.06449682265520096, 0.12066538631916046, 0.17121882736682892, 0.15966388583183289, 0.038157954812049866, 0.11007232218980789, 0.17570027709007263, 0.29172229766845703, 0.06817464530467987, 0.059404414147138596, 0.12771499156951904, 0.16804726421833038, 0.10055077821016312, 0.1502193659543991, 0.16449196636676788, 0.2133222371339798], [1.1587214469909668, 0.9969674944877625, 0.31600525975227356, 0.8135119080543518, 1.0040490627288818, 1.2436085939407349, 0.30383366346359253, 0.8484480381011963, 1.2406342029571533, 1.0488697290420532, 0.21950413286685944, 0.8826718330383301, 0.19199474155902863, 1.2675950527191162, 0.3795822858810425, 0.9318017959594727, 0.7045275568962097, 0.7300626635551453, 0.42578500509262085, 0.7417587041854858, 0.6425563097000122, 0.7788633704185486, 0.5086352825164795, 0.8848463892936707, 0.44993653893470764, 0.542182207107544, 0.347007691860199, 0.527172863483429, 0.2706887125968933, 0.7536088228225708, 0.1837046593427658, 1.293623447418213, 1.486411452293396, 1.6026768684387207, 4.795387268066406, 1.3320304155349731, 1.3740381002426147, 1.2520116567611694, 4.115061283111572, 1.661414384841919, 1.6380712985992432, 2.2963812351226807, 4.7905659675598145, 1.6219923496246338, 1.8851014375686646, 2.413682222366333, 2.892284393310547, 0.0, 0.2980330288410187, 0.6116311550140381, 0.5182979702949524, 0.44902482628822327, 0.12351985275745392, 0.6709856986999512, 0.6742140054702759, 0.5456158518791199, 0.21724247932434082, 0.3374364972114563, 0.41694024205207825, 0.22660112380981445, 0.27476388216018677, 0.37655922770500183, 0.1845870018005371, 0.452157586812973, 0.6682850122451782, 0.8674111366271973, 0.901290774345398, 0.9164018034934998, 0.4737806022167206, 0.9508835673332214, 0.9486156702041626, 0.8616120219230652, 1.1386651992797852, 0.4273470938205719, 0.9435715079307556, 0.7457510828971863, 0.7120771408081055, 0.6023970246315002, 0.6473051905632019, 0.5900362133979797, 0.16591762006282806, 0.13294044137001038, 0.3106944262981415, 0.14347542822360992, 0.1942870169878006, 0.2930005192756653, 0.596782386302948, 0.5752385854721069, 0.16036343574523926, 0.2521607577800751, 0.4209113121032715, 0.1970641314983368, 0.21498122811317444, 0.23841740190982819, 0.29683762788772583, 0.40924638509750366], [0.0, 0.017780521884560585, 0.0, 0.0, 0.0006182808429002762, 0.0, 0.0, 0.002261664718389511, 0.0, 0.0, 0.03724290430545807, 0.0, 1.2807114124298096, 0.32018548250198364, 0.1807532161474228, 0.2307223677635193, 0.020330144092440605, 0.08989252150058746, 0.04914364591240883, 0.004185311496257782, 0.10743962973356247, 0.0, 0.0, 0.11160416901111603, 0.057097818702459335, 0.0, 0.007674874737858772, 0.0, 9.324345588684082, 3.000635862350464, 0.5339928865432739, 10.230453491210938, 0.1278122365474701, 0.013725845143198967, 0.0, 0.03768692538142204, 0.21206724643707275, 0.0, 0.0, 0.0, 0.027757637202739716, 0.0, 0.0, 0.13533343374729156, 8.468368530273438, 1.92416512966156, 1.2932661771774292, 2.721972703933716, 0.0, 0.0, 0.04847399517893791, 0.0, 0.07371319830417633, 0.0, 0.0, 0.0, 0.0, 0.0, 0.0, 0.0, 0.0, 0.00434346217662096, 0.0, 0.0, 0.0, 0.024149656295776367, 0.0, 0.0, 0.0, 0.0616273507475853, 0.0, 0.0, 0.0, 0.0, 0.0, 0.05753418430685997, 0.026152122765779495, 0.0, 0.006868740543723106, 0.0, 0.0, 0.0, 0.0, 0.0, 0.0008398755453526974, 1.4134445336821955e-05, 0.0, 0.04663460701704025, 0.0, 0.0, 0.0, 0.0, 0.0, 0.0, 0.04935123771429062, 0.0]]
Time 5130.077744960785
