Created graph
[-7.0, -5, -3.0]
[-6.0, -5, -4.0]
[-5.5, -5, -4.5]
[-5.25, -5, -4.75]
[-4.875, -4.75, -4.625]
[-4.9375, -4.875, -4.8125]
5000 4 1
Score: 103.890724
Signatures: [[1.2756800651550293, 1.7086519002914429, 0.6239087581634521, 1.1932967901229858, 1.448789119720459, 1.6391112804412842, 0.5664079785346985, 1.058848261833191, 0.7064029574394226, 1.0580089092254639, 0.318593293428421, 1.5927605628967285, 1.2419638633728027, 2.550104856491089, 0.3434180021286011, 1.989165186882019, 1.431929588317871, 1.0636295080184937, 0.9780216217041016, 1.5910109281539917, 1.2671831846237183, 1.2703155279159546, 0.5172343254089355, 1.773341417312622, 0.7343974113464355, 1.1607859134674072, 0.5123838782310486, 1.412759780883789, 1.5728169679641724, 2.653347969055176, 0.6701744794845581, 3.9989163875579834, 1.6112909317016602, 1.1044257879257202, 1.157692551612854, 1.2123205661773682, 1.969769835472107, 1.3149436712265015, 0.2943231463432312, 2.122246026992798, 1.2159936428070068, 0.3759750723838806, 0.06261468678712845, 1.5215375423431396, 3.6773359775543213, 4.510969161987305, 2.0931713581085205, 2.6170692443847656, 0.29868948459625244, 0.5902889370918274, 0.4650886058807373, 0.20803678035736084, 0.2607363760471344, 0.9051541686058044, 0.9583967328071594, 0.9058776497840881, 0.34289002418518066, 0.45825839042663574, 0.5281262993812561, 0.38046425580978394, 0.31321677565574646, 0.2915875017642975, 0.2912767231464386, 0.5500850081443787, 0.5031240582466125, 0.5934816002845764, 0.5289655327796936, 1.0527803897857666, 0.2983477711677551, 0.49500659108161926, 0.9770534634590149, 0.7824826836585999, 0.013601199723780155, 0.5315088033676147, 0.0, 0.846750795841217, 0.1676933318376541, 0.2251092940568924, 0.02944389544427395, 0.34771254658699036, 0.12337996810674667, 0.261942982673645, 0.49309366941452026, 0.282358318567276, 0.15788432955741882, 0.38827282190322876, 0.7305412292480469, 0.7556021213531494, 0.22689445316791534, 0.39810800552368164, 0.5154560804367065, 0.3590264618396759, 0.26399701833724976, 0.28172439336776733, 0.47413092851638794, 0.4523804485797882], [0.9964489340782166, 0.8595646619796753, 0.2541039288043976, 0.5656651258468628, 0.7232859134674072, 0.7675471305847168, 0.29560789465904236, 0.8121896386146545, 1.1124463081359863, 1.0048178434371948, 0.18157099187374115, 0.5244068503379822, 0.6803154349327087, 0.7765350937843323, 0.33469143509864807, 0.8099902868270874, 0.3581700921058655, 0.3732317388057709, 0.1951930820941925, 0.33613353967666626, 0.24319058656692505, 0.3957623243331909, 0.4586179256439209, 0.4658307731151581, 0.207405686378479, 0.27966421842575073, 0.1602393537759781, 0.23754887282848358, 0.7646246552467346, 0.18394307792186737, 0.3278222680091858, 0.0, 1.1682735681533813, 1.3385826349258423, 7.44065523147583, 1.0851109027862549, 1.3020529747009277, 1.2962850332260132, 6.394049644470215, 1.5198478698730469, 1.892785668373108, 2.6579227447509766, 7.567172050476074, 1.4840080738067627, 0.41104820370674133, 1.4507238864898682, 3.814683437347412, 1.305301547050476, 0.2903898060321808, 0.5328282713890076, 0.4273233413696289, 0.38628754019737244, 0.10609260201454163, 0.446914404630661, 0.4617665112018585, 0.31455814838409424, 0.1282321661710739, 0.317995548248291, 0.29208722710609436, 0.19132252037525177, 0.26347166299819946, 0.3410809636116028, 0.21601614356040955, 0.21709445118904114, 0.821565568447113, 0.6542684435844421, 1.2420846223831177, 0.9517444372177124, 0.3795400559902191, 0.9550843238830566, 0.699978768825531, 0.830360472202301, 1.4871855974197388, 0.4581146836280823, 1.2269630432128906, 0.5112273097038269, 0.7405534982681274, 0.8942140936851501, 0.7884701490402222, 0.4899882376194, 0.17967529594898224, 0.1125483512878418, 0.20796455442905426, 0.1508842557668686, 0.16095152497291565, 0.2163453996181488, 0.42961975932121277, 0.4610101580619812, 0.1157011091709137, 0.14819523692131042, 0.31409600377082825, 0.1756027638912201, 0.1815614551305771, 0.23929470777511597, 0.20576392114162445, 0.4006872773170471], [0.0, 0.0, 0.0, 0.0, 0.0, 0.0, 0.0, 0.0, 0.0, 0.0, 0.0, 0.0, 1.336905837059021, 0.3571920096874237, 0.32462725043296814, 0.6019893884658813, 0.0, 0.0, 0.0, 0.0, 0.0, 0.0, 0.0, 0.0, 0.00026585120940580964, 0.0, 0.0, 0.0, 2.7983555793762207, 0.8676378726959229, 0.06591271609067917, 7.736169815063477, 0.010331491939723492, 0.0, 0.27243202924728394, 0.04483358934521675, 0.4614589214324951, 0.056517329066991806, 0.5841447710990906, 0.08544789254665375, 0.04715173318982124, 0.04428013786673546, 0.010955145582556725, 0.0, 19.484333038330078, 3.8200368881225586, 5.922980308532715, 10.649428367614746, 0.0, 0.0, 0.05724164471030235, 0.0, 0.0, 0.0, 0.0, 0.0, 0.0, 0.0, 0.0, 0.0, 0.0, 0.0, 0.0, 0.0, 0.0, 0.0, 0.0, 0.0, 0.0, 0.0, 0.0, 0.0, 0.0, 0.0, 0.0, 0.0, 0.0, 0.0, 0.0, 0.0142896119505167, 0.0, 0.0, 0.0, 0.0, 0.0, 0.0, 0.0, 0.0, 0.0, 0.0, 0.0, 0.0, 0.0, 0.0012723321560770273, 0.0, 0.0], [0.0, 0.08932078629732132, 0.0, 0.0, 0.0, 0.0, 0.0, 0.035092033445835114, 0.0, 0.0, 0.06251487880945206, 0.0, 1.8159393072128296, 0.28332769870758057, 0.15744049847126007, 0.2851305902004242, 0.0, 0.035255663096904755, 0.032300855964422226, 0.0, 0.10086504369974136, 0.0, 0.0, 0.10096560418605804, 0.0, 0.0, 0.0, 0.0, 12.707670211791992, 3.9310073852539062, 0.9421597123146057, 12.65755558013916, 0.09959407150745392, 0.0, 0.13931401073932648, 0.0, 0.4173262119293213, 0.0, 0.0, 0.0, 0.11613593995571136, 0.0, 0.2734162211418152, 0.20496460795402527, 8.451066970825195, 1.8820419311523438, 1.6123543977737427, 3.121828079223633, 0.0, 0.0, 0.015997473150491714, 0.0, 0.14915651082992554, 0.0, 0.0, 0.0, 0.0, 0.0, 0.0, 0.0, 0.0, 0.0, 0.0, 0.0, 0.0, 0.0, 0.14858762919902802, 0.0, 0.0, 0.12719061970710754, 0.0, 0.0, 0.0, 0.0, 0.0, 0.03598188981413841, 0.039356015622615814, 0.09480758756399155, 0.02460797131061554, 0.0, 0.0, 0.0, 0.0, 0.0041869450360536575, 0.0020855022594332695, 0.0, 0.0, 0.11060349643230438, 0.0, 0.0, 0.0, 0.0, 0.0, 0.0, 0.08385917544364929, 0.007047195918858051]]
Time 4142.734920978546
