Created graph
[-7.0, -5, -3.0]
[-6.0, -5, -4.0]
[-5.5, -5, -4.5]
[-5.25, -5, -4.75]
[-4.875, -4.75, -4.625]
[-4.9375, -4.875, -4.8125]
1000 3 1
Score: 107.42362
Signatures: [[1.346059799194336, 1.3234436511993408, 0.44917529821395874, 0.9379575848579407, 1.128569483757019, 1.305263876914978, 0.44724053144454956, 1.0857677459716797, 1.1803947687149048, 1.267375111579895, 0.26114848256111145, 1.0675715208053589, 0.9407956600189209, 1.5033966302871704, 0.3947206437587738, 1.3230706453323364, 0.8473875522613525, 0.6873252391815186, 0.5105793476104736, 0.8847842216491699, 0.7233595848083496, 0.871221661567688, 0.5839829444885254, 1.0317775011062622, 0.4432225227355957, 0.6824503540992737, 0.3334258198738098, 0.7187111973762512, 1.1017179489135742, 1.0405559539794922, 0.49437031149864197, 1.2709035873413086, 1.5738484859466553, 1.5466893911361694, 6.328814506530762, 1.370134949684143, 1.7310022115707397, 1.53453528881073, 5.255496025085449, 2.011467218399048, 1.968904733657837, 2.2972609996795654, 6.128870964050293, 1.7482692003250122, 1.586982011795044, 2.6456425189971924, 3.806032657623291, 1.9056283235549927, 0.36516445875167847, 0.6824536919593811, 0.5127594470977783, 0.39234188199043274, 0.18890030682086945, 0.7331163287162781, 0.7634633779525757, 0.6267678141593933, 0.23443220555782318, 0.4403352439403534, 0.4611450433731079, 0.305867075920105, 0.3510669469833374, 0.39128392934799194, 0.28786370158195496, 0.4200783967971802, 0.8581579923629761, 0.7694090604782104, 1.1923915147781372, 1.1572016477584839, 0.4229535162448883, 0.9519953727722168, 0.9960636496543884, 0.980807363986969, 1.1808602809906006, 0.5984532833099365, 0.9301343560218811, 0.7535822987556458, 0.6714504361152649, 0.812991201877594, 0.6299803853034973, 0.5265524983406067, 0.19345419108867645, 0.19816619157791138, 0.3829520046710968, 0.2222488522529602, 0.1920463591814041, 0.32360202074050903, 0.649940550327301, 0.6599348187446594, 0.18393154442310333, 0.2613774836063385, 0.4570258557796478, 0.27310848236083984, 0.25729864835739136, 0.3134705722332001, 0.33520978689193726, 0.4934588372707367], [0.0010515524772927165, 0.23525062203407288, 0.04358785226941109, 0.0555993877351284, 0.08233415335416794, 0.0, 0.05610952526330948, 0.1225723847746849, 0.0, 0.0, 0.08242359757423401, 0.023236438632011414, 1.7074445486068726, 0.5560446977615356, 0.1680227667093277, 0.4614754915237427, 0.15137818455696106, 0.14659428596496582, 0.13904507458209991, 0.11001258343458176, 0.2240329384803772, 0.0034370599314570427, 0.0, 0.29948318004608154, 0.0813412144780159, 0.03230328485369682, 0.020244352519512177, 0.13980498909950256, 10.743891716003418, 3.502239227294922, 0.7837276458740234, 11.148479461669922, 0.23907731473445892, 0.0007600871031172574, 0.0, 0.06592249125242233, 0.45654529333114624, 0.052175894379615784, 0.0, 0.05251967906951904, 0.1733257919549942, 0.0, 0.0, 0.2714941203594208, 8.381540298461914, 2.3433785438537598, 2.0490615367889404, 3.0213136672973633, 0.0, 0.025769643485546112, 0.04607907310128212, 0.0, 0.12890715897083282, 0.0, 0.0, 0.0, 0.02161204256117344, 0.021295642480254173, 0.01064151618629694, 0.022579895332455635, 0.0, 0.019915450364351273, 0.015216650441288948, 0.0, 0.014418955892324448, 0.01465440634638071, 0.10469429939985275, 0.09362278133630753, 0.0, 0.10734157264232635, 0.0, 0.014841972850263119, 0.0, 0.0, 0.0, 0.11023689806461334, 0.0126770855858922, 0.041748564690351486, 0.0, 0.0, 0.0, 0.0, 0.006454869639128447, 0.033190540969371796, 0.009839613921940327, 0.030106201767921448, 0.0, 0.13881438970565796, 0.010278739966452122, 0.0, 0.002206261968240142, 0.026979055255651474, 0.01094206515699625, 0.0, 0.11293818801641464, 0.03923214226961136], [0.0, 0.0, 0.0, 0.0, 0.0, 0.0, 0.0, 0.0, 0.0, 0.0, 0.0, 0.0, 0.7942535281181335, 0.29812145233154297, 0.25246259570121765, 0.5207563638687134, 0.0, 0.0, 0.0, 0.0, 0.0, 0.0, 0.0, 0.0, 0.010805202648043633, 0.0, 0.0, 0.0, 0.22262224555015564, 0.2439415007829666, 0.0, 4.303847312927246, 0.0010210440959781408, 0.0, 0.12236732989549637, 0.07475517690181732, 0.4468279182910919, 0.11158351600170135, 0.20323552191257477, 0.24024206399917603, 0.04068046808242798, 0.00011122424621134996, 0.0, 0.0, 14.429222106933594, 2.803008794784546, 4.143998622894287, 8.393284797668457, 0.0, 0.0, 0.058527007699012756, 0.0, 0.0, 0.0, 0.0, 0.0, 0.0, 0.0, 0.0, 0.0, 0.0, 0.0, 0.0, 0.0, 0.0, 0.0, 0.0, 0.0, 0.0, 0.0, 0.0, 0.0, 0.0, 0.0, 0.0, 0.0, 0.0, 0.0, 0.0, 0.02982395328581333, 0.0, 0.0, 0.0, 0.0, 0.0, 0.0, 0.0, 0.0, 0.0, 0.03651149198412895, 0.0, 0.0, 0.0, 0.02077639475464821, 0.0, 0.0]]
Time 4118.839869022369
